data/AilsaCraig_270_1_25m_vel_500m.asc
ncols	257
nrows	257
xllcorner	3364200.000000
yllcorner	3669375.000000
cellsize	25.000000
NODATA_value	-1.000000
[rows 152 to 189 of 257, columns 84 to 167 of 257]
1.24 1.24 1.24 1.24 1.23 1.23 1.23 1.22 1.22 1.21 1.21 1.21 1.20 1.20 1.19 1.19 1.19 1.19 1.19 1.19 1.19 1.19 1.19 1.19 1.19 1.21 1.22 1.24 1.26 1.29 1.33 1.37 1.42 1.49 1.70 1.88 1.84 1.95 2.23 2.32 2.02 1.87 1.85 1.61 1.35 1.21 1.17 1.19 1.21 1.22 1.24 1.26 1.27 1.29 1.31 1.33 1.33 1.32 1.29 1.27 1.26 1.24 1.22 1.22 1.21 1.21 1.21 1.22 1.22 1.21 1.22 1.23 1.23 1.23 1.22 1.21 1.22 1.23 1.23 1.23 1.23 1.23 1.24 1.24
1.24 1.24 1.24 1.24 1.24 1.23 1.23 1.23 1.22 1.22 1.22 1.21 1.21 1.20 1.20 1.20 1.20 1.20 1.20 1.20 1.20 1.21 1.21 1.21 1.22 1.23 1.24 1.26 1.29 1.31 1.35 1.38 1.44 1.49 1.65 1.72 1.69 1.84 2.06 2.15 2.02 1.92 1.85 1.61 1.35 1.24 1.24 1.25 1.25 1.25 1.26 1.28 1.28 1.29 1.32 1.32 1.31 1.30 1.29 1.27 1.26 1.26 1.24 1.22 1.22 1.23 1.23 1.23 1.23 1.22 1.22 1.23 1.23 1.23 1.22 1.22 1.22 1.23 1.23 1.23 1.23 1.24 1.24 1.24
1.24 1.24 1.24 1.24 1.24 1.24 1.24 1.23 1.23 1.23 1.22 1.22 1.22 1.21 1.21 1.21 1.21 1.21 1.21 1.21 1.22 1.22 1.23 1.23 1.24 1.25 1.26 1.28 1.30 1.33 1.36 1.39 1.44 1.49 1.57 1.59 1.65 1.75 1.81 1.93 1.94 1.89 1.82 1.60 1.37 1.29 1.29 1.28 1.28 1.28 1.29 1.30 1.30 1.30 1.31 1.31 1.30 1.29 1.29 1.28 1.27 1.26 1.25 1.23 1.23 1.23 1.24 1.23 1.24 1.24 1.23 1.23 1.24 1.24 1.23 1.23 1.23 1.24 1.23 1.23 1.23 1.24 1.25 1.24
1.25 1.24 1.24 1.24 1.24 1.24 1.24 1.24 1.23 1.23 1.23 1.23 1.22 1.22 1.22 1.22 1.22 1.22 1.22 1.22 1.23 1.23 1.24 1.25 1.25 1.26 1.28 1.29 1.31 1.33 1.36 1.40 1.43 1.48 1.52 1.56 1.62 1.65 1.69 1.76 1.78 1.79 1.73 1.58 1.43 1.34 1.32 1.31 1.30 1.31 1.31 1.31 1.30 1.31 1.31 1.30 1.29 1.29 1.29 1.28 1.27 1.27 1.26 1.24 1.23 1.24 1.25 1.24 1.24 1.24 1.24 1.23 1.24 1.24 1.23 1.23 1.23 1.24 1.24 1.24 1.24 1.25 1.25 1.24
1.25 1.25 1.25 1.25 1.24 1.24 1.24 1.24 1.24 1.24 1.23 1.23 1.23 1.23 1.23 1.22 1.23 1.23 1.23 1.23 1.24 1.24 1.25 1.26 1.27 1.28 1.29 1.30 1.32 1.34 1.36 1.39 1.43 1.46 1.49 1.53 1.56 1.58 1.62 1.64 1.65 1.66 1.62 1.53 1.45 1.38 1.35 1.33 1.32 1.32 1.32 1.31 1.31 1.31 1.31 1.30 1.29 1.29 1.29 1.28 1.28 1.27 1.26 1.24 1.24 1.25 1.25 1.25 1.25 1.25 1.24 1.24 1.25 1.25 1.24 1.24 1.24 1.24 1.24 1.24 1.25 1.25 1.25 1.25
1.25 1.25 1.25 1.25 1.25 1.25 1.25 1.24 1.24 1.24 1.24 1.24 1.24 1.23 1.23 1.23 1.23 1.23 1.24 1.24 1.24 1.25 1.26 1.27 1.28 1.29 1.30 1.31 1.33 1.34 1.36 1.39 1.41 1.44 1.47 1.49 1.52 1.54 1.56 1.56 1.57 1.56 1.53 1.49 1.44 1.40 1.37 1.35 1.34 1.33 1.33 1.32 1.31 1.31 1.31 1.31 1.29 1.28 1.29 1.29 1.28 1.27 1.26 1.25 1.24 1.25 1.26 1.25 1.25 1.25 1.25 1.24 1.25 1.25 1.24 1.24 1.24 1.24 1.25 1.25 1.25 1.25 1.25 1.25
1.25 1.25 1.25 1.25 1.25 1.25 1.25 1.25 1.25 1.25 1.24 1.24 1.24 1.24 1.24 1.24 1.24 1.24 1.24 1.25 1.25 1.26 1.26 1.27 1.28 1.29 1.30 1.32 1.33 1.35 1.36 1.38 1.40 1.42 1.45 1.47 1.48 1.50 1.51 1.51 1.51 1.50 1.48 1.45 1.42 1.40 1.38 1.36 1.34 1.34 1.33 1.33 1.31 1.31 1.31 1.31 1.29 1.28 1.29 1.30 1.28 1.27 1.26 1.25 1.25 1.26 1.26 1.26 1.25 1.26 1.25 1.25 1.25 1.25 1.25 1.24 1.25 1.25 1.25 1.25 1.25 1.25 1.25 1.25
1.25 1.25 1.25 1.25 1.25 1.25 1.25 1.25 1.25 1.25 1.25 1.25 1.25 1.25 1.25 1.25 1.25 1.25 1.25 1.25 1.26 1.26 1.27 1.28 1.29 1.30 1.31 1.32 1.33 1.35 1.36 1.38 1.39 1.41 1.42 1.44 1.45 1.46 1.47 1.47 1.47 1.46 1.45 1.43 1.41 1.39 1.38 1.36 1.34 1.34 1.34 1.33 1.31 1.31 1.31 1.31 1.30 1.28 1.29 1.30 1.29 1.27 1.26 1.25 1.26 1.27 1.27 1.26 1.26 1.26 1.25 1.25 1.25 1.26 1.25 1.25 1.25 1.25 1.25 1.25 1.25 1.25 1.25 1.25
1.25 1.25 1.25 1.25 1.25 1.25 1.25 1.25 1.25 1.25 1.25 1.25 1.25 1.25 1.25 1.25 1.25 1.25 1.26 1.26 1.26 1.27 1.27 1.28 1.29 1.30 1.31 1.32 1.33 1.34 1.36 1.37 1.38 1.40 1.41 1.42 1.43 1.44 1.44 1.44 1.44 1.43 1.42 1.41 1.40 1.39 1.37 1.36 1.35 1.34 1.34 1.33 1.31 1.31 1.32 1.31 1.30 1.29 1.29 1.30 1.29 1.27 1.26 1.26 1.26 1.27 1.27 1.26 1.26 1.26 1.26 1.26 1.26 1.26 1.25 1.25 1.26 1.26 1.25 1.25 1.25 1.25 1.25 1.25
1.26 1.26 1.26 1.26 1.26 1.26 1.26 1.26 1.26 1.26 1.26 1.26 1.26 1.26 1.26 1.26 1.26 1.26 1.26 1.26 1.27 1.27 1.28 1.29 1.29 1.30 1.31 1.32 1.33 1.34 1.35 1.36 1.37 1.38 1.39 1.40 1.41 1.42 1.42 1.42 1.42 1.41 1.41 1.40 1.39 1.38 1.36 1.35 1.35 1.34 1.33 1.33 1.32 1.31 1.32 1.31 1.30 1.29 1.30 1.30 1.29 1.27 1.26 1.27 1.27 1.27 1.27 1.26 1.26 1.26 1.26 1.26 1.26 1.26 1.26 1.26 1.26 1.26 1.25 1.26 1.26 1.26 1.25 1.25
1.26 1.26 1.26 1.26 1.26 1.26 1.26 1.26 1.26 1.26 1.26 1.26 1.26 1.26 1.26 1.26 1.26 1.26 1.26 1.27 1.27 1.28 1.28 1.29 1.29 1.30 1.31 1.32 1.33 1.34 1.35 1.36 1.37 1.37 1.38 1.39 1.40 1.40 1.40 1.40 1.40 1.40 1.39 1.38 1.38 1.37 1.36 1.35 1.34 1.34 1.33 1.32 1.32 1.32 1.32 1.31 1.30 1.30 1.30 1.29 1.28 1.27 1.27 1.27 1.28 1.27 1.27 1.27 1.27 1.27 1.26 1.26 1.26 1.26 1.26 1.26 1.26 1.26 1.26 1.26 1.26 1.26 1.26 1.26
1.26 1.26 1.26 1.26 1.26 1.26 1.26 1.26 1.26 1.26 1.26 1.26 1.26 1.26 1.26 1.26 1.27 1.27 1.27 1.27 1.28 1.28 1.28 1.29 1.30 1.30 1.31 1.32 1.33 1.33 1.34 1.35 1.36 1.37 1.37 1.38 1.38 1.39 1.39 1.39 1.39 1.38 1.38 1.37 1.37 1.36 1.35 1.35 1.34 1.34 1.33 1.32 1.32 1.32 1.31 1.31 1.30 1.30 1.30 1.29 1.28 1.27 1.27 1.28 1.28 1.27 1.27 1.27 1.27 1.27 1.27 1.26 1.26 1.26 1.26 1.26 1.26 1.26 1.26 1.26 1.26 1.26 1.26 1.26
1.26 1.26 1.26 1.26 1.26 1.26 1.26 1.26 1.26 1.26 1.26 1.26 1.27 1.27 1.27 1.27 1.27 1.27 1.27 1.28 1.28 1.28 1.29 1.29 1.30 1.30 1.31 1.32 1.32 1.33 1.34 1.35 1.35 1.36 1.36 1.37 1.37 1.37 1.38 1.38 1.37 1.37 1.37 1.36 1.36 1.35 1.35 1.34 1.34 1.33 1.33 1.32 1.32 1.32 1.31 1.30 1.30 1.30 1.29 1.29 1.28 1.28 1.28 1.28 1.28 1.27 1.27 1.28 1.27 1.27 1.27 1.27 1.27 1.27 1.26 1.26 1.26 1.26 1.26 1.26 1.26 1.26 1.26 1.26
1.26 1.26 1.26 1.26 1.26 1.26 1.26 1.26 1.26 1.26 1.27 1.27 1.27 1.27 1.27 1.27 1.27 1.27 1.28 1.28 1.28 1.28 1.29 1.29 1.30 1.30 1.31 1.31 1.32 1.33 1.33 1.34 1.35 1.35 1.36 1.36 1.36 1.36 1.37 1.37 1.36 1.36 1.36 1.36 1.35 1.35 1.34 1.34 1.33 1.33 1.33 1.32 1.32 1.31 1.31 1.30 1.30 1.30 1.29 1.29 1.28 1.28 1.28 1.28 1.28 1.28 1.28 1.28 1.27 1.27 1.27 1.27 1.27 1.27 1.27 1.26 1.26 1.26 1.26 1.26 1.26 1.26 1.26 1.26
1.26 1.26 1.26 1.26 1.26 1.26 1.26 1.27 1.27 1.27 1.27 1.27 1.27 1.27 1.27 1.27 1.27 1.28 1.28 1.28 1.28 1.29 1.29 1.29 1.30 1.30 1.31 1.31 1.32 1.32 1.33 1.33 1.34 1.34 1.35 1.35 1.35 1.36 1.36 1.36 1.36 1.36 1.35 1.35 1.35 1.34 1.34 1.34 1.33 1.33 1.32 1.32 1.31 1.31 1.31 1.30 1.30 1.30 1.29 1.29 1.29 1.28 1.28 1.28 1.28 1.28 1.28 1.28 1.27 1.27 1.27 1.27 1.27 1.27 1.27 1.27 1.26 1.26 1.26 1.26 1.26 1.26 1.26 1.26
1.26 1.26 1.26 1.26 1.26 1.27 1.27 1.27 1.27 1.27 1.27 1.27 1.27 1.27 1.27 1.28 1.28 1.28 1.28 1.28 1.29 1.29 1.29 1.29 1.30 1.30 1.31 1.31 1.32 1.32 1.33 1.33 1.33 1.34 1.34 1.35 1.35 1.35 1.35 1.35 1.35 1.35 1.35 1.34 1.34 1.34 1.33 1.33 1.33 1.32 1.32 1.32 1.31 1.31 1.30 1.30 1.30 1.29 1.29 1.29 1.29 1.29 1.29 1.28 1.28 1.28 1.28 1.28 1.28 1.27 1.27 1.27 1.27 1.27 1.27 1.27 1.27 1.26 1.26 1.26 1.26 1.26 1.26 1.26
1.26 1.26 1.26 1.26 1.27 1.27 1.27 1.27 1.27 1.27 1.27 1.27 1.27 1.27 1.28 1.28 1.28 1.28 1.28 1.28 1.29 1.29 1.29 1.30 1.30 1.30 1.31 1.31 1.31 1.32 1.32 1.33 1.33 1.33 1.34 1.34 1.34 1.34 1.34 1.34 1.34 1.34 1.34 1.34 1.34 1.33 1.33 1.33 1.32 1.32 1.32 1.31 1.31 1.31 1.30 1.30 1.30 1.29 1.29 1.29 1.29 1.29 1.29 1.29 1.28 1.28 1.28 1.28 1.28 1.28 1.27 1.27 1.27 1.27 1.27 1.27 1.27 1.27 1.26 1.26 1.26 1.26 1.26 1.26
1.26 1.26 1.27 1.27 1.27 1.27 1.27 1.27 1.27 1.27 1.27 1.27 1.27 1.27 1.28 1.28 1.28 1.28 1.28 1.29 1.29 1.29 1.29 1.29 1.30 1.30 1.30 1.31 1.31 1.32 1.32 1.32 1.33 1.33 1.33 1.33 1.34 1.34 1.34 1.34 1.34 1.34 1.34 1.33 1.33 1.33 1.33 1.32 1.32 1.32 1.31 1.31 1.31 1.31 1.30 1.30 1.30 1.30 1.29 1.29 1.29 1.29 1.29 1.29 1.28 1.28 1.28 1.28 1.28 1.28 1.27 1.27 1.27 1.27 1.27 1.27 1.27 1.27 1.27 1.27 1.26 1.26 1.26 1.26
1.27 1.27 1.27 1.27 1.27 1.27 1.27 1.27 1.27 1.27 1.27 1.27 1.28 1.28 1.28 1.28 1.28 1.28 1.28 1.29 1.29 1.29 1.29 1.30 1.30 1.30 1.30 1.31 1.31 1.31 1.32 1.32 1.32 1.32 1.33 1.33 1.33 1.33 1.33 1.33 1.33 1.33 1.33 1.33 1.33 1.33 1.32 1.32 1.32 1.32 1.31 1.31 1.31 1.30 1.30 1.30 1.30 1.30 1.29 1.29 1.29 1.29 1.29 1.29 1.29 1.28 1.28 1.28 1.28 1.28 1.28 1.27 1.27 1.27 1.27 1.27 1.27 1.27 1.27 1.27 1.27 1.26 1.26 1.26
1.27 1.27 1.27 1.27 1.27 1.27 1.27 1.27 1.27 1.27 1.27 1.28 1.28 1.28 1.28 1.28 1.28 1.28 1.28 1.29 1.29 1.29 1.29 1.30 1.30 1.30 1.30 1.31 1.31 1.31 1.31 1.32 1.32 1.32 1.32 1.32 1.33 1.33 1.33 1.33 1.33 1.33 1.33 1.33 1.32 1.32 1.32 1.32 1.32 1.31 1.31 1.31 1.31 1.30 1.30 1.30 1.30 1.30 1.29 1.29 1.29 1.29 1.29 1.29 1.29 1.28 1.28 1.28 1.28 1.28 1.28 1.27 1.27 1.27 1.27 1.27 1.27 1.27 1.27 1.27 1.27 1.27 1.26 1.26
1.27 1.27 1.27 1.27 1.27 1.27 1.27 1.27 1.27 1.27 1.27 1.28 1.28 1.28 1.28 1.28 1.28 1.28 1.29 1.29 1.29 1.29 1.29 1.29 1.30 1.30 1.30 1.30 1.31 1.31 1.31 1.31 1.32 1.32 1.32 1.32 1.32 1.32 1.32 1.32 1.32 1.32 1.32 1.32 1.32 1.32 1.32 1.32 1.31 1.31 1.31 1.31 1.30 1.30 1.30 1.30 1.30 1.30 1.29 1.29 1.29 1.29 1.29 1.29 1.29 1.28 1.28 1.28 1.28 1.28 1.28 1.28 1.27 1.27 1.27 1.27 1.27 1.27 1.27 1.27 1.27 1.27 1.27 1.27
1.27 1.27 1.27 1.27 1.27 1.27 1.27 1.27 1.27 1.27 1.28 1.28 1.28 1.28 1.28 1.28 1.28 1.28 1.29 1.29 1.29 1.29 1.29 1.30 1.30 1.30 1.30 1.30 1.31 1.31 1.31 1.31 1.31 1.31 1.32 1.32 1.32 1.32 1.32 1.32 1.32 1.32 1.32 1.32 1.32 1.32 1.31 1.31 1.31 1.31 1.31 1.31 1.30 1.30 1.30 1.30 1.30 1.30 1.29 1.29 1.29 1.29 1.29 1.29 1.29 1.28 1.28 1.28 1.28 1.28 1.28 1.28 1.27 1.27 1.27 1.27 1.27 1.27 1.27 1.27 1.27 1.27 1.27 1.27
1.27 1.27 1.27 1.27 1.27 1.27 1.27 1.27 1.27 1.27 1.28 1.28 1.28 1.28 1.28 1.28 1.28 1.28 1.29 1.29 1.29 1.29 1.29 1.29 1.30 1.30 1.30 1.30 1.30 1.31 1.31 1.31 1.31 1.31 1.31 1.31 1.32 1.32 1.32 1.32 1.32 1.32 1.32 1.32 1.31 1.31 1.31 1.31 1.31 1.31 1.31 1.30 1.30 1.30 1.30 1.30 1.30 1.30 1.29 1.29 1.29 1.29 1.29 1.29 1.29 1.28 1.28 1.28 1.28 1.28 1.28 1.28 1.27 1.27 1.27 1.27 1.27 1.27 1.27 1.27 1.27 1.27 1.27 1.27
1.27 1.27 1.27 1.27 1.27 1.27 1.27 1.27 1.27 1.28 1.28 1.28 1.28 1.28 1.28 1.28 1.28 1.28 1.29 1.29 1.29 1.29 1.29 1.29 1.30 1.30 1.30 1.30 1.30 1.30 1.31 1.31 1.31 1.31 1.31 1.31 1.31 1.31 1.31 1.31 1.31 1.31 1.31 1.31 1.31 1.31 1.31 1.31 1.31 1.31 1.30 1.30 1.30 1.30 1.30 1.30 1.30 1.29 1.29 1.29 1.29 1.29 1.29 1.29 1.29 1.28 1.28 1.28 1.28 1.28 1.28 1.28 1.28 1.27 1.27 1.27 1.27 1.27 1.27 1.27 1.27 1.27 1.27 1.27
1.27 1.27 1.27 1.27 1.27 1.27 1.27 1.27 1.28 1.28 1.28 1.28 1.28 1.28 1.28 1.28 1.28 1.28 1.29 1.29 1.29 1.29 1.29 1.29 1.30 1.30 1.30 1.30 1.30 1.30 1.30 1.31 1.31 1.31 1.31 1.31 1.31 1.31 1.31 1.31 1.31 1.31 1.31 1.31 1.31 1.31 1.31 1.31 1.31 1.30 1.30 1.30 1.30 1.30 1.30 1.30 1.30 1.29 1.29 1.29 1.29 1.29 1.29 1.29 1.29 1.28 1.28 1.28 1.28 1.28 1.28 1.28 1.28 1.27 1.27 1.27 1.27 1.27 1.27 1.27 1.27 1.27 1.27 1.27
1.27 1.27 1.27 1.27 1.27 1.27 1.27 1.27 1.28 1.28 1.28 1.28 1.28 1.28 1.28 1.28 1.28 1.28 1.29 1.29 1.29 1.29 1.29 1.29 1.29 1.30 1.30 1.30 1.30 1.30 1.30 1.30 1.30 1.31 1.31 1.31 1.31 1.31 1.31 1.31 1.31 1.31 1.31 1.31 1.31 1.31 1.31 1.31 1.30 1.30 1.30 1.30 1.30 1.30 1.30 1.30 1.30 1.29 1.29 1.29 1.29 1.29 1.29 1.29 1.28 1.28 1.28 1.28 1.28 1.28 1.28 1.28 1.28 1.27 1.27 1.27 1.27 1.27 1.27 1.27 1.27 1.27 1.27 1.27
1.27 1.27 1.27 1.27 1.27 1.27 1.27 1.28 1.28 1.28 1.28 1.28 1.28 1.28 1.28 1.28 1.28 1.29 1.29 1.29 1.29 1.29 1.29 1.29 1.29 1.30 1.30 1.30 1.30 1.30 1.30 1.30 1.30 1.30 1.30 1.31 1.31 1.31 1.31 1.31 1.31 1.31 1.31 1.31 1.31 1.31 1.30 1.30 1.30 1.30 1.30 1.30 1.30 1.30 1.30 1.30 1.29 1.29 1.29 1.29 1.29 1.29 1.29 1.29 1.28 1.28 1.28 1.28 1.28 1.28 1.28 1.28 1.28 1.28 1.27 1.27 1.27 1.27 1.27 1.27 1.27 1.27 1.27 1.27
1.27 1.27 1.27 1.27 1.27 1.27 1.28 1.28 1.28 1.28 1.28 1.28 1.28 1.28 1.28 1.28 1.28 1.28 1.29 1.29 1.29 1.29 1.29 1.29 1.29 1.29 1.30 1.30 1.30 1.30 1.30 1.30 1.30 1.30 1.30 1.30 1.30 1.30 1.30 1.31 1.31 1.30 1.30 1.30 1.30 1.30 1.30 1.30 1.30 1.30 1.30 1.30 1.30 1.30 1.30 1.29 1.29 1.29 1.29 1.29 1.29 1.29 1.29 1.29 1.28 1.28 1.28 1.28 1.28 1.28 1.28 1.28 1.28 1.28 1.27 1.27 1.27 1.27 1.27 1.27 1.27 1.27 1.27 1.27
1.27 1.27 1.27 1.27 1.27 1.28 1.28 1.28 1.28 1.28 1.28 1.28 1.28 1.28 1.28 1.28 1.28 1.28 1.29 1.29 1.29 1.29 1.29 1.29 1.29 1.29 1.29 1.30 1.30 1.30 1.30 1.30 1.30 1.30 1.30 1.30 1.30 1.30 1.30 1.30 1.30 1.30 1.30 1.30 1.30 1.30 1.30 1.30 1.30 1.30 1.30 1.30 1.30 1.30 1.29 1.29 1.29 1.29 1.29 1.29 1.29 1.29 1.29 1.29 1.28 1.28 1.28 1.28 1.28 1.28 1.28 1.28 1.28 1.28 1.28 1.27 1.27 1.27 1.27 1.27 1.27 1.27 1.27 1.27
1.27 1.27 1.27 1.27 1.28 1.28 1.28 1.28 1.28 1.28 1.28 1.28 1.28 1.28 1.28 1.28 1.28 1.28 1.29 1.29 1.29 1.29 1.29 1.29 1.29 1.29 1.29 1.29 1.30 1.30 1.30 1.30 1.30 1.30 1.30 1.30 1.30 1.30 1.30 1.30 1.30 1.30 1.30 1.30 1.30 1.30 1.30 1.30 1.30 1.30 1.30 1.30 1.30 1.30 1.29 1.29 1.29 1.29 1.29 1.29 1.29 1.29 1.29 1.28 1.28 1.28 1.28 1.28 1.28 1.28 1.28 1.28 1.28 1.28 1.28 1.27 1.27 1.27 1.27 1.27 1.27 1.27 1.27 1.27
1.27 1.27 1.27 1.28 1.28 1.28 1.28 1.28 1.28 1.28 1.28 1.28 1.28 1.28 1.28 1.28 1.28 1.28 1.29 1.29 1.29 1.29 1.29 1.29 1.29 1.29 1.29 1.29 1.29 1.30 1.30 1.30 1.30 1.30 1.30 1.30 1.30 1.30 1.30 1.30 1.30 1.30 1.30 1.30 1.30 1.30 1.30 1.30 1.30 1.30 1.30 1.30 1.29 1.29 1.29 1.29 1.29 1.29 1.29 1.29 1.29 1.29 1.29 1.28 1.28 1.28 1.28 1.28 1.28 1.28 1.28 1.28 1.28 1.28 1.28 1.28 1.27 1.27 1.27 1.27 1.27 1.27 1.27 1.27
1.27 1.27 1.28 1.28 1.28 1.28 1.28 1.28 1.28 1.28 1.28 1.28 1.28 1.28 1.28 1.28 1.28 1.28 1.29 1.29 1.29 1.29 1.29 1.29 1.29 1.29 1.29 1.29 1.29 1.29 1.30 1.30 1.30 1.30 1.30 1.30 1.30 1.30 1.30 1.30 1.30 1.30 1.30 1.30 1.30 1.30 1.30 1.30 1.30 1.30 1.30 1.29 1.29 1.29 1.29 1.29 1.29 1.29 1.29 1.29 1.29 1.29 1.29 1.28 1.28 1.28 1.28 1.28 1.28 1.28 1.28 1.28 1.28 1.28 1.28 1.28 1.27 1.27 1.27 1.27 1.27 1.27 1.27 1.27
1.28 1.28 1.28 1.28 1.28 1.28 1.28 1.28 1.28 1.28 1.28 1.28 1.28 1.28 1.28 1.28 1.28 1.28 1.28 1.29 1.29 1.29 1.29 1.29 1.29 1.29 1.29 1.29 1.29 1.29 1.29 1.29 1.30 1.30 1.30 1.30 1.30 1.30 1.30 1.30 1.30 1.30 1.30 1.30 1.30 1.30 1.30 1.30 1.30 1.29 1.29 1.29 1.29 1.29 1.29 1.29 1.29 1.29 1.29 1.29 1.29 1.29 1.28 1.28 1.28 1.28 1.28 1.28 1.28 1.28 1.28 1.28 1.28 1.28 1.28 1.28 1.28 1.27 1.27 1.27 1.27 1.27 1.27 1.27
1.28 1.28 1.28 1.28 1.28 1.28 1.28 1.28 1.28 1.28 1.28 1.28 1.28 1.28 1.28 1.28 1.28 1.28 1.28 1.29 1.29 1.29 1.29 1.29 1.29 1.29 1.29 1.29 1.29 1.29 1.29 1.29 1.29 1.29 1.30 1.30 1.30 1.30 1.30 1.30 1.30 1.30 1.30 1.30 1.30 1.30 1.30 1.29 1.29 1.29 1.29 1.29 1.29 1.29 1.29 1.29 1.29 1.29 1.29 1.29 1.29 1.29 1.28 1.28 1.28 1.28 1.28 1.28 1.28 1.28 1.28 1.28 1.28 1.28 1.28 1.28 1.28 1.28 1.27 1.27 1.27 1.27 1.27 1.27
1.28 1.28 1.28 1.28 1.28 1.28 1.28 1.28 1.28 1.28 1.28 1.28 1.28 1.28 1.28 1.28 1.28 1.28 1.28 1.29 1.29 1.29 1.29 1.29 1.29 1.29 1.29 1.29 1.29 1.29 1.29 1.29 1.29 1.29 1.29 1.29 1.29 1.30 1.30 1.30 1.30 1.30 1.30 1.30 1.29 1.29 1.29 1.29 1.29 1.29 1.29 1.29 1.29 1.29 1.29 1.29 1.29 1.29 1.29 1.29 1.29 1.29 1.28 1.28 1.28 1.28 1.28 1.28 1.28 1.28 1.28 1.28 1.28 1.28 1.28 1.28 1.28 1.28 1.28 1.27 1.27 1.27 1.27 1.27
1.28 1.28 1.28 1.28 1.28 1.28 1.28 1.28 1.28 1.28 1.28 1.28 1.28 1.28 1.28 1.28 1.28 1.28 1.28 1.28 1.29 1.29 1.29 1.29 1.29 1.29 1.29 1.29 1.29 1.29 1.29 1.29 1.29 1.29 1.29 1.29 1.29 1.29 1.29 1.29 1.29 1.29 1.29 1.29 1.29 1.29 1.29 1.29 1.29 1.29 1.29 1.29 1.29 1.29 1.29 1.29 1.29 1.29 1.29 1.29 1.29 1.28 1.28 1.28 1.28 1.28 1.28 1.28 1.28 1.28 1.28 1.28 1.28 1.28 1.28 1.28 1.28 1.28 1.28 1.28 1.28 1.27 1.27 1.27
1.28 1.28 1.28 1.28 1.28 1.28 1.28 1.28 1.28 1.28 1.28 1.28 1.28 1.28 1.28 1.28 1.28 1.28 1.28 1.28 1.29 1.29 1.29 1.29 1.29 1.29 1.29 1.29 1.29 1.29 1.29 1.29 1.29 1.29 1.29 1.29 1.29 1.29 1.29 1.29 1.29 1.29 1.29 1.29 1.29 1.29 1.29 1.29 1.29 1.29 1.29 1.29 1.29 1.29 1.29 1.29 1.29 1.29 1.29 1.29 1.29 1.28 1.28 1.28 1.28 1.28 1.28 1.28 1.28 1.28 1.28 1.28 1.28 1.28 1.28 1.28 1.28 1.28 1.28 1.28 1.28 1.28 1.28 1.27
1.28 1.28 1.28 1.28 1.28 1.28 1.28 1.28 1.28 1.28 1.28 1.28 1.28 1.28 1.28 1.28 1.28 1.28 1.28 1.28 1.28 1.29 1.29 1.29 1.29 1.29 1.29 1.29 1.29 1.29 1.29 1.29 1.29 1.29 1.29 1.29 1.29 1.29 1.29 1.29 1.29 1.29 1.29 1.29 1.29 1.29 1.29 1.29 1.29 1.29 1.29 1.29 1.29 1.29 1.29 1.29 1.29 1.29 1.29 1.29 1.28 1.28 1.28 1.28 1.28 1.28 1.28 1.28 1.28 1.28 1.28 1.28 1.28 1.28 1.28 1.28 1.28 1.28 1.28 1.28 1.28 1.28 1.28 1.28
