data/AilsaCraig_270_1_25m_vel_mm.asc
ncols	257
nrows	257
xllcorner	3364200.000000
yllcorner	3669375.000000
cellsize	25.000000
NODATA_value	-9999.000000
[rows 0 to 37 of 257, columns 0 to 83 of 257]
0.91 0.91 0.91 0.91 0.91 0.91 0.91 0.91 0.91 0.91 0.91 0.91 0.91 0.91 0.91 0.91 0.91 0.91 0.91 0.91 0.91 0.91 0.91 0.91 0.91 0.91 0.91 0.91 0.90 0.90 0.90 0.90 0.90 0.91 0.91 0.91 0.91 0.91 0.91 0.92 0.92 0.92 0.93 0.94 0.95 0.97 0.99 1.00 1.02 1.03 1.04 1.05 1.06 1.06 1.06 1.06 1.06 1.05 1.04 1.03 1.02 1.01 0.99 0.98 0.96 0.94 0.92 0.90 0.89 0.86 0.84 0.82 0.81 0.79 0.77 0.75 0.74 0.72 0.70 0.67 0.65 0.63 0.61 0.59
0.91 0.91 0.91 0.91 0.91 0.91 0.91 0.91 0.91 0.91 0.91 0.91 0.91 0.91 0.91 0.91 0.91 0.91 0.91 0.91 0.91 0.91 0.91 0.91 0.91 0.91 0.91 0.91 0.90 0.90 0.90 0.90 0.90 0.91 0.91 0.91 0.91 0.91 0.91 0.92 0.92 0.92 0.93 0.94 0.95 0.97 0.99 1.00 1.02 1.03 1.04 1.05 1.06 1.06 1.06 1.06 1.06 1.05 1.04 1.03 1.02 1.01 0.99 0.98 0.96 0.94 0.92 0.90 0.89 0.86 0.84 0.82 0.81 0.79 0.77 0.75 0.74 0.72 0.70 0.67 0.65 0.63 0.61 0.59
0.91 0.91 0.91 0.91 0.91 0.91 0.91 0.91 0.91 0.91 0.91 0.91 0.91 0.91 0.91 0.91 0.91 0.91 0.91 0.91 0.91 0.91 0.91 0.91 0.91 0.91 0.91 0.91 0.90 0.90 0.90 0.90 0.90 0.91 0.91 0.91 0.91 0.91 0.91 0.92 0.92 0.92 0.93 0.94 0.95 0.97 0.99 1.00 1.02 1.03 1.04 1.05 1.06 1.06 1.06 1.06 1.06 1.05 1.04 1.03 1.02 1.01 0.99 0.98 0.96 0.94 0.92 0.90 0.89 0.86 0.84 0.82 0.81 0.79 0.77 0.75 0.74 0.72 0.70 0.67 0.65 0.63 0.61 0.59
0.91 0.91 0.91 0.91 0.91 0.91 0.91 0.91 0.91 0.91 0.91 0.91 0.91 0.91 0.91 0.91 0.91 0.91 0.91 0.91 0.91 0.91 0.90 0.90 0.90 0.90 0.90 0.90 0.90 0.90 0.90 0.90 0.90 0.90 0.90 0.90 0.90 0.90 0.90 0.91 0.91 0.91 0.92 0.93 0.95 0.96 0.98 1.00 1.01 1.03 1.04 1.05 1.06 1.06 1.06 1.06 1.06 1.05 1.04 1.03 1.02 1.01 0.99 0.98 0.96 0.94 0.92 0.91 0.89 0.87 0.85 0.83 0.82 0.80 0.79 0.77 0.75 0.73 0.71 0.69 0.66 0.64 0.62 0.60
0.91 0.91 0.91 0.91 0.91 0.91 0.91 0.91 0.91 0.91 0.91 0.91 0.91 0.91 0.91 0.91 0.91 0.91 0.91 0.91 0.90 0.90 0.90 0.90 0.90 0.90 0.90 0.90 0.90 0.90 0.90 0.89 0.89 0.89 0.89 0.89 0.89 0.89 0.89 0.90 0.90 0.90 0.91 0.92 0.93 0.94 0.96 0.98 1.00 1.01 1.03 1.04 1.05 1.06 1.06 1.06 1.06 1.06 1.05 1.04 1.03 1.02 1.01 0.99 0.98 0.96 0.95 0.93 0.91 0.90 0.88 0.86 0.85 0.83 0.82 0.80 0.79 0.77 0.75 0.73 0.70 0.68 0.67 0.65
0.91 0.91 0.91 0.91 0.91 0.91 0.91 0.91 0.91 0.91 0.91 0.91 0.91 0.91 0.91 0.91 0.91 0.91 0.91 0.90 0.90 0.90 0.90 0.90 0.90 0.90 0.90 0.90 0.89 0.89 0.89 0.89 0.89 0.89 0.89 0.89 0.89 0.89 0.89 0.89 0.89 0.89 0.90 0.91 0.92 0.93 0.95 0.97 0.99 1.01 1.02 1.04 1.05 1.06 1.06 1.07 1.07 1.07 1.06 1.06 1.05 1.04 1.03 1.02 1.00 0.99 0.97 0.96 0.94 0.93 0.91 0.90 0.88 0.87 0.85 0.84 0.82 0.80 0.78 0.77 0.75 0.73 0.71 0.70
0.91 0.91 0.91 0.91 0.91 0.91 0.91 0.91 0.91 0.91 0.91 0.91 0.91 0.91 0.91 0.91 0.91 0.91 0.90 0.90 0.90 0.90 0.90 0.90 0.90 0.89 0.89 0.89 0.89 0.89 0.89 0.89 0.88 0.88 0.88 0.88 0.88 0.88 0.88 0.88 0.89 0.89 0.90 0.90 0.91 0.93 0.95 0.96 0.98 1.00 1.02 1.04 1.05 1.06 1.07 1.07 1.08 1.08 1.08 1.07 1.07 1.06 1.05 1.04 1.02 1.01 1.00 0.98 0.97 0.95 0.94 0.93 0.91 0.90 0.89 0.87 0.86 0.84 0.82 0.81 0.79 0.78 0.76 0.75
0.91 0.91 0.91 0.91 0.91 0.91 0.91 0.91 0.91 0.91 0.91 0.91 0.91 0.91 0.91 0.91 0.90 0.90 0.90 0.90 0.90 0.90 0.90 0.90 0.89 0.89 0.89 0.89 0.89 0.89 0.88 0.88 0.88 0.88 0.88 0.88 0.88 0.88 0.88 0.88 0.88 0.89 0.89 0.90 0.91 0.92 0.94 0.96 0.98 1.00 1.02 1.04 1.05 1.06 1.07 1.08 1.09 1.09 1.09 1.09 1.08 1.08 1.07 1.06 1.05 1.03 1.02 1.01 0.99 0.98 0.97 0.95 0.94 0.93 0.92 0.90 0.89 0.88 0.86 0.85 0.83 0.82 0.81 0.79
0.91 0.91 0.91 0.91 0.91 0.91 0.91 0.91 0.91 0.91 0.91 0.91 0.91 0.91 0.91 0.91 0.90 0.90 0.90 0.90 0.90 0.90 0.90 0.89 0.89 0.89 0.89 0.89 0.89 0.88 0.88 0.88 0.88 0.88 0.88 0.88 0.87 0.88 0.88 0.88 0.88 0.88 0.89 0.89 0.90 0.92 0.94 0.96 0.98 1.00 1.02 1.04 1.05 1.07 1.08 1.09 1.10 1.10 1.10 1.10 1.10 1.09 1.09 1.08 1.07 1.06 1.05 1.03 1.02 1.00 0.99 0.98 0.97 0.96 0.94 0.93 0.92 0.91 0.90 0.88 0.87 0.86 0.85 0.84
0.91 0.91 0.91 0.91 0.91 0.91 0.91 0.91 0.91 0.91 0.91 0.91 0.91 0.91 0.91 0.91 0.90 0.90 0.90 0.90 0.90 0.90 0.89 0.89 0.89 0.89 0.89 0.89 0.88 0.88 0.88 0.88 0.88 0.87 0.87 0.87 0.87 0.87 0.87 0.87 0.87 0.88 0.88 0.89 0.90 0.91 0.93 0.95 0.97 0.99 1.01 1.03 1.05 1.07 1.08 1.09 1.10 1.11 1.11 1.11 1.11 1.11 1.10 1.10 1.09 1.08 1.07 1.06 1.04 1.03 1.02 1.00 0.99 0.98 0.97 0.96 0.95 0.94 0.93 0.92 0.90 0.89 0.88 0.88
0.91 0.91 0.91 0.91 0.91 0.91 0.91 0.91 0.91 0.91 0.91 0.91 0.91 0.91 0.91 0.90 0.90 0.90 0.90 0.90 0.90 0.90 0.89 0.89 0.89 0.89 0.88 0.88 0.88 0.88 0.88 0.87 0.87 0.87 0.87 0.87 0.87 0.87 0.87 0.87 0.87 0.87 0.88 0.89 0.90 0.91 0.93 0.94 0.97 0.99 1.01 1.03 1.05 1.07 1.09 1.10 1.11 1.12 1.12 1.12 1.12 1.12 1.12 1.11 1.11 1.10 1.09 1.08 1.06 1.05 1.04 1.03 1.02 1.00 0.99 0.98 0.97 0.96 0.95 0.94 0.93 0.92 0.92 0.91
0.91 0.91 0.91 0.91 0.91 0.91 0.91 0.91 0.91 0.91 0.91 0.91 0.91 0.91 0.90 0.90 0.90 0.90 0.90 0.90 0.90 0.89 0.89 0.89 0.89 0.89 0.88 0.88 0.88 0.88 0.87 0.87 0.87 0.87 0.87 0.87 0.87 0.87 0.87 0.87 0.87 0.87 0.88 0.88 0.89 0.90 0.92 0.94 0.96 0.98 1.00 1.03 1.05 1.07 1.09 1.10 1.11 1.12 1.13 1.13 1.13 1.13 1.13 1.13 1.12 1.11 1.10 1.09 1.08 1.07 1.06 1.05 1.04 1.03 1.02 1.01 1.00 0.99 0.98 0.97 0.96 0.95 0.94 0.94
0.91 0.91 0.91 0.91 0.91 0.91 0.91 0.91 0.91 0.91 0.91 0.91 0.91 0.91 0.90 0.90 0.90 0.90 0.90 0.90 0.90 0.89 0.89 0.89 0.89 0.88 0.88 0.88 0.88 0.88 0.87 0.87 0.87 0.87 0.87 0.86 0.86 0.86 0.86 0.86 0.87 0.87 0.87 0.88 0.89 0.90 0.91 0.93 0.95 0.97 1.00 1.02 1.04 1.06 1.08 1.10 1.11 1.12 1.13 1.14 1.14 1.14 1.14 1.14 1.13 1.13 1.12 1.11 1.10 1.09 1.07 1.06 1.05 1.04 1.03 1.02 1.01 1.01 1.00 0.99 0.98 0.97 0.96 0.96
0.91 0.91 0.91 0.91 0.91 0.91 0.91 0.91 0.91 0.91 0.91 0.91 0.91 0.91 0.90 0.90 0.90 0.90 0.90 0.90 0.89 0.89 0.89 0.89 0.89 0.88 0.88 0.88 0.88 0.87 0.87 0.87 0.87 0.87 0.86 0.86 0.86 0.86 0.86 0.86 0.86 0.87 0.87 0.87 0.88 0.88 0.89 0.91 0.93 0.95 0.97 1.00 1.02 1.05 1.07 1.09 1.11 1.12 1.13 1.14 1.14 1.15 1.15 1.15 1.14 1.14 1.13 1.12 1.11 1.10 1.09 1.08 1.07 1.06 1.05 1.04 1.03 1.02 1.02 1.01 1.00 0.99 0.98 0.98
0.91 0.91 0.91 0.91 0.91 0.91 0.91 0.91 0.91 0.91 0.91 0.91 0.91 0.91 0.90 0.90 0.90 0.90 0.90 0.90 0.89 0.89 0.89 0.89 0.89 0.88 0.88 0.88 0.88 0.87 0.87 0.87 0.87 0.87 0.87 0.86 0.86 0.86 0.86 0.87 0.87 0.87 0.87 0.88 0.88 0.89 0.90 0.91 0.92 0.94 0.96 0.99 1.01 1.04 1.06 1.08 1.10 1.11 1.13 1.14 1.14 1.15 1.15 1.15 1.15 1.15 1.14 1.13 1.12 1.11 1.10 1.09 1.08 1.07 1.07 1.06 1.05 1.04 1.03 1.02 1.01 1.01 1.00 0.99
0.91 0.91 0.91 0.91 0.91 0.91 0.91 0.91 0.91 0.91 0.91 0.91 0.91 0.91 0.90 0.90 0.90 0.90 0.90 0.90 0.89 0.89 0.89 0.89 0.89 0.88 0.88 0.88 0.88 0.87 0.87 0.87 0.87 0.87 0.87 0.87 0.86 0.87 0.87 0.87 0.87 0.87 0.88 0.88 0.89 0.89 0.90 0.91 0.92 0.94 0.96 0.98 1.00 1.03 1.05 1.07 1.09 1.11 1.12 1.13 1.14 1.15 1.15 1.15 1.15 1.15 1.14 1.14 1.13 1.12 1.11 1.10 1.09 1.08 1.08 1.07 1.06 1.05 1.04 1.04 1.03 1.02 1.01 1.01
0.91 0.91 0.91 0.91 0.91 0.91 0.91 0.91 0.91 0.91 0.91 0.91 0.91 0.91 0.90 0.90 0.90 0.90 0.90 0.90 0.89 0.89 0.89 0.89 0.89 0.88 0.88 0.88 0.88 0.87 0.87 0.87 0.87 0.87 0.87 0.87 0.87 0.87 0.87 0.87 0.87 0.87 0.88 0.88 0.89 0.90 0.91 0.92 0.93 0.94 0.96 0.98 1.00 1.02 1.04 1.06 1.08 1.10 1.11 1.13 1.14 1.14 1.15 1.15 1.15 1.15 1.15 1.14 1.13 1.13 1.12 1.11 1.10 1.09 1.08 1.08 1.07 1.06 1.05 1.04 1.04 1.03 1.02 1.02
0.91 0.91 0.91 0.91 0.91 0.91 0.91 0.91 0.91 0.91 0.91 0.91 0.91 0.91 0.90 0.90 0.90 0.90 0.90 0.90 0.89 0.89 0.89 0.89 0.89 0.88 0.88 0.88 0.88 0.88 0.87 0.87 0.87 0.87 0.87 0.87 0.87 0.87 0.87 0.87 0.87 0.88 0.88 0.88 0.89 0.90 0.90 0.91 0.92 0.93 0.95 0.96 0.98 1.00 1.02 1.04 1.06 1.08 1.10 1.11 1.12 1.13 1.14 1.14 1.15 1.15 1.14 1.14 1.13 1.13 1.12 1.11 1.11 1.10 1.09 1.08 1.08 1.07 1.06 1.05 1.05 1.04 1.03 1.03
0.91 0.91 0.91 0.91 0.91 0.91 0.91 0.91 0.91 0.91 0.91 0.91 0.91 0.91 0.90 0.90 0.90 0.90 0.90 0.90 0.89 0.89 0.89 0.89 0.89 0.88 0.88 0.88 0.88 0.88 0.87 0.87 0.87 0.87 0.87 0.87 0.87 0.87 0.87 0.87 0.88 0.88 0.88 0.89 0.89 0.90 0.91 0.91 0.92 0.93 0.94 0.96 0.97 0.99 1.01 1.02 1.04 1.06 1.08 1.09 1.11 1.12 1.12 1.13 1.14 1.14 1.14 1.14 1.13 1.13 1.12 1.11 1.11 1.10 1.09 1.09 1.08 1.07 1.06 1.06 1.05 1.05 1.04 1.03
0.91 0.91 0.91 0.91 0.91 0.91 0.91 0.91 0.91 0.91 0.91 0.91 0.91 0.91 0.90 0.90 0.90 0.90 0.90 0.90 0.89 0.89 0.89 0.89 0.89 0.88 0.88 0.88 0.88 0.88 0.88 0.87 0.87 0.87 0.87 0.87 0.87 0.87 0.88 0.88 0.88 0.88 0.89 0.89 0.90 0.90 0.91 0.92 0.93 0.94 0.95 0.96 0.97 0.98 1.00 1.01 1.03 1.04 1.06 1.07 1.09 1.10 1.11 1.12 1.12 1.12 1.13 1.12 1.12 1.12 1.11 1.11 1.10 1.10 1.09 1.08 1.08 1.07 1.06 1.06 1.05 1.05 1.04 1.04
0.91 0.91 0.91 0.91 0.91 0.91 0.91 0.91 0.91 0.91 0.91 0.91 0.91 0.91 0.90 0.90 0.90 0.90 0.90 0.90 0.89 0.89 0.89 0.89 0.89 0.88 0.88 0.88 0.88 0.88 0.88 0.88 0.88 0.87 0.87 0.87 0.88 0.88 0.88 0.88 0.88 0.89 0.89 0.90 0.90 0.91 0.92 0.92 0.93 0.94 0.95 0.96 0.97 0.98 0.99 1.01 1.02 1.03 1.05 1.06 1.07 1.08 1.09 1.10 1.11 1.11 1.11 1.11 1.11 1.11 1.10 1.10 1.09 1.09 1.08 1.08 1.07 1.07 1.06 1.05 1.05 1.04 1.04 1.03
0.91 0.91 0.91 0.91 0.91 0.91 0.91 0.91 0.91 0.91 0.91 0.91 0.91 0.91 0.90 0.90 0.90 0.90 0.90 0.90 0.89 0.89 0.89 0.89 0.89 0.89 0.88 0.88 0.88 0.88 0.88 0.88 0.88 0.88 0.88 0.88 0.88 0.88 0.88 0.88 0.89 0.89 0.89 0.90 0.90 0.91 0.92 0.92 0.93 0.94 0.95 0.96 0.97 0.98 0.99 1.00 1.01 1.02 1.03 1.04 1.05 1.06 1.06 1.07 1.08 1.08 1.09 1.09 1.09 1.09 1.09 1.08 1.08 1.08 1.07 1.07 1.06 1.06 1.05 1.05 1.04 1.04 1.04 1.03
0.91 0.91 0.91 0.91 0.91 0.91 0.91 0.91 0.91 0.91 0.91 0.91 0.91 0.91 0.90 0.90 0.90 0.90 0.90 0.90 0.89 0.89 0.89 0.89 0.89 0.89 0.88 0.88 0.88 0.88 0.88 0.88 0.88 0.88 0.88 0.88 0.88 0.88 0.88 0.88 0.89 0.89 0.89 0.90 0.90 0.91 0.92 0.92 0.93 0.94 0.95 0.95 0.96 0.97 0.98 0.99 0.99 1.00 1.01 1.01 1.02 1.03 1.03 1.04 1.05 1.05 1.05 1.06 1.06 1.06 1.06 1.06 1.06 1.06 1.06 1.05 1.05 1.05 1.04 1.04 1.04 1.03 1.03 1.02
0.91 0.91 0.91 0.91 0.91 0.91 0.91 0.91 0.91 0.91 0.91 0.91 0.91 0.91 0.90 0.90 0.90 0.90 0.90 0.90 0.90 0.89 0.89 0.89 0.89 0.89 0.89 0.88 0.88 0.88 0.88 0.88 0.88 0.88 0.88 0.88 0.88 0.88 0.89 0.89 0.89 0.89 0.90 0.90 0.91 0.91 0.92 0.93 0.93 0.94 0.95 0.95 0.96 0.97 0.98 0.98 0.99 0.99 1.00 1.00 1.00 1.01 1.01 1.01 1.02 1.02 1.02 1.03 1.03 1.03 1.03 1.04 1.04 1.03 1.03 1.03 1.03 1.03 1.03 1.02 1.02 1.02 1.01 1.01
0.91 0.91 0.91 0.91 0.91 0.91 0.91 0.91 0.91 0.91 0.91 0.91 0.91 0.91 0.90 0.90 0.90 0.90 0.90 0.90 0.90 0.89 0.89 0.89 0.89 0.89 0.89 0.89 0.89 0.88 0.88 0.88 0.88 0.88 0.88 0.88 0.89 0.89 0.89 0.89 0.89 0.90 0.90 0.91 0.91 0.92 0.92 0.93 0.94 0.94 0.95 0.96 0.96 0.97 0.98 0.98 0.99 0.99 1.00 1.00 1.00 1.00 1.00 1.00 1.00 1.01 1.01 1.01 1.01 1.01 1.01 1.01 1.01 1.01 1.01 1.01 1.01 1.01 1.01 1.01 1.00 1.00 1.00 1.00
0.91 0.91 0.91 0.91 0.91 0.91 0.91 0.91 0.91 0.91 0.91 0.91 0.91 0.91 0.90 0.90 0.90 0.90 0.90 0.90 0.90 0.90 0.89 0.89 0.89 0.89 0.89 0.89 0.89 0.89 0.88 0.88 0.88 0.88 0.89 0.89 0.89 0.89 0.89 0.89 0.90 0.90 0.90 0.91 0.91 0.92 0.92 0.93 0.94 0.94 0.95 0.96 0.96 0.97 0.98 0.98 0.98 0.99 0.99 0.99 0.99 0.99 0.98 0.98 0.98 0.98 0.98 0.98 0.98 0.98 0.98 0.98 0.98 0.98 0.98 0.98 0.98 0.98 0.98 0.98 0.98 0.98 0.98 0.98
0.91 0.91 0.91 0.91 0.91 0.91 0.91 0.91 0.91 0.91 0.91 0.91 0.91 0.91 0.90 0.90 0.90 0.90 0.90 0.90 0.90 0.90 0.89 0.89 0.89 0.89 0.89 0.89 0.89 0.89 0.89 0.89 0.89 0.89 0.89 0.89 0.89 0.89 0.89 0.90 0.90 0.90 0.90 0.91 0.91 0.92 0.92 0.93 0.94 0.94 0.95 0.95 0.96 0.97 0.97 0.97 0.98 0.98 0.98 0.98 0.97 0.97 0.97 0.97 0.97 0.96 0.96 0.96 0.96 0.96 0.96 0.96 0.96 0.96 0.96 0.96 0.96 0.96 0.96 0.96 0.96 0.96 0.95 0.95
0.91 0.91 0.91 0.91 0.91 0.91 0.91 0.91 0.91 0.91 0.91 0.91 0.91 0.91 0.91 0.90 0.90 0.90 0.90 0.90 0.90 0.90 0.90 0.89 0.89 0.89 0.89 0.89 0.89 0.89 0.89 0.89 0.89 0.89 0.89 0.89 0.89 0.89 0.90 0.90 0.90 0.90 0.91 0.91 0.92 0.92 0.93 0.93 0.94 0.94 0.95 0.95 0.96 0.96 0.97 0.97 0.97 0.98 0.98 0.97 0.97 0.97 0.97 0.97 0.97 0.96 0.96 0.96 0.96 0.95 0.95 0.95 0.95 0.94 0.94 0.94 0.94 0.93 0.93 0.93 0.93 0.93 0.93 0.93
0.91 0.91 0.91 0.91 0.91 0.91 0.91 0.91 0.91 0.91 0.91 0.91 0.91 0.91 0.91 0.90 0.90 0.90 0.90 0.90 0.90 0.90 0.90 0.89 0.89 0.89 0.89 0.89 0.89 0.89 0.89 0.89 0.89 0.89 0.89 0.89 0.89 0.90 0.90 0.90 0.90 0.91 0.91 0.91 0.92 0.92 0.93 0.93 0.94 0.94 0.95 0.95 0.96 0.97 0.97 0.97 0.98 0.98 0.98 0.98 0.98 0.97 0.97 0.97 0.97 0.96 0.96 0.96 0.95 0.95 0.95 0.94 0.94 0.94 0.93 0.93 0.93 0.92 0.92 0.92 0.92 0.91 0.91 0.91
0.91 0.91 0.91 0.91 0.91 0.91 0.91 0.91 0.91 0.91 0.91 0.91 0.91 0.91 0.91 0.90 0.90 0.90 0.90 0.90 0.90 0.90 0.90 0.90 0.89 0.89 0.89 0.89 0.89 0.89 0.89 0.89 0.89 0.89 0.89 0.89 0.90 0.90 0.90 0.90 0.90 0.91 0.91 0.91 0.92 0.92 0.93 0.93 0.94 0.94 0.95 0.95 0.96 0.96 0.97 0.97 0.97 0.97 0.97 0.97 0.97 0.97 0.96 0.96 0.96 0.96 0.95 0.95 0.95 0.94 0.94 0.94 0.93 0.93 0.93 0.92 0.92 0.92 0.91 0.91 0.91 0.90 0.90 0.90
0.91 0.91 0.91 0.91 0.91 0.91 0.91 0.91 0.91 0.91 0.91 0.91 0.91 0.91 0.91 0.91 0.90 0.90 0.90 0.90 0.90 0.90 0.90 0.90 0.90 0.89 0.89 0.89 0.89 0.89 0.89 0.89 0.89 0.89 0.89 0.90 0.90 0.90 0.90 0.90 0.91 0.91 0.91 0.91 0.92 0.92 0.93 0.93 0.94 0.94 0.95 0.95 0.95 0.96 0.96 0.96 0.96 0.96 0.96 0.96 0.96 0.96 0.96 0.95 0.95 0.95 0.95 0.94 0.94 0.94 0.93 0.93 0.93 0.92 0.92 0.92 0.91 0.91 0.91 0.90 0.90 0.90 0.89 0.89
0.91 0.91 0.91 0.91 0.91 0.91 0.91 0.91 0.91 0.91 0.91 0.91 0.91 0.91 0.91 0.91 0.90 0.90 0.90 0.90 0.90 0.90 0.90 0.90 0.90 0.90 0.90 0.89 0.89 0.89 0.89 0.89 0.89 0.90 0.90 0.90 0.90 0.90 0.90 0.90 0.91 0.91 0.91 0.92 0.92 0.92 0.93 0.93 0.94 0.94 0.95 0.95 0.95 0.96 0.96 0.96 0.96 0.96 0.96 0.96 0.96 0.96 0.96 0.96 0.95 0.95 0.95 0.95 0.94 0.94 0.94 0.94 0.93 0.93 0.92 0.92 0.92 0.91 0.91 0.90 0.90 0.89 0.89 0.89
0.91 0.91 0.91 0.91 0.91 0.91 0.91 0.91 0.91 0.91 0.91 0.91 0.91 0.91 0.91 0.91 0.90 0.90 0.90 0.90 0.90 0.90 0.90 0.90 0.90 0.90 0.90 0.90 0.90 0.90 0.90 0.90 0.90 0.90 0.90 0.90 0.90 0.90 0.90 0.91 0.91 0.91 0.91 0.92 0.92 0.92 0.93 0.93 0.94 0.94 0.95 0.95 0.95 0.96 0.96 0.96 0.96 0.96 0.96 0.96 0.96 0.96 0.96 0.96 0.96 0.95 0.95 0.95 0.95 0.94 0.94 0.93 0.93 0.93 0.92 0.92 0.91 0.91 0.90 0.90 0.90 0.89 0.89 0.89
0.91 0.91 0.91 0.91 0.91 0.91 0.91 0.91 0.91 0.91 0.91 0.91 0.91 0.91 0.91 0.91 0.91 0.90 0.90 0.90 0.90 0.90 0.90 0.90 0.90 0.90 0.90 0.90 0.90 0.90 0.90 0.90 0.90 0.90 0.90 0.90 0.90 0.90 0.90 0.91 0.91 0.91 0.91 0.92 0.92 0.92 0.93 0.93 0.94 0.94 0.94 0.95 0.95 0.95 0.95 0.96 0.96 0.96 0.96 0.96 0.96 0.95 0.95 0.95 0.95 0.95 0.95 0.94 0.94 0.94 0.93 0.93 0.93 0.92 0.92 0.92 0.91 0.91 0.91 0.90 0.90 0.90 0.89 0.89
0.91 0.91 0.91 0.91 0.91 0.91 0.91 0.91 0.91 0.91 0.91 0.91 0.91 0.91 0.91 0.91 0.91 0.90 0.90 0.90 0.90 0.90 0.90 0.90 0.90 0.90 0.90 0.90 0.90 0.90 0.90 0.90 0.90 0.90 0.90 0.90 0.90 0.90 0.91 0.91 0.91 0.91 0.91 0.92 0.92 0.92 0.93 0.93 0.93 0.94 0.94 0.94 0.95 0.95 0.95 0.95 0.95 0.95 0.95 0.95 0.95 0.95 0.95 0.95 0.94 0.94 0.94 0.94 0.94 0.93 0.93 0.93 0.93 0.92 0.92 0.92 0.91 0.91 0.91 0.90 0.90 0.90 0.89 0.89
0.91 0.91 0.91 0.91 0.91 0.91 0.91 0.91 0.91 0.91 0.91 0.91 0.91 0.91 0.91 0.91 0.91 0.91 0.90 0.90 0.90 0.90 0.90 0.90 0.90 0.90 0.90 0.90 0.90 0.90 0.90 0.90 0.90 0.90 0.90 0.90 0.90 0.90 0.91 0.91 0.91 0.91 0.92 0.92 0.92 0.92 0.93 0.93 0.93 0.94 0.94 0.94 0.94 0.94 0.95 0.95 0.95 0.95 0.95 0.95 0.95 0.95 0.95 0.95 0.95 0.94 0.94 0.94 0.94 0.94 0.93 0.93 0.93 0.93 0.92 0.92 0.92 0.91 0.91 0.90 0.90 0.90 0.89 0.89
0.91 0.91 0.91 0.91 0.91 0.91 0.91 0.91 0.91 0.91 0.91 0.91 0.91 0.91 0.91 0.91 0.91 0.91 0.90 0.90 0.90 0.90 0.90 0.90 0.90 0.90 0.90 0.90 0.90 0.90 0.90 0.90 0.90 0.90 0.90 0.90 0.90 0.91 0.91 0.91 0.91 0.91 0.92 0.92 0.92 0.92 0.93 0.93 0.93 0.94 0.94 0.94 0.94 0.95 0.95 0.95 0.95 0.95 0.95 0.95 0.95 0.95 0.95 0.95 0.95 0.94 0.94 0.94 0.94 0.94 0.93 0.93 0.93 0.92 0.92 0.92 0.91 0.91 0.91 0.90 0.90 0.90 0.89 0.89
0.91 0.91 0.91 0.91 0.91 0.91 0.91 0.91 0.91 0.91 0.91 0.91 0.91 0.91 0.91 0.91 0.91 0.91 0.90 0.90 0.90 0.90 0.90 0.90 0.90 0.90 0.90 0.90 0.90 0.90 0.90 0.90 0.90 0.90 0.90 0.90 0.90 0.91 0.91 0.91 0.91 0.91 0.92 0.92 0.92 0.92 0.93 0.93 0.93 0.93 0.94 0.94 0.94 0.94 0.94 0.94 0.94 0.94 0.94 0.94 0.94 0.94 0.94 0.94 0.94 0.94 0.94 0.93 0.93 0.93 0.93 0.93 0.92 0.92 0.92 0.92 0.91 0.91 0.91 0.90 0.90 0.90 0.90 0.89
