data/AilsaCraig_270_1_25m_vel_2m.asc
ncols	257
nrows	257
xllcorner	3364200.000000
yllcorner	3669375.000000
cellsize	25.000000
NODATA_value	-1.000000
[rows 76 to 113 of 257, columns 84 to 167 of 257]
2.71 2.71 2.71 2.71 2.71 2.71 2.71 2.71 2.71 2.70 2.71 2.71 2.70 2.71 2.70 2.71 2.71 2.70 2.71 2.71 2.70 2.71 2.71 2.70 2.71 2.71 2.71 2.71 2.71 2.71 2.71 2.71 2.71 2.71 2.71 2.71 2.71 2.71 2.71 2.71 2.71 2.71 2.71 2.71 2.71 2.71 2.71 2.71 2.71 2.71 2.71 2.71 2.71 2.71 2.71 2.71 2.71 2.71 2.71 2.71 2.71 2.71 2.71 2.71 2.71 2.71 2.70 2.70 2.70 2.70 2.70 2.70 2.70 2.70 2.70 2.70 2.70 2.70 2.70 2.70 2.71 2.71 2.71 2.71
2.71 2.71 2.71 2.71 2.71 2.71 2.71 2.71 2.70 2.71 2.71 2.70 2.70 2.70 2.70 2.70 2.70 2.70 2.70 2.70 2.70 2.70 2.70 2.70 2.71 2.70 2.70 2.71 2.71 2.71 2.71 2.71 2.71 2.71 2.71 2.71 2.71 2.71 2.71 2.71 2.71 2.71 2.71 2.71 2.71 2.71 2.71 2.71 2.71 2.71 2.71 2.71 2.71 2.71 2.71 2.71 2.71 2.71 2.71 2.71 2.71 2.71 2.71 2.70 2.71 2.71 2.70 2.70 2.70 2.70 2.70 2.70 2.70 2.70 2.70 2.70 2.70 2.70 2.70 2.70 2.70 2.71 2.70 2.70
2.71 2.71 2.71 2.71 2.71 2.71 2.71 2.70 2.70 2.70 2.70 2.70 2.70 2.70 2.70 2.70 2.70 2.70 2.70 2.70 2.70 2.70 2.70 2.70 2.70 2.70 2.71 2.71 2.71 2.71 2.71 2.71 2.71 2.71 2.71 2.71 2.71 2.71 2.71 2.71 2.71 2.71 2.71 2.71 2.71 2.71 2.71 2.71 2.71 2.71 2.71 2.71 2.71 2.71 2.71 2.71 2.71 2.71 2.71 2.71 2.71 2.71 2.71 2.70 2.70 2.70 2.70 2.70 2.70 2.70 2.70 2.70 2.70 2.70 2.70 2.70 2.70 2.70 2.70 2.70 2.70 2.70 2.70 2.70
2.71 2.71 2.71 2.71 2.71 2.71 2.70 2.70 2.70 2.70 2.70 2.70 2.70 2.70 2.70 2.70 2.70 2.70 2.70 2.70 2.70 2.70 2.70 2.70 2.70 2.71 2.70 2.70 2.71 2.71 2.71 2.71 2.71 2.71 2.71 2.71 2.71 2.71 2.71 2.71 2.71 2.71 2.71 2.71 2.71 2.71 2.71 2.71 2.71 2.71 2.71 2.71 2.71 2.71 2.71 2.71 2.71 2.71 2.71 2.71 2.71 2.71 2.71 2.70 2.70 2.70 2.70 2.70 2.70 2.70 2.70 2.70 2.70 2.70 2.70 2.70 2.70 2.70 2.70 2.70 2.70 2.70 2.70 2.70
2.71 2.71 2.70 2.70 2.71 2.70 2.70 2.70 2.70 2.70 2.70 2.70 2.70 2.70 2.70 2.70 2.70 2.70 2.70 2.70 2.70 2.70 2.70 2.70 2.70 2.70 2.70 2.71 2.71 2.71 2.71 2.71 2.71 2.71 2.71 2.71 2.71 2.71 2.71 2.71 2.71 2.71 2.71 2.71 2.71 2.71 2.71 2.71 2.71 2.71 2.71 2.71 2.71 2.71 2.71 2.71 2.71 2.71 2.71 2.71 2.71 2.70 2.70 2.70 2.70 2.70 2.70 2.70 2.70 2.70 2.70 2.70 2.70 2.70 2.70 2.70 2.70 2.70 2.70 2.70 2.70 2.70 2.70 2.70
2.71 2.70 2.70 2.70 2.70 2.70 2.70 2.70 2.70 2.70 2.70 2.70 2.70 2.70 2.70 2.70 2.70 2.70 2.70 2.70 2.70 2.70 2.70 2.70 2.70 2.70 2.70 2.70 2.71 2.71 2.71 2.71 2.71 2.71 2.71 2.71 2.71 2.71 2.71 2.71 2.71 2.71 2.71 2.71 2.71 2.71 2.71 2.71 2.71 2.71 2.71 2.71 2.71 2.71 2.71 2.71 2.71 2.71 2.71 2.71 2.71 2.70 2.70 2.70 2.70 2.70 2.70 2.70 2.70 2.70 2.70 2.70 2.70 2.70 2.70 2.70 2.70 2.70 2.70 2.70 2.70 2.70 2.70 2.70
2.70 2.70 2.70 2.70 2.70 2.70 2.70 2.70 2.70 2.70 2.70 2.70 2.70 2.70 2.70 2.70 2.70 2.70 2.70 2.70 2.70 2.70 2.70 2.70 2.70 2.70 2.70 2.70 2.71 2.71 2.71 2.71 2.71 2.71 2.71 2.71 2.71 2.71 2.71 2.71 2.71 2.71 2.71 2.71 2.71 2.71 2.71 2.71 2.71 2.71 2.71 2.71 2.71 2.71 2.71 2.71 2.71 2.71 2.71 2.71 2.71 2.70 2.70 2.70 2.70 2.70 2.70 2.70 2.70 2.70 2.70 2.70 2.70 2.70 2.70 2.70 2.70 2.70 2.70 2.70 2.70 2.70 2.70 2.70
2.70 2.70 2.70 2.70 2.70 2.70 2.70 2.70 2.70 2.70 2.70 2.70 2.70 2.70 2.70 2.70 2.70 2.70 2.70 2.70 2.70 2.70 2.70 2.70 2.70 2.70 2.70 2.70 2.70 2.71 2.71 2.71 2.71 2.71 2.71 2.71 2.71 2.71 2.71 2.71 2.71 2.71 2.71 2.71 2.71 2.71 2.71 2.71 2.71 2.71 2.71 2.71 2.71 2.71 2.71 2.71 2.71 2.71 2.71 2.71 2.70 2.70 2.70 2.70 2.70 2.70 2.70 2.70 2.70 2.70 2.70 2.70 2.70 2.70 2.70 2.70 2.70 2.70 2.70 2.70 2.70 2.70 2.70 2.70
2.70 2.70 2.70 2.70 2.70 2.70 2.70 2.70 2.70 2.70 2.70 2.70 2.70 2.70 2.70 2.70 2.70 2.70 2.70 2.70 2.70 2.70 2.70 2.70 2.70 2.70 2.70 2.70 2.70 2.71 2.71 2.71 2.71 2.71 2.71 2.71 2.71 2.71 2.71 2.71 2.71 2.71 2.71 2.72 2.72 2.72 2.71 2.71 2.71 2.71 2.71 2.71 2.71 2.71 2.71 2.71 2.71 2.71 2.71 2.71 2.70 2.70 2.70 2.70 2.70 2.70 2.70 2.70 2.70 2.70 2.70 2.70 2.70 2.70 2.70 2.70 2.70 2.70 2.70 2.70 2.70 2.70 2.70 2.70
2.70 2.70 2.70 2.70 2.70 2.70 2.70 2.70 2.70 2.70 2.70 2.70 2.70 2.70 2.70 2.70 2.70 2.70 2.70 2.70 2.70 2.70 2.70 2.70 2.70 2.70 2.70 2.70 2.70 2.70 2.71 2.71 2.71 2.71 2.71 2.71 2.71 2.71 2.71 2.72 2.72 2.72 2.72 2.72 2.72 2.72 2.72 2.72 2.72 2.72 2.71 2.71 2.71 2.71 2.71 2.71 2.71 2.71 2.71 2.70 2.70 2.70 2.70 2.70 2.70 2.70 2.70 2.70 2.70 2.70 2.70 2.70 2.70 2.70 2.70 2.70 2.70 2.70 2.70 2.70 2.70 2.70 2.70 2.70
2.70 2.70 2.70 2.70 2.70 2.70 2.70 2.70 2.70 2.70 2.70 2.70 2.70 2.70 2.70 2.70 2.70 2.70 2.70 2.70 2.70 2.70 2.70 2.70 2.70 2.70 2.70 2.70 2.70 2.71 2.71 2.71 2.71 2.71 2.71 2.71 2.71 2.71 2.72 2.72 2.72 2.72 2.72 2.72 2.72 2.72 2.72 2.72 2.72 2.72 2.72 2.71 2.71 2.71 2.71 2.71 2.71 2.71 2.71 2.70 2.70 2.70 2.70 2.70 2.70 2.70 2.70 2.70 2.70 2.70 2.70 2.70 2.70 2.70 2.70 2.70 2.70 2.70 2.70 2.70 2.70 2.70 2.70 2.70
2.70 2.70 2.70 2.70 2.70 2.70 2.70 2.70 2.70 2.70 2.70 2.70 2.70 2.70 2.70 2.70 2.70 2.70 2.70 2.70 2.70 2.70 2.70 2.70 2.70 2.70 2.70 2.70 2.70 2.70 2.71 2.71 2.71 2.71 2.71 2.71 2.71 2.72 2.72 2.72 2.72 2.72 2.72 2.72 2.72 2.72 2.72 2.72 2.72 2.72 2.72 2.72 2.71 2.71 2.71 2.71 2.71 2.71 2.71 2.70 2.70 2.70 2.70 2.70 2.70 2.70 2.70 2.70 2.70 2.70 2.70 2.70 2.70 2.70 2.70 2.70 2.70 2.70 2.70 2.70 2.70 2.70 2.70 2.70
2.70 2.70 2.70 2.70 2.70 2.70 2.70 2.70 2.70 2.70 2.70 2.70 2.70 2.70 2.70 2.70 2.70 2.70 2.70 2.70 2.70 2.70 2.70 2.70 2.70 2.70 2.70 2.70 2.70 2.70 2.71 2.71 2.71 2.71 2.71 2.71 2.72 2.72 2.72 2.72 2.72 2.72 2.72 2.73 2.73 2.72 2.72 2.72 2.72 2.72 2.72 2.72 2.72 2.71 2.71 2.71 2.71 2.71 2.71 2.70 2.70 2.70 2.70 2.70 2.70 2.70 2.70 2.70 2.70 2.70 2.70 2.70 2.70 2.70 2.70 2.70 2.70 2.70 2.70 2.70 2.70 2.70 2.70 2.70
2.70 2.70 2.70 2.70 2.70 2.70 2.70 2.70 2.70 2.70 2.70 2.70 2.70 2.70 2.70 2.70 2.70 2.70 2.70 2.70 2.70 2.70 2.70 2.70 2.70 2.70 2.70 2.70 2.70 2.70 2.70 2.71 2.71 2.71 2.71 2.72 2.72 2.72 2.72 2.73 2.73 2.73 2.73 2.73 2.73 2.73 2.73 2.73 2.73 2.72 2.72 2.72 2.72 2.72 2.71 2.71 2.71 2.71 2.70 2.70 2.70 2.70 2.70 2.70 2.70 2.70 2.70 2.70 2.70 2.70 2.70 2.70 2.70 2.70 2.70 2.70 2.70 2.70 2.70 2.70 2.70 2.70 2.70 2.70
2.70 2.70 2.70 2.70 2.70 2.70 2.70 2.70 2.70 2.70 2.70 2.70 2.70 2.70 2.70 2.70 2.70 2.70 2.70 2.69 2.69 2.69 2.69 2.70 2.70 2.70 2.70 2.70 2.70 2.70 2.70 2.71 2.71 2.71 2.72 2.72 2.72 2.72 2.73 2.73 2.73 2.73 2.73 2.73 2.73 2.73 2.73 2.73 2.73 2.73 2.73 2.72 2.72 2.72 2.71 2.71 2.71 2.71 2.70 2.70 2.70 2.70 2.70 2.70 2.70 2.70 2.70 2.70 2.70 2.70 2.70 2.70 2.70 2.70 2.70 2.70 2.70 2.70 2.70 2.70 2.70 2.70 2.70 2.70
2.70 2.70 2.70 2.70 2.70 2.70 2.70 2.70 2.70 2.70 2.70 2.70 2.70 2.70 2.70 2.70 2.69 2.69 2.69 2.69 2.69 2.69 2.69 2.69 2.69 2.69 2.70 2.70 2.70 2.70 2.70 2.71 2.71 2.71 2.72 2.72 2.72 2.73 2.73 2.73 2.74 2.74 2.74 2.74 2.74 2.74 2.74 2.74 2.73 2.73 2.73 2.73 2.72 2.72 2.72 2.71 2.71 2.71 2.70 2.70 2.70 2.70 2.70 2.70 2.69 2.69 2.69 2.69 2.69 2.69 2.69 2.69 2.69 2.69 2.70 2.70 2.70 2.70 2.70 2.70 2.70 2.70 2.70 2.70
2.70 2.70 2.70 2.70 2.70 2.70 2.70 2.70 2.70 2.70 2.70 2.70 2.70 2.69 2.69 2.69 2.69 2.69 2.69 2.69 2.69 2.69 2.69 2.69 2.69 2.69 2.69 2.69 2.70 2.70 2.70 2.71 2.71 2.71 2.72 2.72 2.73 2.73 2.74 2.74 2.74 2.74 2.75 2.75 2.75 2.75 2.74 2.74 2.74 2.74 2.73 2.73 2.73 2.72 2.72 2.71 2.71 2.71 2.70 2.70 2.70 2.70 2.69 2.69 2.69 2.69 2.69 2.69 2.69 2.69 2.69 2.69 2.69 2.69 2.69 2.69 2.70 2.70 2.70 2.70 2.70 2.70 2.70 2.70
2.70 2.70 2.70 2.70 2.70 2.70 2.70 2.70 2.70 2.70 2.70 2.70 2.69 2.69 2.69 2.69 2.69 2.69 2.69 2.69 2.69 2.69 2.69 2.69 2.69 2.69 2.69 2.69 2.70 2.70 2.70 2.71 2.71 2.72 2.72 2.73 2.73 2.74 2.74 2.74 2.75 2.75 2.75 2.76 2.76 2.75 2.75 2.75 2.75 2.74 2.74 2.73 2.73 2.72 2.72 2.71 2.71 2.71 2.70 2.70 2.70 2.69 2.69 2.69 2.69 2.69 2.69 2.69 2.69 2.69 2.69 2.69 2.69 2.69 2.69 2.69 2.69 2.69 2.70 2.70 2.70 2.70 2.70 2.70
2.70 2.70 2.70 2.70 2.70 2.70 2.70 2.70 2.70 2.70 2.70 2.69 2.69 2.69 2.69 2.69 2.69 2.69 2.69 2.68 2.68 2.68 2.68 2.68 2.68 2.69 2.69 2.69 2.69 2.70 2.70 2.70 2.71 2.72 2.72 2.73 2.74 2.74 2.75 2.75 2.76 2.76 2.76 2.76 2.77 2.76 2.76 2.76 2.75 2.75 2.74 2.74 2.73 2.73 2.72 2.72 2.71 2.71 2.70 2.70 2.69 2.69 2.69 2.69 2.69 2.69 2.69 2.69 2.69 2.69 2.69 2.69 2.69 2.69 2.69 2.69 2.69 2.69 2.69 2.70 2.70 2.70 2.70 2.70
2.70 2.70 2.70 2.70 2.70 2.70 2.70 2.70 2.69 2.69 2.69 2.69 2.69 2.69 2.69 2.69 2.68 2.68 2.68 2.68 2.68 2.68 2.68 2.68 2.68 2.68 2.68 2.69 2.69 2.70 2.70 2.70 2.71 2.72 2.73 2.73 2.74 2.75 2.75 2.76 2.77 2.77 2.78 2.78 2.78 2.78 2.77 2.77 2.76 2.76 2.75 2.74 2.74 2.73 2.72 2.72 2.71 2.70 2.70 2.70 2.69 2.69 2.69 2.68 2.68 2.68 2.68 2.68 2.68 2.68 2.68 2.68 2.68 2.69 2.69 2.69 2.69 2.69 2.69 2.69 2.70 2.70 2.70 2.70
2.70 2.70 2.70 2.70 2.70 2.70 2.70 2.69 2.69 2.69 2.69 2.69 2.69 2.69 2.68 2.68 2.68 2.68 2.68 2.68 2.68 2.67 2.67 2.67 2.68 2.68 2.68 2.68 2.69 2.69 2.70 2.71 2.71 2.72 2.73 2.73 2.75 2.76 2.76 2.77 2.78 2.78 2.79 2.79 2.79 2.79 2.79 2.78 2.77 2.77 2.76 2.75 2.74 2.73 2.72 2.72 2.71 2.70 2.70 2.69 2.69 2.68 2.68 2.68 2.68 2.68 2.68 2.68 2.68 2.68 2.68 2.68 2.68 2.68 2.69 2.69 2.69 2.69 2.69 2.69 2.69 2.69 2.70 2.70
2.70 2.70 2.70 2.70 2.70 2.70 2.70 2.69 2.69 2.69 2.69 2.69 2.69 2.68 2.68 2.68 2.68 2.68 2.67 2.67 2.67 2.67 2.67 2.67 2.67 2.67 2.67 2.68 2.68 2.69 2.70 2.70 2.71 2.72 2.73 2.74 2.75 2.76 2.77 2.78 2.79 2.80 2.81 2.81 2.81 2.81 2.80 2.80 2.79 2.78 2.77 2.76 2.75 2.73 2.73 2.72 2.71 2.70 2.70 2.69 2.69 2.68 2.68 2.68 2.67 2.67 2.67 2.67 2.67 2.67 2.68 2.68 2.68 2.68 2.68 2.68 2.68 2.69 2.69 2.69 2.69 2.69 2.69 2.70
2.70 2.70 2.70 2.70 2.70 2.69 2.69 2.69 2.69 2.69 2.69 2.68 2.68 2.68 2.68 2.67 2.67 2.67 2.67 2.67 2.66 2.66 2.66 2.66 2.66 2.67 2.67 2.67 2.68 2.69 2.69 2.70 2.71 2.72 2.73 2.74 2.75 2.77 2.78 2.79 2.81 2.82 2.83 2.83 2.83 2.83 2.82 2.82 2.80 2.79 2.78 2.76 2.75 2.74 2.72 2.72 2.71 2.70 2.69 2.69 2.68 2.68 2.67 2.67 2.67 2.67 2.67 2.67 2.67 2.67 2.67 2.67 2.67 2.68 2.68 2.68 2.68 2.68 2.69 2.69 2.69 2.69 2.69 2.69
2.70 2.70 2.70 2.70 2.69 2.69 2.69 2.69 2.69 2.69 2.68 2.68 2.68 2.68 2.67 2.67 2.67 2.66 2.66 2.66 2.66 2.66 2.66 2.66 2.66 2.66 2.66 2.67 2.67 2.68 2.69 2.70 2.70 2.71 2.73 2.74 2.76 2.78 2.79 2.81 2.83 2.84 2.85 2.86 2.86 2.86 2.85 2.84 2.82 2.80 2.79 2.77 2.75 2.74 2.73 2.71 2.71 2.69 2.69 2.68 2.67 2.67 2.67 2.66 2.66 2.66 2.66 2.66 2.66 2.66 2.67 2.67 2.67 2.67 2.67 2.68 2.68 2.68 2.68 2.69 2.69 2.69 2.69 2.69
2.70 2.70 2.70 2.69 2.69 2.69 2.69 2.69 2.69 2.68 2.68 2.68 2.68 2.67 2.67 2.67 2.66 2.66 2.66 2.65 2.65 2.65 2.65 2.65 2.65 2.65 2.65 2.66 2.66 2.67 2.69 2.69 2.70 2.71 2.73 2.75 2.77 2.78 2.81 2.83 2.86 2.87 2.88 2.89 2.89 2.89 2.88 2.86 2.85 2.82 2.80 2.78 2.76 2.74 2.73 2.71 2.70 2.69 2.68 2.68 2.67 2.66 2.66 2.66 2.66 2.65 2.65 2.66 2.66 2.66 2.66 2.66 2.67 2.67 2.67 2.67 2.68 2.68 2.68 2.68 2.68 2.69 2.69 2.69
2.70 2.70 2.70 2.69 2.69 2.69 2.69 2.69 2.68 2.68 2.68 2.68 2.67 2.67 2.66 2.66 2.66 2.65 2.65 2.65 2.64 2.64 2.64 2.64 2.64 2.64 2.65 2.65 2.66 2.67 2.67 2.68 2.69 2.69 2.72 2.75 2.77 2.79 2.82 2.85 2.89 2.91 2.93 2.94 2.94 2.94 2.92 2.90 2.87 2.85 2.82 2.79 2.77 2.74 2.72 2.71 2.69 2.68 2.67 2.67 2.66 2.65 2.65 2.65 2.65 2.65 2.65 2.65 2.65 2.65 2.65 2.66 2.66 2.66 2.67 2.67 2.67 2.68 2.68 2.68 2.68 2.68 2.69 2.69
2.70 2.70 2.69 2.69 2.69 2.69 2.69 2.68 2.68 2.68 2.67 2.67 2.67 2.66 2.66 2.65 2.65 2.65 2.64 2.64 2.63 2.63 2.63 2.63 2.63 2.63 2.63 2.64 2.65 2.66 2.66 2.68 2.67 2.68 2.72 2.75 2.77 2.81 2.84 2.88 2.94 2.97 2.98 2.99 3.00 2.99 2.97 2.94 2.91 2.87 2.83 2.80 2.76 2.74 2.72 2.70 2.68 2.67 2.66 2.65 2.65 2.64 2.64 2.64 2.64 2.64 2.64 2.64 2.64 2.64 2.65 2.65 2.65 2.66 2.66 2.66 2.67 2.67 2.67 2.68 2.68 2.68 2.69 2.69
2.70 2.69 2.69 2.69 2.69 2.69 2.68 2.68 2.68 2.67 2.67 2.67 2.66 2.66 2.65 2.65 2.64 2.64 2.63 2.63 2.62 2.62 2.62 2.62 2.62 2.62 2.62 2.63 2.64 2.64 2.65 2.65 2.65 2.67 2.70 2.74 2.77 2.81 2.86 2.92 2.98 3.04 3.06 3.07 3.08 3.06 3.04 3.00 2.95 2.90 2.85 2.81 2.76 2.73 2.71 2.68 2.67 2.66 2.65 2.64 2.64 2.63 2.63 2.63 2.63 2.63 2.63 2.63 2.63 2.63 2.64 2.64 2.65 2.65 2.65 2.66 2.66 2.67 2.67 2.67 2.68 2.68 2.68 2.69
2.69 2.69 2.69 2.69 2.69 2.69 2.68 2.68 2.68 2.67 2.67 2.66 2.66 2.65 2.65 2.64 2.64 2.63 2.62 2.62 2.61 2.61 2.61 2.61 2.61 2.61 2.61 2.62 2.63 2.63 2.61 2.61 2.63 2.65 2.68 2.73 2.77 2.83 2.89 2.96 3.05 3.13 3.17 3.18 3.18 3.16 3.13 3.08 3.01 2.94 2.87 2.81 2.76 2.71 2.69 2.67 2.65 2.64 2.63 2.63 2.62 2.62 2.62 2.61 2.62 2.61 2.62 2.62 2.62 2.63 2.63 2.64 2.64 2.64 2.65 2.65 2.66 2.66 2.67 2.67 2.67 2.68 2.68 2.68
2.69 2.69 2.69 2.69 2.69 2.68 2.68 2.68 2.67 2.67 2.66 2.66 2.65 2.65 2.64 2.63 2.63 2.62 2.61 2.61 2.60 2.60 2.60 2.59 2.59 2.59 2.59 2.60 2.61 2.60 2.57 2.58 2.61 2.62 2.66 2.70 2.75 2.83 2.92 3.02 3.14 3.25 3.32 3.32 3.31 3.30 3.26 3.19 3.10 2.99 2.88 2.80 2.74 2.70 2.66 2.64 2.63 2.62 2.61 2.61 2.61 2.60 2.60 2.60 2.60 2.60 2.61 2.61 2.61 2.62 2.62 2.63 2.63 2.64 2.64 2.65 2.65 2.66 2.66 2.67 2.67 2.67 2.68 2.68
2.69 2.69 2.69 2.69 2.68 2.68 2.68 2.67 2.67 2.66 2.66 2.65 2.65 2.64 2.63 2.63 2.62 2.61 2.60 2.60 2.59 2.59 2.58 2.58 2.58 2.58 2.58 2.58 2.58 2.55 2.54 2.55 2.58 2.60 2.62 2.66 2.72 2.80 2.92 3.08 3.28 3.48 3.55 3.49 3.43 3.44 3.45 3.40 3.25 3.05 2.88 2.77 2.70 2.66 2.63 2.61 2.60 2.59 2.59 2.59 2.58 2.58 2.58 2.58 2.59 2.59 2.59 2.60 2.60 2.60 2.61 2.62 2.62 2.63 2.64 2.64 2.65 2.65 2.66 2.66 2.67 2.67 2.67 2.68
2.69 2.69 2.69 2.68 2.68 2.68 2.67 2.67 2.66 2.66 2.65 2.65 2.64 2.63 2.62 2.62 2.61 2.60 2.59 2.59 2.58 2.57 2.57 2.57 2.57 2.56 2.55 2.54 2.53 2.51 2.51 2.52 2.54 2.55 2.57 2.61 2.67 2.76 2.89 3.07 3.50 3.96 3.94 3.62 3.52 3.59 3.71 3.71 3.44 3.09 2.84 2.72 2.65 2.61 2.59 2.58 2.57 2.56 2.56 2.56 2.56 2.56 2.56 2.56 2.57 2.57 2.58 2.58 2.59 2.59 2.60 2.61 2.61 2.62 2.63 2.63 2.64 2.65 2.65 2.66 2.66 2.67 2.67 2.68
2.69 2.69 2.69 2.68 2.68 2.67 2.67 2.67 2.66 2.65 2.65 2.64 2.63 2.62 2.62 2.61 2.60 2.59 2.58 2.57 2.57 2.56 2.56 2.56 2.55 2.53 2.51 2.50 2.50 2.48 2.47 2.48 2.48 2.49 2.51 2.54 2.59 2.69 2.84 2.94 3.48 4.44 4.54 3.88 3.75 3.79 4.05 4.06 3.63 3.05 2.73 2.65 2.58 2.56 2.54 2.53 2.53 2.53 2.53 2.53 2.53 2.53 2.54 2.54 2.55 2.55 2.56 2.56 2.57 2.58 2.59 2.60 2.60 2.61 2.62 2.63 2.63 2.64 2.65 2.65 2.66 2.66 2.67 2.67
2.69 2.69 2.68 2.68 2.68 2.67 2.67 2.66 2.66 2.65 2.64 2.63 2.62 2.62 2.61 2.60 2.59 2.58 2.57 2.56 2.55 2.55 2.55 2.54 2.52 2.50 2.47 2.46 2.46 2.44 2.43 2.43 2.43 2.42 2.44 2.46 2.49 2.57 2.79 2.88 3.36 4.68 5.20 4.72 4.11 4.04 4.27 4.22 3.61 2.79 2.53 2.56 2.49 2.49 2.50 2.49 2.49 2.49 2.49 2.49 2.49 2.50 2.51 2.51 2.52 2.53 2.54 2.55 2.56 2.57 2.57 2.58 2.59 2.60 2.61 2.62 2.63 2.63 2.64 2.65 2.65 2.66 2.66 2.67
2.69 2.68 2.68 2.68 2.67 2.67 2.66 2.66 2.65 2.64 2.64 2.63 2.62 2.61 2.60 2.59 2.58 2.57 2.56 2.55 2.54 2.54 2.54 2.51 2.48 2.45 2.44 2.43 2.41 2.41 2.38 2.37 2.36 2.35 2.35 2.37 2.38 2.42 2.64 2.90 3.55 4.76 5.58 5.07 4.20 4.14 4.35 4.08 3.16 2.20 2.21 2.43 2.43 2.45 2.45 2.45 2.44 2.44 2.44 2.44 2.45 2.46 2.47 2.49 2.50 2.51 2.52 2.53 2.54 2.55 2.56 2.57 2.58 2.59 2.60 2.61 2.62 2.63 2.63 2.64 2.65 2.66 2.66 2.67
2.69 2.68 2.68 2.68 2.67 2.67 2.66 2.65 2.65 2.64 2.63 2.62 2.61 2.60 2.59 2.58 2.57 2.55 2.54 2.53 2.53 2.53 2.51 2.48 2.44 2.41 2.41 2.38 2.36 2.36 2.33 2.31 2.29 2.27 2.26 2.27 2.27 2.25 2.38 2.76 3.55 4.89 5.87 5.11 3.94 4.08 4.31 3.68 2.44 1.76 1.98 2.36 2.51 2.47 2.40 2.40 2.39 2.38 2.38 2.39 2.41 2.42 2.44 2.45 2.47 2.48 2.49 2.51 2.52 2.53 2.55 2.56 2.57 2.58 2.59 2.60 2.61 2.62 2.63 2.64 2.64 2.65 2.66 2.66
2.68 2.68 2.68 2.67 2.67 2.66 2.66 2.65 2.64 2.63 2.62 2.61 2.60 2.59 2.58 2.57 2.55 2.54 2.53 2.52 2.53 2.52 2.48 2.43 2.39 2.39 2.37 2.33 2.32 2.30 2.27 2.24 2.22 2.19 2.19 2.17 2.12 2.04 2.09 2.57 3.36 5.00 5.95 4.85 3.50 4.00 4.17 3.01 1.72 1.61 1.92 2.35 2.60 2.48 2.40 2.38 2.31 2.31 2.32 2.33 2.35 2.37 2.39 2.41 2.43 2.45 2.47 2.49 2.50 2.52 2.53 2.54 2.56 2.57 2.58 2.59 2.60 2.61 2.62 2.63 2.64 2.65 2.65 2.66
2.68 2.68 2.68 2.67 2.67 2.66 2.65 2.64 2.64 2.63 2.62 2.61 2.59 2.58 2.57 2.56 2.54 2.53 2.52 2.51 2.52 2.49 2.44 2.39 2.36 2.36 2.32 2.28 2.26 2.23 2.20 2.17 2.14 2.13 2.15 2.13 1.98 1.81 1.92 2.34 3.12 5.19 5.94 4.37 3.19 3.97 3.89 2.24 1.50 1.68 1.98 2.33 2.60 2.62 2.52 2.31 2.21 2.25 2.25 2.26 2.29 2.31 2.33 2.36 2.39 2.41 2.44 2.46 2.48 2.50 2.51 2.53 2.54 2.56 2.57 2.58 2.59 2.60 2.62 2.62 2.63 2.64 2.65 2.66
