data/AilsaCraig_270_1_25m_vel_2m.asc
ncols	257
nrows	257
xllcorner	3364200.000000
yllcorner	3669375.000000
cellsize	25.000000
NODATA_value	-1.000000
[rows 152 to 189 of 257, columns 84 to 167 of 257]
2.68 2.67 2.67 2.66 2.66 2.65 2.64 2.64 2.63 2.62 2.61 2.60 2.59 2.58 2.57 2.56 2.55 2.53 2.52 2.51 2.50 2.49 2.48 2.47 2.47 2.47 2.48 2.50 2.52 2.56 2.62 2.69 2.76 2.90 3.31 3.67 3.66 3.87 4.43 4.61 4.02 3.68 3.62 3.16 2.63 2.33 2.27 2.31 2.36 2.42 2.46 2.52 2.55 2.58 2.64 2.73 2.75 2.71 2.66 2.62 2.59 2.57 2.57 2.57 2.56 2.55 2.56 2.58 2.60 2.60 2.60 2.61 2.61 2.62 2.62 2.63 2.63 2.64 2.64 2.65 2.66 2.66 2.67 2.67
2.68 2.68 2.67 2.67 2.66 2.66 2.65 2.64 2.64 2.63 2.62 2.61 2.60 2.59 2.58 2.57 2.56 2.56 2.55 2.54 2.53 2.52 2.52 2.51 2.52 2.52 2.53 2.55 2.58 2.61 2.66 2.73 2.82 2.92 3.23 3.39 3.35 3.65 4.11 4.30 4.05 3.81 3.65 3.17 2.64 2.43 2.42 2.44 2.47 2.48 2.51 2.57 2.59 2.60 2.63 2.69 2.72 2.69 2.67 2.64 2.60 2.59 2.59 2.59 2.59 2.57 2.58 2.60 2.61 2.61 2.62 2.62 2.62 2.63 2.63 2.63 2.64 2.65 2.65 2.66 2.66 2.67 2.67 2.67
2.68 2.68 2.67 2.67 2.66 2.66 2.65 2.65 2.64 2.63 2.63 2.62 2.61 2.60 2.60 2.59 2.58 2.57 2.57 2.56 2.56 2.55 2.55 2.55 2.55 2.56 2.58 2.59 2.62 2.66 2.70 2.76 2.84 2.95 3.10 3.15 3.28 3.48 3.61 3.87 3.88 3.78 3.60 3.17 2.72 2.53 2.53 2.54 2.54 2.54 2.57 2.61 2.63 2.62 2.62 2.68 2.71 2.68 2.66 2.65 2.61 2.60 2.61 2.61 2.60 2.59 2.60 2.62 2.62 2.62 2.62 2.63 2.63 2.63 2.64 2.64 2.65 2.65 2.66 2.66 2.67 2.67 2.67 2.68
2.68 2.68 2.68 2.67 2.67 2.66 2.66 2.65 2.65 2.64 2.64 2.63 2.62 2.62 2.61 2.60 2.60 2.59 2.59 2.58 2.58 2.58 2.58 2.58 2.59 2.60 2.61 2.63 2.65 2.69 2.73 2.77 2.84 2.94 3.01 3.09 3.21 3.28 3.36 3.51 3.57 3.59 3.44 3.14 2.84 2.65 2.60 2.60 2.60 2.61 2.61 2.63 2.65 2.62 2.63 2.68 2.70 2.68 2.66 2.65 2.62 2.61 2.63 2.63 2.61 2.61 2.61 2.63 2.63 2.63 2.63 2.63 2.64 2.64 2.64 2.65 2.65 2.66 2.66 2.67 2.67 2.67 2.68 2.68
2.69 2.68 2.68 2.68 2.67 2.67 2.66 2.66 2.65 2.65 2.64 2.64 2.63 2.63 2.62 2.61 2.61 2.61 2.60 2.60 2.60 2.60 2.60 2.60 2.61 2.62 2.64 2.65 2.68 2.70 2.75 2.79 2.83 2.90 2.97 3.04 3.11 3.16 3.23 3.27 3.30 3.32 3.23 3.05 2.90 2.76 2.66 2.64 2.66 2.65 2.64 2.66 2.65 2.63 2.65 2.68 2.70 2.68 2.66 2.65 2.64 2.63 2.64 2.64 2.63 2.62 2.63 2.64 2.64 2.64 2.64 2.64 2.64 2.65 2.65 2.65 2.66 2.66 2.67 2.67 2.67 2.68 2.68 2.68
2.69 2.68 2.68 2.68 2.68 2.67 2.67 2.66 2.66 2.65 2.65 2.64 2.64 2.63 2.63 2.63 2.62 2.62 2.62 2.61 2.62 2.62 2.62 2.63 2.63 2.64 2.66 2.67 2.69 2.72 2.75 2.79 2.83 2.87 2.93 2.98 3.03 3.08 3.11 3.12 3.14 3.12 3.06 2.97 2.89 2.81 2.72 2.68 2.69 2.68 2.67 2.67 2.64 2.65 2.67 2.70 2.70 2.67 2.66 2.66 2.64 2.64 2.65 2.65 2.64 2.63 2.64 2.64 2.64 2.64 2.65 2.65 2.65 2.65 2.66 2.66 2.66 2.67 2.67 2.67 2.68 2.68 2.68 2.68
2.69 2.69 2.68 2.68 2.68 2.67 2.67 2.67 2.66 2.66 2.66 2.65 2.65 2.64 2.64 2.64 2.63 2.63 2.63 2.63 2.63 2.63 2.63 2.64 2.65 2.66 2.67 2.69 2.70 2.73 2.75 2.78 2.83 2.86 2.89 2.93 2.97 3.00 3.02 3.03 3.03 3.01 2.96 2.91 2.86 2.81 2.75 2.71 2.70 2.71 2.70 2.67 2.65 2.67 2.69 2.70 2.69 2.67 2.67 2.66 2.65 2.65 2.65 2.65 2.64 2.64 2.65 2.65 2.65 2.65 2.65 2.66 2.66 2.66 2.66 2.67 2.67 2.67 2.67 2.68 2.68 2.68 2.68 2.69
2.69 2.69 2.69 2.68 2.68 2.68 2.67 2.67 2.67 2.66 2.66 2.66 2.65 2.65 2.65 2.65 2.64 2.64 2.64 2.64 2.64 2.64 2.65 2.65 2.66 2.67 2.68 2.70 2.71 2.73 2.76 2.78 2.81 2.84 2.87 2.89 2.92 2.94 2.95 2.96 2.95 2.94 2.91 2.87 2.84 2.80 2.76 2.73 2.72 2.72 2.70 2.67 2.67 2.69 2.70 2.70 2.69 2.68 2.67 2.67 2.66 2.66 2.66 2.65 2.65 2.65 2.65 2.66 2.66 2.66 2.66 2.66 2.66 2.67 2.67 2.67 2.67 2.67 2.68 2.68 2.68 2.68 2.69 2.69
2.69 2.69 2.69 2.69 2.68 2.68 2.68 2.67 2.67 2.67 2.67 2.66 2.66 2.66 2.65 2.65 2.65 2.65 2.65 2.65 2.65 2.65 2.66 2.67 2.67 2.68 2.69 2.70 2.72 2.73 2.75 2.78 2.79 2.82 2.85 2.86 2.88 2.90 2.90 2.90 2.90 2.89 2.86 2.84 2.82 2.79 2.76 2.74 2.73 2.73 2.71 2.69 2.69 2.70 2.70 2.70 2.69 2.68 2.67 2.67 2.66 2.66 2.66 2.66 2.66 2.66 2.66 2.66 2.66 2.66 2.66 2.67 2.67 2.67 2.67 2.67 2.68 2.68 2.68 2.68 2.69 2.69 2.69 2.69
2.69 2.69 2.69 2.69 2.69 2.68 2.68 2.68 2.68 2.67 2.67 2.67 2.67 2.66 2.66 2.66 2.66 2.66 2.66 2.66 2.66 2.67 2.66 2.67 2.68 2.69 2.70 2.71 2.72 2.74 2.75 2.77 2.79 2.80 2.82 2.84 2.85 2.86 2.87 2.86 2.86 2.85 2.84 2.82 2.80 2.78 2.76 2.74 2.73 2.73 2.71 2.70 2.70 2.70 2.71 2.70 2.69 2.68 2.68 2.67 2.67 2.67 2.67 2.67 2.66 2.67 2.67 2.67 2.67 2.67 2.67 2.67 2.67 2.67 2.68 2.68 2.68 2.68 2.68 2.69 2.69 2.69 2.69 2.69
2.70 2.69 2.69 2.69 2.69 2.69 2.68 2.68 2.68 2.68 2.68 2.67 2.67 2.67 2.67 2.67 2.67 2.67 2.66 2.67 2.67 2.67 2.68 2.68 2.69 2.69 2.70 2.71 2.72 2.74 2.75 2.76 2.77 2.79 2.80 2.81 2.83 2.83 2.83 2.84 2.83 2.82 2.81 2.80 2.79 2.77 2.75 2.74 2.74 2.73 2.72 2.71 2.70 2.71 2.70 2.70 2.69 2.68 2.68 2.68 2.67 2.67 2.67 2.67 2.67 2.67 2.67 2.67 2.67 2.67 2.67 2.68 2.68 2.68 2.68 2.68 2.68 2.68 2.69 2.69 2.69 2.69 2.69 2.69
2.70 2.69 2.69 2.69 2.69 2.69 2.69 2.68 2.68 2.68 2.68 2.68 2.68 2.67 2.67 2.67 2.67 2.67 2.67 2.67 2.68 2.67 2.68 2.68 2.69 2.70 2.70 2.72 2.72 2.73 2.75 2.75 2.76 2.78 2.79 2.79 2.80 2.81 2.81 2.81 2.81 2.80 2.79 2.79 2.78 2.76 2.75 2.74 2.73 2.73 2.72 2.71 2.71 2.71 2.70 2.70 2.69 2.69 2.68 2.68 2.68 2.68 2.68 2.67 2.68 2.67 2.68 2.68 2.68 2.68 2.68 2.68 2.68 2.68 2.68 2.68 2.69 2.69 2.69 2.69 2.69 2.69 2.69 2.69
2.70 2.70 2.69 2.69 2.69 2.69 2.69 2.69 2.69 2.68 2.68 2.68 2.68 2.68 2.68 2.68 2.68 2.68 2.68 2.68 2.68 2.68 2.68 2.69 2.69 2.70 2.71 2.71 2.72 2.73 2.74 2.75 2.76 2.76 2.77 2.78 2.78 2.79 2.79 2.79 2.79 2.79 2.78 2.77 2.76 2.76 2.75 2.74 2.73 2.73 2.72 2.71 2.71 2.71 2.70 2.70 2.69 2.69 2.69 2.68 2.68 2.68 2.68 2.68 2.68 2.68 2.68 2.68 2.68 2.68 2.68 2.68 2.68 2.69 2.69 2.69 2.69 2.69 2.69 2.69 2.69 2.69 2.70 2.70
2.70 2.70 2.70 2.69 2.69 2.69 2.69 2.69 2.69 2.69 2.69 2.69 2.68 2.68 2.68 2.68 2.68 2.68 2.68 2.68 2.68 2.69 2.69 2.69 2.70 2.70 2.71 2.71 2.72 2.73 2.74 2.74 2.75 2.76 2.76 2.77 2.77 2.78 2.78 2.78 2.78 2.77 2.77 2.76 2.76 2.75 2.74 2.74 2.73 2.72 2.72 2.71 2.71 2.71 2.70 2.70 2.69 2.69 2.69 2.69 2.69 2.68 2.68 2.68 2.68 2.68 2.68 2.68 2.68 2.68 2.69 2.69 2.69 2.69 2.69 2.69 2.69 2.69 2.69 2.69 2.70 2.70 2.70 2.70
2.70 2.70 2.70 2.70 2.69 2.69 2.69 2.69 2.69 2.69 2.69 2.69 2.69 2.69 2.68 2.69 2.68 2.69 2.69 2.69 2.69 2.69 2.69 2.69 2.70 2.71 2.71 2.71 2.72 2.72 2.73 2.74 2.74 2.75 2.75 2.76 2.76 2.76 2.77 2.77 2.76 2.76 2.76 2.75 2.75 2.74 2.74 2.73 2.73 2.72 2.72 2.71 2.71 2.71 2.70 2.70 2.70 2.69 2.69 2.69 2.69 2.69 2.69 2.69 2.69 2.69 2.69 2.69 2.69 2.69 2.69 2.69 2.69 2.69 2.69 2.69 2.69 2.69 2.69 2.70 2.70 2.70 2.70 2.70
2.70 2.70 2.70 2.70 2.70 2.70 2.70 2.69 2.69 2.69 2.69 2.69 2.69 2.69 2.69 2.69 2.69 2.69 2.69 2.69 2.69 2.69 2.69 2.70 2.70 2.71 2.71 2.71 2.72 2.72 2.73 2.73 2.74 2.74 2.75 2.75 2.75 2.75 2.76 2.76 2.76 2.75 2.75 2.75 2.74 2.74 2.73 2.73 2.73 2.72 2.72 2.71 2.71 2.71 2.70 2.70 2.70 2.69 2.69 2.69 2.69 2.69 2.69 2.69 2.69 2.69 2.69 2.69 2.69 2.69 2.69 2.69 2.69 2.69 2.69 2.69 2.69 2.70 2.70 2.70 2.70 2.70 2.70 2.70
2.70 2.70 2.70 2.70 2.70 2.70 2.70 2.70 2.69 2.69 2.69 2.69 2.69 2.69 2.69 2.69 2.69 2.69 2.69 2.69 2.69 2.70 2.70 2.70 2.70 2.71 2.71 2.71 2.72 2.72 2.72 2.73 2.73 2.74 2.74 2.74 2.75 2.75 2.75 2.75 2.75 2.75 2.74 2.74 2.74 2.73 2.73 2.73 2.72 2.72 2.72 2.71 2.71 2.71 2.70 2.70 2.70 2.70 2.69 2.69 2.69 2.69 2.69 2.69 2.69 2.69 2.69 2.69 2.69 2.69 2.69 2.69 2.69 2.69 2.69 2.70 2.70 2.70 2.70 2.70 2.70 2.70 2.70 2.70
2.70 2.70 2.70 2.70 2.70 2.70 2.70 2.70 2.70 2.70 2.70 2.69 2.69 2.69 2.69 2.69 2.69 2.69 2.69 2.69 2.70 2.70 2.70 2.70 2.70 2.71 2.71 2.71 2.72 2.72 2.72 2.73 2.73 2.73 2.73 2.74 2.74 2.74 2.74 2.74 2.74 2.74 2.74 2.74 2.73 2.73 2.73 2.72 2.72 2.72 2.71 2.71 2.71 2.71 2.70 2.70 2.70 2.70 2.70 2.70 2.69 2.69 2.69 2.69 2.69 2.69 2.69 2.69 2.69 2.69 2.69 2.69 2.70 2.70 2.70 2.70 2.70 2.70 2.70 2.70 2.70 2.70 2.70 2.70
2.70 2.70 2.70 2.70 2.70 2.70 2.70 2.70 2.70 2.70 2.70 2.70 2.70 2.70 2.69 2.70 2.70 2.70 2.70 2.70 2.70 2.70 2.70 2.70 2.70 2.71 2.71 2.71 2.71 2.72 2.72 2.72 2.72 2.73 2.73 2.73 2.73 2.73 2.74 2.74 2.73 2.73 2.73 2.73 2.73 2.73 2.72 2.72 2.72 2.72 2.71 2.71 2.71 2.71 2.70 2.70 2.70 2.70 2.70 2.70 2.70 2.70 2.70 2.70 2.70 2.69 2.70 2.70 2.70 2.70 2.70 2.70 2.70 2.70 2.70 2.70 2.70 2.70 2.70 2.70 2.70 2.70 2.70 2.70
2.70 2.70 2.70 2.70 2.70 2.70 2.70 2.70 2.70 2.70 2.70 2.70 2.70 2.70 2.70 2.70 2.70 2.70 2.70 2.70 2.70 2.70 2.70 2.70 2.71 2.71 2.71 2.71 2.71 2.72 2.72 2.72 2.72 2.72 2.73 2.73 2.73 2.73 2.73 2.73 2.73 2.73 2.73 2.73 2.73 2.72 2.72 2.72 2.72 2.71 2.71 2.71 2.71 2.71 2.70 2.70 2.70 2.70 2.70 2.70 2.70 2.70 2.70 2.70 2.70 2.70 2.70 2.70 2.70 2.70 2.70 2.70 2.70 2.70 2.70 2.70 2.70 2.70 2.70 2.70 2.70 2.70 2.70 2.70
2.70 2.70 2.70 2.70 2.70 2.70 2.70 2.70 2.70 2.70 2.70 2.70 2.70 2.70 2.70 2.70 2.70 2.70 2.70 2.70 2.70 2.70 2.70 2.70 2.71 2.71 2.71 2.71 2.71 2.71 2.72 2.72 2.72 2.72 2.72 2.72 2.72 2.73 2.73 2.73 2.73 2.73 2.72 2.72 2.72 2.72 2.72 2.72 2.72 2.71 2.71 2.71 2.71 2.71 2.70 2.70 2.70 2.70 2.70 2.70 2.70 2.70 2.70 2.70 2.70 2.70 2.70 2.70 2.70 2.70 2.70 2.70 2.70 2.70 2.70 2.70 2.70 2.70 2.70 2.70 2.70 2.70 2.70 2.70
2.70 2.70 2.70 2.70 2.70 2.70 2.70 2.70 2.70 2.70 2.70 2.70 2.70 2.70 2.70 2.70 2.70 2.70 2.70 2.70 2.70 2.70 2.70 2.70 2.71 2.71 2.71 2.71 2.71 2.71 2.71 2.72 2.72 2.72 2.72 2.72 2.72 2.72 2.72 2.72 2.72 2.72 2.72 2.72 2.72 2.72 2.72 2.72 2.71 2.71 2.71 2.71 2.71 2.71 2.70 2.70 2.70 2.70 2.70 2.70 2.70 2.70 2.70 2.70 2.70 2.70 2.70 2.70 2.70 2.70 2.70 2.70 2.70 2.70 2.70 2.70 2.70 2.70 2.70 2.70 2.70 2.70 2.70 2.70
2.70 2.70 2.70 2.70 2.70 2.70 2.70 2.70 2.70 2.70 2.70 2.70 2.70 2.70 2.70 2.70 2.70 2.70 2.70 2.70 2.70 2.70 2.70 2.70 2.71 2.71 2.71 2.71 2.71 2.71 2.71 2.71 2.72 2.72 2.72 2.72 2.72 2.72 2.72 2.72 2.72 2.72 2.72 2.72 2.72 2.72 2.71 2.71 2.71 2.71 2.71 2.71 2.71 2.71 2.70 2.70 2.70 2.70 2.70 2.70 2.70 2.70 2.70 2.70 2.70 2.70 2.70 2.70 2.70 2.70 2.70 2.70 2.70 2.70 2.70 2.70 2.70 2.70 2.70 2.70 2.70 2.70 2.70 2.70
2.70 2.70 2.70 2.70 2.70 2.70 2.70 2.70 2.70 2.70 2.70 2.70 2.70 2.70 2.70 2.70 2.70 2.70 2.70 2.70 2.70 2.70 2.70 2.71 2.71 2.71 2.71 2.71 2.71 2.71 2.71 2.71 2.71 2.72 2.72 2.72 2.72 2.72 2.72 2.72 2.72 2.72 2.72 2.72 2.72 2.71 2.71 2.71 2.71 2.71 2.71 2.71 2.71 2.71 2.70 2.70 2.70 2.70 2.70 2.70 2.70 2.70 2.70 2.70 2.70 2.70 2.70 2.70 2.70 2.70 2.70 2.70 2.70 2.70 2.70 2.70 2.70 2.70 2.70 2.70 2.70 2.70 2.70 2.70
2.70 2.70 2.70 2.70 2.70 2.70 2.70 2.70 2.70 2.70 2.70 2.70 2.70 2.70 2.70 2.70 2.70 2.70 2.70 2.70 2.70 2.70 2.70 2.71 2.71 2.71 2.71 2.71 2.71 2.71 2.71 2.71 2.71 2.71 2.71 2.71 2.72 2.72 2.72 2.72 2.72 2.72 2.71 2.71 2.71 2.71 2.71 2.71 2.71 2.71 2.71 2.71 2.71 2.71 2.70 2.70 2.70 2.70 2.70 2.70 2.70 2.70 2.70 2.70 2.70 2.70 2.70 2.70 2.70 2.70 2.70 2.70 2.70 2.70 2.70 2.70 2.70 2.70 2.70 2.70 2.70 2.70 2.70 2.70
2.70 2.70 2.70 2.70 2.70 2.70 2.70 2.70 2.70 2.70 2.70 2.70 2.70 2.70 2.70 2.70 2.70 2.70 2.70 2.70 2.70 2.70 2.70 2.71 2.71 2.71 2.71 2.71 2.71 2.71 2.71 2.71 2.71 2.71 2.71 2.71 2.71 2.71 2.71 2.71 2.71 2.71 2.71 2.71 2.71 2.71 2.71 2.71 2.71 2.71 2.71 2.71 2.71 2.71 2.71 2.70 2.70 2.70 2.70 2.70 2.70 2.70 2.70 2.70 2.70 2.70 2.70 2.70 2.70 2.70 2.70 2.70 2.70 2.70 2.70 2.70 2.70 2.70 2.70 2.70 2.70 2.70 2.70 2.70
2.70 2.70 2.70 2.70 2.70 2.70 2.70 2.70 2.70 2.70 2.70 2.70 2.70 2.70 2.70 2.70 2.70 2.70 2.70 2.70 2.70 2.70 2.70 2.71 2.71 2.71 2.71 2.71 2.71 2.71 2.71 2.71 2.71 2.71 2.71 2.71 2.71 2.71 2.71 2.71 2.71 2.71 2.71 2.71 2.71 2.71 2.71 2.71 2.71 2.71 2.71 2.71 2.71 2.71 2.71 2.70 2.70 2.70 2.70 2.70 2.70 2.70 2.70 2.70 2.70 2.70 2.70 2.70 2.70 2.70 2.70 2.70 2.70 2.70 2.70 2.70 2.70 2.70 2.70 2.70 2.70 2.70 2.70 2.70
2.70 2.70 2.70 2.70 2.70 2.70 2.70 2.70 2.70 2.70 2.70 2.70 2.70 2.70 2.70 2.70 2.70 2.70 2.70 2.70 2.70 2.70 2.71 2.71 2.71 2.71 2.71 2.71 2.71 2.71 2.71 2.71 2.71 2.71 2.71 2.71 2.71 2.71 2.71 2.71 2.71 2.71 2.71 2.71 2.71 2.71 2.71 2.71 2.71 2.71 2.71 2.71 2.71 2.71 2.71 2.70 2.70 2.70 2.70 2.70 2.70 2.70 2.70 2.70 2.70 2.70 2.70 2.70 2.70 2.70 2.70 2.70 2.70 2.70 2.70 2.70 2.70 2.70 2.70 2.70 2.70 2.70 2.70 2.70
2.70 2.70 2.70 2.70 2.70 2.70 2.70 2.70 2.70 2.70 2.70 2.70 2.70 2.70 2.70 2.70 2.70 2.70 2.70 2.70 2.70 2.71 2.71 2.71 2.71 2.71 2.71 2.71 2.71 2.71 2.71 2.71 2.71 2.71 2.71 2.71 2.71 2.71 2.71 2.71 2.71 2.71 2.71 2.71 2.71 2.71 2.71 2.71 2.71 2.71 2.71 2.71 2.71 2.71 2.71 2.70 2.70 2.70 2.70 2.70 2.70 2.70 2.70 2.70 2.70 2.70 2.70 2.70 2.70 2.70 2.70 2.70 2.70 2.70 2.70 2.70 2.70 2.70 2.70 2.70 2.70 2.70 2.70 2.70
2.70 2.70 2.70 2.70 2.70 2.70 2.70 2.70 2.70 2.70 2.70 2.70 2.70 2.70 2.70 2.70 2.70 2.70 2.70 2.70 2.70 2.71 2.71 2.71 2.71 2.71 2.71 2.71 2.71 2.71 2.71 2.71 2.71 2.71 2.71 2.71 2.71 2.71 2.71 2.71 2.71 2.71 2.71 2.71 2.71 2.71 2.71 2.71 2.71 2.71 2.71 2.71 2.71 2.71 2.71 2.71 2.70 2.70 2.70 2.70 2.70 2.70 2.70 2.70 2.70 2.70 2.70 2.70 2.70 2.70 2.70 2.70 2.70 2.70 2.70 2.70 2.70 2.70 2.70 2.70 2.70 2.70 2.70 2.70
2.70 2.70 2.70 2.70 2.70 2.70 2.70 2.70 2.70 2.70 2.70 2.70 2.70 2.70 2.70 2.70 2.70 2.70 2.70 2.70 2.71 2.71 2.71 2.71 2.71 2.71 2.71 2.71 2.71 2.71 2.71 2.71 2.71 2.71 2.71 2.71 2.71 2.71 2.71 2.71 2.71 2.71 2.71 2.71 2.71 2.71 2.71 2.71 2.71 2.71 2.71 2.71 2.71 2.71 2.71 2.71 2.70 2.71 2.70 2.70 2.70 2.70 2.70 2.70 2.70 2.70 2.70 2.70 2.70 2.70 2.70 2.70 2.70 2.70 2.70 2.70 2.70 2.70 2.70 2.70 2.70 2.70 2.70 2.71
2.70 2.71 2.70 2.71 2.70 2.70 2.71 2.70 2.71 2.70 2.70 2.70 2.70 2.70 2.70 2.70 2.70 2.70 2.71 2.71 2.71 2.71 2.71 2.71 2.71 2.71 2.71 2.71 2.71 2.71 2.71 2.71 2.71 2.71 2.71 2.71 2.71 2.71 2.71 2.71 2.71 2.71 2.71 2.71 2.71 2.71 2.71 2.71 2.71 2.71 2.71 2.71 2.71 2.71 2.71 2.71 2.71 2.71 2.70 2.71 2.70 2.70 2.70 2.70 2.70 2.70 2.70 2.70 2.70 2.70 2.70 2.70 2.70 2.70 2.70 2.70 2.70 2.70 2.70 2.70 2.71 2.71 2.71 2.71
2.71 2.71 2.71 2.71 2.71 2.70 2.70 2.71 2.71 2.71 2.70 2.70 2.71 2.70 2.71 2.70 2.71 2.71 2.71 2.71 2.71 2.71 2.71 2.71 2.71 2.71 2.71 2.71 2.71 2.71 2.71 2.71 2.71 2.71 2.71 2.71 2.71 2.71 2.71 2.71 2.71 2.71 2.71 2.71 2.71 2.71 2.71 2.71 2.71 2.71 2.71 2.71 2.71 2.71 2.71 2.71 2.71 2.71 2.71 2.71 2.70 2.71 2.70 2.70 2.70 2.70 2.70 2.70 2.70 2.70 2.70 2.70 2.70 2.70 2.70 2.70 2.70 2.70 2.71 2.71 2.71 2.71 2.71 2.71
2.71 2.71 2.71 2.71 2.71 2.71 2.71 2.71 2.71 2.71 2.71 2.70 2.71 2.71 2.71 2.71 2.71 2.71 2.71 2.71 2.71 2.71 2.71 2.71 2.71 2.71 2.71 2.71 2.71 2.71 2.71 2.71 2.71 2.71 2.71 2.71 2.71 2.71 2.71 2.71 2.71 2.71 2.71 2.71 2.71 2.71 2.71 2.71 2.71 2.71 2.71 2.71 2.71 2.71 2.71 2.71 2.71 2.71 2.71 2.71 2.71 2.71 2.71 2.71 2.70 2.70 2.70 2.70 2.70 2.70 2.70 2.70 2.70 2.70 2.70 2.70 2.71 2.71 2.71 2.71 2.71 2.71 2.71 2.71
2.71 2.71 2.71 2.71 2.71 2.71 2.71 2.71 2.71 2.71 2.71 2.71 2.71 2.71 2.71 2.71 2.71 2.71 2.71 2.71 2.71 2.71 2.71 2.71 2.71 2.71 2.71 2.71 2.71 2.71 2.71 2.71 2.71 2.71 2.71 2.71 2.71 2.71 2.71 2.71 2.71 2.71 2.71 2.71 2.71 2.71 2.71 2.71 2.71 2.71 2.71 2.71 2.71 2.71 2.71 2.71 2.71 2.71 2.71 2.71 2.71 2.71 2.71 2.71 2.71 2.71 2.71 2.71 2.71 2.70 2.71 2.71 2.71 2.71 2.71 2.71 2.71 2.71 2.71 2.71 2.71 2.71 2.71 2.71
2.71 2.71 2.71 2.71 2.71 2.71 2.71 2.71 2.71 2.71 2.71 2.71 2.71 2.71 2.71 2.71 2.71 2.71 2.71 2.71 2.71 2.71 2.71 2.71 2.71 2.71 2.71 2.71 2.71 2.71 2.71 2.71 2.71 2.71 2.71 2.71 2.71 2.71 2.71 2.71 2.71 2.71 2.71 2.71 2.71 2.71 2.71 2.71 2.71 2.71 2.71 2.71 2.71 2.71 2.71 2.71 2.71 2.71 2.71 2.71 2.71 2.71 2.71 2.71 2.71 2.71 2.71 2.71 2.71 2.71 2.71 2.71 2.71 2.71 2.71 2.71 2.71 2.71 2.71 2.71 2.71 2.71 2.71 2.71
2.71 2.71 2.71 2.71 2.71 2.71 2.71 2.71 2.71 2.71 2.71 2.71 2.71 2.71 2.71 2.71 2.71 2.71 2.71 2.71 2.71 2.71 2.71 2.71 2.71 2.71 2.71 2.71 2.71 2.71 2.71 2.71 2.71 2.71 2.71 2.71 2.71 2.71 2.71 2.71 2.71 2.71 2.71 2.71 2.71 2.71 2.71 2.71 2.71 2.71 2.71 2.71 2.71 2.71 2.71 2.71 2.71 2.71 2.71 2.71 2.71 2.71 2.71 2.71 2.71 2.71 2.71 2.71 2.71 2.71 2.71 2.71 2.71 2.71 2.71 2.71 2.71 2.71 2.71 2.71 2.71 2.71 2.71 2.71
2.71 2.71 2.71 2.71 2.71 2.71 2.71 2.71 2.71 2.71 2.71 2.71 2.71 2.71 2.71 2.71 2.71 2.71 2.71 2.71 2.71 2.71 2.71 2.71 2.71 2.71 2.71 2.71 2.71 2.71 2.71 2.71 2.71 2.71 2.71 2.71 2.71 2.71 2.71 2.71 2.71 2.71 2.71 2.71 2.71 2.71 2.71 2.71 2.71 2.71 2.71 2.71 2.71 2.71 2.71 2.71 2.71 2.71 2.71 2.71 2.71 2.71 2.71 2.71 2.71 2.71 2.71 2.71 2.71 2.71 2.71 2.71 2.71 2.71 2.71 2.71 2.71 2.71 2.71 2.71 2.71 2.71 2.71 2.71
