data/AilsaCraig_135_1_25m_ang_2m.asc
ncols	257
nrows	257
xllcorner	3364200.000000
yllcorner	3669375.000000
cellsize	25.000000
NODATA_value	-1.000000
[rows 84 to 125 of 257, columns 94 to 187 of 257]
135 135 135 135 135 135 135 135 135 135 135 135 135 135 135 135 135 135 135 135 135 135 135 135 135 135 135 135 135 135 135 134 134 135 135 135 135 135 135 135 135 135 135 135 135 135 135 135 135 135 135 135 135 135 135 135 135 135 135 135 135 135 135 135 135 135 135 135 135 135 135 135 135 135 135 135 135 135 135 135 135 135 135 135 135 135 135 135 135 135 135 135 135 135
135 135 135 135 135 135 135 135 135 135 135 135 135 135 135 135 135 135 135 135 135 135 135 135 135 135 135 134 134 134 134 134 134 134 134 134 134 134 134 134 135 135 135 135 135 135 135 135 135 135 135 135 135 135 135 135 135 135 135 135 135 135 135 135 135 135 135 135 135 135 135 135 135 135 135 135 135 135 135 135 135 135 135 135 135 135 135 135 135 135 135 135 135 135
135 135 135 135 135 135 135 135 135 135 135 135 135 135 135 135 135 135 135 135 135 135 135 135 134 134 134 134 134 134 134 134 134 134 134 134 134 134 134 134 134 134 134 135 135 135 135 135 135 135 135 135 135 135 135 135 135 135 135 135 135 135 135 135 135 135 135 135 135 135 135 135 135 135 135 135 135 135 135 135 135 135 135 135 135 135 135 135 135 135 135 135 135 135
135 135 135 135 135 135 135 135 135 135 135 135 135 135 135 135 135 135 135 135 135 135 134 134 134 134 134 134 134 134 134 134 134 134 134 134 134 134 134 134 134 134 134 134 134 135 135 135 135 135 135 135 135 135 135 135 135 135 135 135 135 135 135 135 135 135 135 135 135 135 135 135 135 135 135 135 135 135 135 135 135 135 135 135 135 135 135 135 135 135 135 135 135 135
135 135 135 135 135 135 135 135 135 135 135 135 135 135 135 135 135 135 135 135 135 134 134 134 134 134 134 134 134 134 134 134 134 134 134 134 134 134 134 134 134 134 134 134 134 134 135 135 135 135 135 135 135 135 135 135 135 135 135 135 135 135 135 135 135 135 135 135 135 135 135 135 135 135 135 135 135 135 135 135 135 135 135 135 135 135 135 135 135 135 135 135 135 135
135 135 135 135 135 135 135 135 135 135 135 135 135 135 135 135 135 135 135 135 134 134 134 134 134 134 134 134 134 134 134 134 134 134 134 134 134 134 134 134 134 134 134 134 134 134 134 135 135 135 135 135 135 135 135 135 135 135 135 135 135 135 135 135 135 135 135 135 135 135 135 135 135 135 135 135 135 135 135 135 135 135 135 135 135 135 135 135 135 135 135 135 135 135
135 135 135 135 135 135 135 135 135 135 135 135 135 135 135 135 135 135 135 134 134 134 134 134 134 134 134 134 134 134 134 134 134 134 134 134 134 134 134 134 134 134 134 134 134 134 134 134 135 135 135 135 135 135 135 135 135 135 135 135 135 135 135 135 135 135 135 135 135 135 135 135 135 135 135 135 135 135 135 135 135 135 135 135 135 135 135 135 135 135 135 135 135 135
135 135 135 135 135 135 135 135 135 135 135 135 135 135 135 135 135 135 134 134 134 134 134 134 134 134 134 134 134 134 134 133 133 133 133 133 134 134 134 134 134 134 134 134 134 134 134 134 134 135 135 135 135 135 135 135 135 135 135 135 135 135 135 135 135 135 135 135 135 135 135 135 135 135 135 135 135 135 135 135 135 135 135 135 135 135 135 135 135 135 135 135 135 135
135 135 135 135 135 135 135 135 135 135 135 135 135 135 135 135 135 134 134 134 134 134 134 134 134 134 134 133 133 133 133 133 133 133 133 133 133 133 133 134 134 134 134 134 134 134 134 134 134 134 135 135 135 135 135 135 135 135 135 135 135 135 135 135 135 135 135 135 135 135 135 135 135 135 135 135 135 135 135 135 135 135 135 135 135 135 135 135 135 135 135 135 135 135
135 135 135 135 135 135 135 135 135 135 135 135 135 135 135 135 135 134 134 134 134 134 134 134 134 133 133 133 133 133 133 133 133 133 133 133 133 133 133 133 133 134 134 134 134 134 134 134 134 134 135 135 135 135 135 135 135 135 135 135 135 135 135 135 135 135 135 135 135 135 135 135 135 135 135 135 135 135 135 135 135 135 135 135 135 135 135 135 135 135 135 135 135 135
135 135 135 135 135 135 135 135 135 135 135 135 135 135 135 135 134 134 134 134 134 134 134 134 133 133 133 133 133 133 133 133 133 133 133 133 133 133 133 133 133 133 134 134 134 134 134 134 134 134 134 135 135 135 135 135 135 135 135 135 135 135 135 135 135 135 135 135 135 135 135 135 135 135 135 135 135 135 135 135 135 135 135 135 135 135 135 135 135 135 135 135 135 135
135 135 135 135 135 135 135 135 135 135 135 135 135 135 135 135 134 134 134 134 134 134 134 133 133 133 133 133 133 132 132 132 132 132 132 132 132 133 133 133 133 133 133 134 134 134 134 134 134 134 134 135 135 135 135 135 135 135 135 135 135 135 135 135 135 135 135 135 135 135 135 135 135 135 135 135 135 135 135 135 135 135 135 135 135 135 135 135 135 135 135 135 135 135
135 135 135 135 135 135 135 135 135 135 135 135 135 135 135 134 134 134 134 134 134 134 133 133 133 133 133 132 132 132 132 132 132 132 132 132 132 132 132 132 133 133 133 133 134 134 134 134 134 134 134 135 135 135 135 135 135 135 135 135 135 135 135 135 135 135 135 135 135 135 135 135 135 135 135 135 135 135 135 135 135 135 135 135 135 135 135 135 135 135 135 135 135 135
135 135 135 135 135 135 135 135 135 135 135 135 135 135 135 134 134 134 134 134 134 133 133 133 133 132 132 132 132 131 131 131 131 131 131 131 131 132 132 132 132 133 133 133 133 134 134 134 134 134 134 135 135 135 135 135 135 135 135 135 135 135 135 135 135 135 135 135 135 135 135 135 135 135 135 135 135 135 135 135 135 135 135 135 135 135 135 135 135 135 135 135 135 135
135 135 135 135 135 135 135 135 135 135 135 135 135 135 135 134 134 134 134 134 133 133 133 133 133 132 132 132 131 131 131 131 130 130 131 131 131 131 131 132 132 132 133 133 133 134 134 134 134 134 134 135 135 135 135 135 135 135 135 135 135 135 135 135 135 135 135 135 135 135 135 135 135 135 135 135 135 135 135 135 135 135 135 135 135 135 135 135 135 135 135 135 135 135
135 135 135 135 135 135 135 135 135 135 135 135 135 135 135 134 134 134 134 134 133 133 133 133 132 132 131 131 131 130 130 130 130 130 130 130 130 130 131 131 132 132 132 133 133 133 134 134 134 134 134 135 135 135 135 135 135 135 135 135 135 135 135 135 135 135 135 135 135 135 135 135 135 135 135 135 135 135 135 135 135 135 135 135 135 135 135 135 135 135 135 135 135 135
135 135 135 135 135 135 135 135 135 135 135 135 135 135 135 134 134 134 134 134 133 133 133 132 132 131 131 130 130 129 129 128 128 128 128 129 129 130 130 131 131 132 132 133 133 133 134 134 134 134 134 135 135 135 135 135 135 135 135 135 135 135 135 135 135 135 135 135 135 135 135 135 135 135 135 135 135 135 135 135 135 135 135 135 135 135 135 135 135 135 135 135 135 135
135 135 135 135 135 135 135 135 135 135 135 135 135 135 135 135 134 134 134 134 133 133 133 132 132 131 130 130 129 128 128 127 127 127 127 127 128 128 129 130 131 131 132 132 133 133 134 134 134 134 134 135 135 135 135 135 135 135 135 135 135 135 135 135 135 135 135 135 135 135 135 135 135 135 135 135 135 135 135 135 135 135 135 135 135 135 135 135 135 135 135 135 135 135
135 135 135 135 135 135 135 135 135 135 135 135 135 135 135 135 134 134 134 134 133 133 133 132 131 130 129 128 127 126 125 125 124 125 125 125 126 127 128 129 130 131 132 132 133 133 134 134 134 134 135 135 135 135 135 135 135 135 135 135 135 135 135 135 135 135 135 135 135 135 135 135 135 135 135 135 135 135 135 135 135 135 135 135 135 135 135 135 135 135 135 135 135 135
135 135 135 135 135 135 135 135 135 135 135 135 135 135 135 135 134 134 134 134 133 133 132 132 131 129 128 127 125 124 123 122 121 122 122 123 124 125 127 128 129 131 131 132 133 133 134 134 134 134 135 135 135 135 135 135 135 135 135 135 135 135 135 135 135 135 135 135 135 135 135 135 135 135 135 135 135 135 135 135 135 135 135 135 135 135 135 135 135 135 135 135 135 135
135 135 135 135 135 135 135 135 135 135 135 135 135 135 135 135 135 134 134 134 133 133 132 131 130 129 127 126 124 122 121 119 118 118 119 120 121 123 125 127 129 130 131 132 133 133 134 134 134 134 135 135 135 135 135 135 135 135 135 135 135 135 135 135 135 135 135 135 135 135 135 135 135 135 135 135 135 135 135 135 135 135 135 135 135 135 135 135 135 135 135 135 135 135
135 135 135 135 135 135 135 135 135 135 135 135 135 135 135 135 135 135 134 134 133 133 132 131 130 128 126 124 121 118 116 114 113 113 114 115 117 120 123 126 129 130 131 132 133 133 134 134 134 135 135 135 135 135 135 135 135 135 136 136 136 136 135 135 135 135 135 135 135 135 135 135 135 135 135 135 135 135 135 135 135 135 135 135 135 135 135 135 135 135 135 135 135 135
135 135 135 135 135 135 135 135 135 135 135 135 135 135 135 135 135 135 134 134 134 133 132 131 130 128 126 122 118 112 107 105 105 105 106 107 110 115 121 126 129 130 132 132 133 133 134 134 134 135 135 135 135 135 135 136 136 136 136 136 136 136 136 136 136 135 135 135 135 135 135 135 135 135 135 135 135 135 135 135 135 135 135 135 135 135 135 135 135 135 135 135 135 135
135 135 135 135 135 136 136 136 136 136 136 136 136 135 135 135 135 135 135 134 134 133 132 131 130 128 125 121 114 104 93 91 96 98 99 100 104 111 119 126 129 131 132 133 133 134 134 134 135 135 135 135 135 136 136 136 136 136 136 136 136 136 136 136 136 136 136 135 135 135 135 135 135 135 135 135 135 135 135 135 135 135 135 135 135 135 135 135 135 135 135 135 135 135
135 135 135 136 136 136 136 136 136 136 136 136 136 136 136 136 135 135 135 135 134 134 133 132 130 127 124 119 110 94 79 82 93 99 103 106 112 118 125 130 132 132 133 133 133 134 134 135 135 135 135 136 136 136 136 136 136 136 136 136 136 136 136 136 136 136 136 136 135 135 135 135 135 135 135 135 135 135 135 135 135 135 135 135 135 135 135 135 135 135 135 135 135 135
135 136 136 136 136 136 136 136 136 136 136 136 136 136 136 136 136 136 136 135 135 134 133 132 131 128 124 118 105 88 76 85 99 112 117 117 120 127 136 141 137 134 133 133 133 134 134 135 135 135 136 136 136 136 136 136 136 136 136 136 136 136 136 136 136 136 136 136 136 135 135 135 135 135 135 135 135 135 135 135 135 135 135 135 135 135 135 135 135 135 135 135 135 135
136 136 136 136 136 136 136 136 136 136 136 136 136 136 136 136 136 136 136 136 135 135 134 134 132 130 125 118 107 96 88 92 105 119 126 124 125 133 144 150 141 134 132 132 133 134 135 135 136 136 136 136 136 136 136 136 136 136 136 136 136 136 136 136 136 136 136 136 136 136 135 135 135 135 135 135 135 135 135 135 135 135 135 135 135 135 135 135 135 135 135 135 135 135
136 136 136 136 136 136 136 136 136 136 136 136 136 136 137 137 137 137 137 137 136 136 136 135 134 132 129 126 123 113 99 98 111 126 133 129 131 139 151 151 141 132 130 133 134 134 135 136 136 136 137 137 137 137 137 137 137 137 137 137 136 136 136 136 136 136 136 136 136 136 136 135 135 135 135 135 135 135 135 135 135 135 135 135 135 135 135 135 135 135 135 135 135 135
136 136 136 136 136 136 136 136 136 136 136 136 136 137 137 137 137 138 138 138 138 137 137 137 136 134 135 140 140 122 110 106 117 131 138 131 133 146 155 147 138 131 129 132 134 135 136 136 137 137 137 137 137 137 137 137 137 137 137 137 137 136 136 136 136 136 136 136 136 136 136 136 135 135 135 135 135 135 135 135 135 135 135 135 135 135 135 135 135 135 135 135 135 135
136 136 136 136 136 136 136 136 137 137 137 137 137 137 138 138 138 138 139 139 139 139 139 140 141 139 140 149 146 131 118 112 119 134 140 131 133 147 148 138 133 128 125 126 131 136 137 138 138 138 138 138 138 138 138 138 137 137 137 137 137 137 137 136 136 136 136 136 136 136 136 136 136 135 135 135 135 135 135 135 135 135 135 135 135 135 135 135 135 135 135 135 135 135
136 136 136 136 136 136 137 137 137 137 137 137 137 138 138 138 139 139 140 140 141 142 144 145 145 144 146 153 145 135 121 114 119 132 135 128 130 137 137 132 129 127 124 125 129 136 140 141 140 139 139 139 139 138 138 138 138 138 137 137 137 137 137 137 136 136 136 136 136 136 136 136 136 135 135 135 135 135 135 135 135 135 135 135 135 135 135 135 135 135 135 135 135 135
136 136 136 136 136 137 137 137 137 137 137 137 138 138 139 139 140 141 142 142 144 146 149 150 148 146 150 156 144 136 121 113 116 127 126 122 125 127 130 130 129 129 127 127 130 137 146 145 141 141 140 140 140 139 139 139 138 138 138 137 137 137 137 137 137 136 136 136 136 136 136 136 136 136 135 135 135 135 135 135 135 135 135 135 135 135 135 135 135 135 135 135 135 135
136 136 136 136 137 137 137 137 137 137 137 138 139 139 139 140 141 142 143 145 148 152 155 154 150 147 152 155 143 135 120 112 113 120 117 118 123 122 125 130 130 130 129 129 130 135 148 148 144 143 142 141 141 140 140 139 139 138 138 138 138 137 137 137 137 137 136 136 136 136 136 136 136 136 135 135 135 135 135 135 135 135 135 135 135 135 135 135 135 135 135 135 135 135
136 136 136 137 137 137 137 137 137 137 138 138 139 139 140 141 142 143 145 148 152 158 159 155 149 147 152 149 140 132 119 111 110 114 115 118 123 122 124 130 132 131 130 130 131 132 141 148 146 144 143 142 142 141 140 140 139 139 138 138 138 138 137 137 137 137 137 136 136 136 136 136 136 136 136 135 135 135 135 135 135 135 135 135 135 135 135 135 135 135 135 135 135 135
136 136 137 137 137 137 137 137 137 138 138 139 139 140 141 142 143 145 148 152 159 163 161 154 148 147 149 145 137 129 117 110 109 113 117 120 123 124 127 131 131 131 132 131 133 134 138 150 149 146 145 143 143 142 141 140 140 139 139 138 138 138 138 137 137 137 137 136 136 136 136 136 136 136 136 135 135 135 135 135 135 135 135 135 135 135 135 135 135 135 135 135 135 135
136 136 137 137 137 137 137 138 138 138 139 139 140 141 142 143 145 147 150 157 164 165 162 155 150 150 147 142 135 126 116 110 110 114 119 121 123 126 129 131 130 133 135 133 136 137 138 148 152 149 146 145 144 143 142 141 140 140 139 139 138 138 138 137 137 137 137 137 136 136 136 136 136 136 136 136 135 135 135 135 135 135 135 135 135 135 135 135 135 135 135 135 135 135
136 137 137 137 137 137 138 138 138 139 139 140 140 141 143 144 146 149 153 161 166 165 162 156 153 151 146 140 134 124 116 113 114 117 120 122 123 126 129 131 131 134 135 134 137 140 140 146 152 149 147 146 145 144 143 142 141 140 140 139 139 138 138 138 137 137 137 137 136 136 136 136 136 136 136 136 135 135 135 135 135 135 135 135 135 135 135 135 135 135 135 135 135 135
137 137 137 137 137 138 138 138 138 139 140 140 141 142 144 145 147 151 156 163 165 163 159 154 152 149 143 139 133 124 119 117 117 119 121 123 124 127 130 132 132 132 134 137 140 142 145 149 153 151 150 148 147 145 144 143 142 141 140 139 139 139 138 138 138 137 137 137 137 136 136 136 136 136 136 136 135 135 135 135 135 135 135 135 135 135 135 135 135 135 135 135 135 135
137 137 137 137 138 138 138 138 139 139 140 141 142 143 144 146 148 153 158 162 164 162 156 150 148 146 141 139 134 126 122 121 121 122 124 125 126 129 131 133 133 134 136 141 144 146 148 152 154 155 154 150 148 146 145 144 142 141 141 140 139 139 138 138 138 137 137 137 137 136 136 136 136 136 136 136 136 135 135 135 135 135 135 135 135 135 135 135 135 135 135 135 135 135
137 137 137 137 138 138 138 139 139 140 141 141 142 144 145 147 150 155 159 161 162 161 154 148 145 143 140 139 136 129 126 124 124 125 126 127 128 130 133 134 134 136 140 144 147 149 150 152 154 155 154 151 149 147 146 144 143 142 141 140 140 139 139 138 138 138 137 137 137 137 136 136 136 136 136 136 136 135 135 135 135 135 135 135 135 135 135 135 135 135 135 135 135 135
137 137 137 138 138 138 138 139 139 140 141 142 143 145 146 149 152 156 160 161 161 159 153 148 146 143 142 141 138 132 129 127 127 128 129 130 131 133 135 135 136 139 142 146 149 150 153 155 155 155 154 152 151 149 147 145 144 142 141 141 140 139 139 138 138 138 137 137 137 137 136 136 136 136 136 136 136 135 135 135 135 135 135 135 135 135 135 135 135 135 135 135 135 135
137 137 138 138 138 138 139 139 140 141 142 143 144 146 148 150 154 159 161 161 161 158 154 150 148 146 143 141 138 132 130 129 129 131 132 132 134 136 138 138 138 141 144 148 149 151 153 156 157 158 158 156 153 150 148 146 144 143 142 141 140 139 139 138 138 138 137 137 137 137 136 136 136 136 136 136 136 135 135 135 135 135 135 135 135 135 135 135 135 135 135 135 135 135
