data/AilsaCraig_315_1_25m_ang.asc
ncols	257
nrows	257
xllcorner	3364200.000000
yllcorner	3669375.000000
cellsize	25.000000
NODATA_value	-1.000000
[rows 84 to 125 of 257, columns 95 to 189 of 257]
315 315 315 315 315 315 315 315 315 315 315 315 315 315 315 315 315 315 315 315 315 315 315 315 314 314 314 314 314 314 314 314 314 314 314 314 314 314 314 314 314 315 315 315 315 315 315 315 315 315 315 315 315 315 315 315 315 315 315 315 315 315 315 315 315 315 315 315 315 315 315 315 315 315 315 315 315 315 315 315 315 315 315 315 315 315 315 315 315 315 315 315 315 315 315
315 315 315 315 315 315 315 315 315 315 315 315 315 315 315 315 315 315 315 315 315 315 314 314 314 314 314 314 314 314 314 314 314 314 314 314 314 314 314 314 314 314 314 315 315 315 315 315 315 315 315 315 315 315 315 315 315 315 315 315 315 315 315 315 315 315 315 315 315 315 315 315 315 315 315 315 315 315 315 315 315 315 315 315 315 315 315 315 315 315 315 315 315 315 315
315 315 315 315 315 315 315 315 315 315 315 315 315 315 315 315 315 315 315 315 314 314 314 314 314 314 314 314 314 314 314 314 314 314 314 314 314 314 314 314 314 314 314 314 314 315 315 315 315 315 315 315 315 315 315 315 315 315 315 315 315 315 315 315 315 315 315 315 315 315 315 315 315 315 315 315 315 315 315 315 315 315 315 315 315 315 315 315 315 315 315 315 315 315 315
315 315 315 315 315 315 315 315 315 315 315 315 315 315 315 315 315 315 315 314 314 314 314 314 314 314 314 314 314 314 314 314 314 314 314 314 314 314 314 314 314 314 314 314 314 314 315 315 315 315 315 315 315 315 315 315 315 315 315 315 315 315 315 315 315 315 315 315 315 315 315 315 315 315 315 315 315 315 315 315 315 315 315 315 315 315 315 315 315 315 315 315 315 315 315
315 315 315 315 315 315 315 315 315 315 315 315 315 315 315 315 315 315 314 314 314 314 314 314 314 314 314 314 314 314 314 314 314 314 314 314 314 314 314 314 314 314 314 314 314 314 314 315 315 315 315 315 315 315 315 315 315 315 315 315 315 315 315 315 315 315 315 315 315 315 315 315 315 315 315 315 315 315 315 315 315 315 315 315 315 315 315 315 315 315 315 315 315 315 315
315 315 315 315 315 315 315 315 315 315 315 315 315 315 315 315 315 314 314 314 314 314 314 314 314 314 314 314 314 314 314 314 314 314 314 314 314 314 314 314 314 314 314 314 314 314 314 314 315 315 315 315 315 315 315 315 315 315 315 315 315 315 315 315 315 315 315 315 315 315 315 315 315 315 315 315 315 315 315 315 315 315 315 315 315 315 315 315 315 315 315 315 315 315 315
315 315 315 315 315 315 315 315 315 315 315 315 315 315 315 315 314 314 314 314 314 314 314 314 314 314 314 313 313 313 313 313 313 313 313 313 313 314 314 314 314 314 314 314 314 314 314 314 314 315 315 315 315 315 315 315 315 315 315 315 315 315 315 315 315 315 315 315 315 315 315 315 315 315 315 315 315 315 315 315 315 315 315 315 315 315 315 315 315 315 315 315 315 315 315
315 315 315 315 315 315 315 315 315 315 315 315 315 315 315 314 314 314 314 314 314 314 314 314 314 313 313 313 313 313 313 313 313 313 313 313 313 313 313 313 314 314 314 314 314 314 314 314 314 314 315 315 315 315 315 315 315 315 315 315 315 315 315 315 315 315 315 315 315 315 315 315 315 315 315 315 315 315 315 315 315 315 315 315 315 315 315 315 315 315 315 315 315 315 315
315 315 315 315 315 315 315 315 315 315 315 315 315 315 315 314 314 314 314 314 314 314 314 313 313 313 313 313 313 313 313 313 313 313 313 313 313 313 313 313 313 313 314 314 314 314 314 314 314 314 315 315 315 315 315 315 315 315 315 315 315 315 315 315 315 315 315 315 315 315 315 315 315 315 315 315 315 315 315 315 315 315 315 315 315 315 315 315 315 315 315 315 315 315 315
315 315 315 315 315 315 315 315 315 315 315 315 315 315 314 314 314 314 314 314 314 314 313 313 313 313 313 313 312 312 312 312 312 312 312 312 313 313 313 313 313 313 313 314 314 314 314 314 314 314 314 315 315 315 315 315 315 315 315 315 315 315 315 315 315 315 315 315 315 315 315 315 315 315 315 315 315 315 315 315 315 315 315 315 315 315 315 315 315 315 315 315 315 315 315
315 315 315 315 315 315 315 315 315 315 315 315 315 315 314 314 314 314 314 314 314 313 313 313 313 312 312 312 312 312 312 312 312 312 312 312 312 312 312 313 313 313 313 313 314 314 314 314 314 314 314 315 315 315 315 315 315 315 315 315 315 315 315 315 315 315 315 315 315 315 315 315 315 315 315 315 315 315 315 315 315 315 315 315 315 315 315 315 315 315 315 315 315 315 315
315 315 315 315 315 315 315 315 315 315 315 315 315 315 314 314 314 314 314 313 313 313 313 313 312 312 312 312 312 311 311 311 311 311 311 312 312 312 312 312 313 313 313 313 313 314 314 314 314 314 314 315 315 315 315 315 315 315 315 315 315 315 315 315 315 315 315 315 315 315 315 315 315 315 315 315 315 315 315 315 315 315 315 315 315 315 315 315 315 315 315 315 315 315 315
315 315 315 315 315 315 315 315 315 315 315 315 315 314 314 314 314 314 314 313 313 313 313 312 312 312 312 311 311 311 311 311 311 311 311 311 311 311 312 312 312 313 313 313 313 314 314 314 314 314 314 315 315 315 315 315 315 315 315 315 315 315 315 315 315 315 315 315 315 315 315 315 315 315 315 315 315 315 315 315 315 315 315 315 315 315 315 315 315 315 315 315 315 315 315
315 315 315 315 315 315 315 315 315 315 315 315 315 314 314 314 314 314 313 313 313 312 312 312 311 311 311 311 310 310 310 310 310 310 310 310 311 311 311 312 312 312 313 313 313 313 314 314 314 314 314 315 315 315 315 315 315 315 315 315 315 315 315 315 315 315 315 315 315 315 315 315 315 315 315 315 315 315 315 315 315 315 315 315 315 315 315 315 315 315 315 315 315 315 315
315 315 315 315 315 315 315 315 315 315 315 315 315 314 314 314 314 314 313 313 313 312 312 312 311 311 310 310 310 309 309 309 309 309 309 310 310 310 311 311 312 312 312 313 313 313 314 314 314 314 314 315 315 315 315 315 315 315 315 315 315 315 315 315 315 315 315 315 315 315 315 315 315 315 315 315 315 315 315 315 315 315 315 315 315 315 315 315 315 315 315 315 315 315 315
315 315 315 315 315 315 315 315 315 315 315 315 315 314 314 314 314 314 313 313 313 312 312 311 311 310 310 309 309 308 308 308 308 308 308 309 309 310 310 311 311 312 312 313 313 313 314 314 314 314 314 315 315 315 315 315 315 315 315 315 315 315 315 315 315 315 315 315 315 315 315 315 315 315 315 315 315 315 315 315 315 315 315 315 315 315 315 315 315 315 315 315 315 315 315
315 315 315 315 315 315 315 315 315 315 315 315 315 315 314 314 314 314 313 313 312 312 311 311 310 309 308 308 307 307 306 306 306 306 307 307 308 309 309 310 311 311 312 312 313 313 314 314 314 314 314 315 315 315 315 315 315 315 315 315 315 315 315 315 315 315 315 315 315 315 315 315 315 315 315 315 315 315 315 315 315 315 315 315 315 315 315 315 315 315 315 315 315 315 315
315 315 315 315 315 315 315 315 315 315 315 315 315 315 314 314 314 314 313 313 312 312 311 311 310 309 308 307 306 305 305 304 304 305 305 306 307 308 308 309 310 311 312 312 313 313 313 314 314 314 314 315 315 315 315 315 315 315 315 315 315 315 315 315 315 315 315 315 315 315 315 315 315 315 315 315 315 315 315 315 315 315 315 315 315 315 315 315 315 315 315 315 315 315 315
315 315 315 315 315 315 315 315 315 315 315 315 315 315 314 314 314 313 313 313 312 312 311 310 308 307 306 304 303 302 301 301 301 302 303 304 305 306 307 309 310 311 311 312 313 313 314 314 314 314 315 315 315 315 315 315 315 315 315 315 315 315 315 315 315 315 315 315 315 315 315 315 315 315 315 315 315 315 315 315 315 315 315 315 315 315 315 315 315 315 315 315 315 315 315
315 315 315 315 315 315 315 315 315 315 315 315 315 315 315 314 314 313 313 313 312 311 310 309 307 305 304 302 300 299 297 297 298 298 299 301 303 305 306 308 309 310 311 312 313 313 314 314 314 314 315 315 315 315 315 315 315 315 315 315 315 315 315 315 315 315 315 315 315 315 315 315 315 315 315 315 315 315 315 315 315 315 315 315 315 315 315 315 315 315 315 315 315 315 315
315 315 315 315 315 315 315 315 315 315 315 315 315 315 315 314 314 314 313 313 312 311 310 308 307 304 302 300 298 296 293 292 293 294 295 298 300 303 305 307 309 310 311 312 313 313 314 314 314 315 315 315 315 315 315 315 315 316 316 316 316 316 316 315 315 315 315 315 315 315 315 315 315 315 315 315 315 315 315 315 315 315 315 315 315 315 315 315 315 315 315 315 315 315 315
315 315 315 315 315 315 316 315 315 315 315 315 315 315 315 315 314 314 313 313 312 311 309 308 306 303 299 295 292 289 287 285 286 287 290 293 296 300 304 307 309 310 311 312 313 313 314 314 314 315 315 315 315 315 316 316 316 316 316 316 316 316 316 316 316 315 315 315 315 315 315 315 315 315 315 315 315 315 315 315 315 315 315 315 315 315 315 315 315 315 315 315 315 315 315
315 315 315 316 316 316 316 316 316 316 316 316 315 315 315 315 315 314 314 313 312 311 309 308 305 302 297 289 282 276 275 276 278 279 281 285 291 298 304 307 309 311 312 312 313 313 314 314 315 315 315 315 316 316 316 316 316 316 316 316 316 316 316 316 316 316 316 315 315 315 315 315 315 315 315 315 315 315 315 315 315 315 315 315 315 315 315 315 315 315 315 315 315 315 315
315 316 316 316 316 316 316 316 316 316 316 316 316 316 315 315 315 314 314 313 312 311 310 307 304 300 293 283 268 256 260 268 271 272 274 279 288 297 304 308 310 311 312 313 313 314 314 315 315 315 315 316 316 316 316 316 316 316 316 316 316 316 316 316 316 316 316 316 315 315 315 315 315 315 315 315 315 315 315 315 315 315 315 315 315 315 315 315 315 315 315 315 315 315 315
316 316 316 316 316 316 316 316 316 316 316 316 316 316 316 316 315 315 314 314 313 312 310 308 303 298 288 272 249 239 254 269 273 278 281 289 296 303 309 310 311 312 312 313 313 314 314 315 315 316 316 316 316 316 316 316 316 316 316 316 316 316 316 316 316 316 316 316 316 315 315 315 315 315 315 315 315 315 315 315 315 315 315 315 315 315 315 315 315 315 315 315 315 315 315
316 316 316 316 316 316 316 316 316 316 316 316 316 316 316 316 316 316 315 315 314 312 311 309 303 295 281 255 240 241 259 276 291 296 295 299 307 316 323 317 313 313 313 313 313 314 315 315 316 316 316 316 316 317 317 317 317 316 316 316 316 316 316 316 316 316 316 316 316 316 315 315 315 315 315 315 315 315 315 315 315 315 315 315 315 315 315 315 315 315 315 315 315 315 315
316 316 316 316 316 316 316 316 316 317 316 316 316 316 317 317 317 317 316 315 314 314 313 310 305 293 272 248 254 257 265 281 298 306 303 304 313 325 333 322 314 312 312 313 314 315 315 316 316 316 317 317 317 317 317 317 317 317 317 317 316 316 316 316 316 316 316 316 316 316 316 315 315 315 315 315 315 315 315 315 315 315 315 315 315 315 315 315 315 315 315 315 315 315 315
316 316 316 316 316 316 317 317 317 317 317 317 317 317 317 317 318 318 318 317 316 316 316 312 307 298 278 273 274 269 271 288 306 314 308 310 320 333 334 322 311 309 312 314 314 315 316 316 317 317 317 317 317 317 317 317 317 317 317 317 317 317 316 316 316 316 316 316 316 316 316 316 315 315 315 315 315 315 315 315 315 315 315 315 315 315 315 315 315 315 315 315 315 315 315
316 316 316 316 316 317 317 317 317 317 317 317 317 318 318 318 319 319 319 319 318 318 319 319 312 315 319 309 288 282 279 294 313 321 310 313 328 338 329 319 310 308 312 314 316 317 317 317 318 318 318 318 318 318 318 318 318 317 317 317 317 317 317 316 316 316 316 316 316 316 316 316 316 315 315 315 315 315 315 315 315 315 315 315 315 315 315 315 315 315 315 315 315 315 315
316 316 316 317 317 317 317 317 317 317 317 317 318 319 319 319 320 321 321 321 322 322 324 329 325 327 333 325 302 292 287 297 316 321 309 312 329 330 318 313 306 303 305 311 317 318 318 319 319 319 319 319 319 318 318 318 318 318 318 317 317 317 317 317 317 316 316 316 316 316 316 316 316 316 315 315 315 315 315 315 315 315 315 315 315 315 315 315 315 315 315 315 315 315 315
316 316 317 317 317 317 317 317 317 317 317 318 319 319 320 320 321 323 323 325 328 331 335 335 334 335 336 322 309 297 290 296 314 315 305 308 316 318 312 309 305 302 303 308 317 321 322 321 320 320 320 320 319 319 319 319 318 318 318 318 317 317 317 317 317 317 316 316 316 316 316 316 316 316 315 315 315 315 315 315 315 315 315 315 315 315 315 315 315 315 315 315 315 315 315
316 317 317 317 317 317 318 318 318 318 318 319 320 320 321 321 324 325 326 330 334 342 346 337 334 338 340 322 312 297 289 293 307 302 298 301 304 310 310 308 308 306 306 309 317 330 328 323 323 322 321 321 320 320 320 319 319 319 318 318 318 318 317 317 317 317 317 316 316 316 316 316 316 316 316 315 315 315 315 315 315 315 315 315 315 315 315 315 315 315 315 315 315 315 315
316 317 317 317 317 318 318 318 318 318 319 320 320 321 322 323 326 327 330 336 345 353 349 337 332 339 341 321 313 297 288 290 297 292 294 300 299 304 309 310 310 308 309 309 315 333 330 325 325 323 323 322 321 321 320 320 319 319 319 318 318 318 318 317 317 317 317 316 316 316 316 316 316 316 316 315 315 315 315 315 315 315 315 315 315 315 315 315 315 315 315 315 315 315 315
317 317 317 317 318 318 318 318 318 319 320 321 321 322 323 325 327 331 336 344 356 356 346 333 331 337 333 319 311 296 286 286 290 290 295 301 299 301 310 311 311 309 309 310 311 322 331 329 326 325 324 323 323 322 321 320 320 319 319 319 318 318 318 318 317 317 317 317 316 316 316 316 316 316 316 316 315 315 315 315 315 315 315 315 315 315 315 315 315 315 315 315 315 315 315
317 317 317 318 318 318 318 318 319 319 320 321 322 323 325 327 329 334 343 355 1 354 342 331 330 332 326 317 307 294 285 283 289 294 298 301 302 306 311 310 310 311 310 313 312 317 332 330 328 327 326 325 324 323 322 321 320 320 319 319 319 318 318 318 317 317 317 317 316 316 316 316 316 316 316 316 315 315 315 315 315 315 315 315 315 315 315 315 315 315 315 315 315 315 315
317 317 317 318 318 318 318 319 319 320 321 322 323 324 326 329 332 339 350 1 0 353 342 334 333 329 322 314 304 292 285 285 291 296 300 302 305 309 311 309 313 315 312 316 316 317 330 334 331 329 327 326 325 324 323 322 321 320 320 319 319 319 318 318 318 317 317 317 317 316 316 316 316 316 316 316 315 315 315 315 315 315 315 315 315 315 315 315 315 315 315 315 315 315 315
317 317 318 318 318 319 319 319 320 321 322 323 324 326 328 331 335 343 356 1 356 350 340 337 335 327 320 312 301 292 288 290 293 298 300 302 305 309 311 311 314 315 313 317 320 320 327 335 331 330 329 328 327 325 324 323 322 321 320 320 319 319 319 318 318 317 317 317 317 316 316 316 316 316 316 316 316 315 315 315 315 315 315 315 315 315 315 315 315 315 315 315 315 315 315
317 318 318 318 319 319 319 319 320 322 322 323 325 327 329 333 339 347 357 358 353 345 337 335 332 324 318 311 301 295 293 294 297 299 301 303 306 310 311 311 312 314 317 320 323 326 331 335 333 332 331 330 328 327 325 324 323 322 321 320 320 319 319 318 318 318 317 317 317 317 316 316 316 316 316 316 316 315 315 315 315 315 315 315 315 315 315 315 315 315 315 315 315 315 315
317 318 318 318 319 319 319 320 321 322 323 324 326 329 331 335 342 351 356 354 350 340 332 329 326 320 317 312 303 299 298 298 301 302 303 305 308 311 312 312 313 316 321 325 326 329 334 337 338 338 334 331 330 328 326 324 323 322 321 321 320 319 319 319 318 318 317 317 317 317 316 316 316 316 316 316 316 315 315 315 315 315 315 315 315 315 315 315 315 315 315 315 315 315 315
318 318 318 319 319 319 320 320 322 323 324 325 327 330 333 337 345 352 353 351 347 337 328 324 321 318 318 314 307 303 302 302 304 305 306 307 310 313 313 314 316 320 324 328 329 331 334 335 338 338 335 332 331 329 327 325 324 323 322 321 320 320 319 319 318 318 318 317 317 317 317 316 316 316 316 316 316 316 315 315 315 315 315 315 315 315 315 315 315 315 315 315 315 315 315
318 318 319 319 319 320 320 321 322 324 325 326 329 332 335 340 348 352 352 350 345 335 328 325 321 319 320 316 310 307 305 305 307 309 309 310 312 314 315 316 319 323 327 330 332 334 337 338 338 336 335 334 332 330 328 326 325 323 322 321 321 320 319 319 318 318 318 317 317 317 317 316 316 316 316 316 316 316 315 315 315 315 315 315 315 315 315 315 315 315 315 315 315 315 315
318 318 319 319 320 320 320 322 323 324 326 327 330 333 337 344 351 354 354 351 343 335 330 328 325 321 320 316 310 308 308 308 310 312 312 313 316 318 318 318 321 325 328 330 332 335 338 340 341 341 340 337 334 332 329 327 325 324 323 322 321 320 320 319 319 318 318 317 317 317 317 316 316 316 316 316 316 316 315 315 315 315 315 315 315 315 315 315 315 315 315 315 315 315 315
