data/AilsaCraig_225_1_25m_ang_2m.asc
ncols	257
nrows	257
xllcorner	3364200.000000
yllcorner	3669375.000000
cellsize	25.000000
NODATA_value	-1.000000
[rows 126 to 167 of 257, columns 94 to 187 of 257]
223 223 223 223 223 222 222 221 220 220 220 218 217 217 215 214 211 210 211 211 209 208 209 211 213 215 216 216 219 224 227 229 229 228 227 226 225 223 221 222 221 220 218 216 214 211 208 205 203 203 199 190 192 201 207 211 213 214 216 218 219 220 221 221 222 222 222 223 223 223 223 224 224 224 224 224 224 224 224 225 225 225 225 225 225 225 225 225 225 225 225 225 225 225
223 223 223 223 222 222 221 221 220 220 219 218 217 216 215 213 211 209 211 212 211 211 211 211 213 215 216 217 221 225 227 229 229 228 228 227 226 224 223 224 223 221 218 216 214 211 207 204 202 202 201 194 192 198 205 210 212 214 216 218 219 220 221 221 222 222 222 223 223 223 223 224 224 224 224 224 224 224 224 225 225 225 225 225 225 225 225 225 225 225 225 225 225 225
223 223 223 222 222 222 221 220 220 219 219 218 217 215 214 212 210 209 210 212 213 214 213 212 214 217 217 218 223 227 229 230 230 229 229 230 228 226 226 226 226 223 219 216 213 208 204 201 200 200 201 198 193 197 204 209 212 214 216 217 219 219 220 221 222 222 222 223 223 223 223 224 224 224 224 224 224 224 224 225 225 225 225 225 225 225 225 225 225 225 225 225 225 225
223 223 223 222 222 222 221 220 219 219 218 217 216 215 213 211 209 208 209 211 214 215 215 214 216 218 218 219 224 227 229 230 230 229 230 230 228 227 227 228 228 226 221 216 211 206 202 199 198 199 201 201 197 196 203 208 212 214 215 217 218 219 220 221 222 222 222 223 223 223 223 224 224 224 224 224 224 224 224 225 225 225 225 225 225 225 225 225 225 225 225 225 225 225
223 223 223 222 222 222 221 220 219 219 218 216 216 214 212 209 207 208 209 210 215 217 216 216 217 218 218 219 223 226 228 229 229 229 230 230 227 226 227 227 227 226 222 216 211 207 203 200 198 200 201 201 200 198 202 207 211 214 215 217 218 219 220 221 222 222 222 223 223 223 223 224 224 224 224 224 224 224 224 225 225 225 225 225 225 225 225 225 225 225 225 225 225 225
223 223 223 222 222 221 220 219 219 219 217 216 215 213 211 208 206 208 210 211 216 218 218 218 219 220 219 221 224 226 228 228 228 228 229 229 226 224 225 224 225 225 222 217 213 210 206 202 200 200 201 202 203 201 202 207 211 214 216 217 218 219 220 221 221 222 222 223 223 223 223 224 224 224 224 224 224 224 224 225 225 225 225 225 225 225 225 225 225 225 225 225 225 225
223 223 223 222 222 221 220 219 219 218 217 216 214 213 211 207 205 208 210 212 217 219 219 221 222 223 223 224 226 228 229 229 228 228 229 228 225 222 222 222 223 224 222 218 216 214 211 206 202 201 202 203 204 204 204 207 211 214 216 217 218 219 220 221 222 222 222 223 223 223 223 224 224 224 224 224 224 224 224 225 225 225 225 225 225 225 225 225 225 225 225 225 225 225
223 223 222 222 222 221 220 219 219 218 216 215 214 211 210 207 205 207 209 212 217 220 221 223 224 226 227 228 229 230 230 230 229 229 229 228 225 221 221 221 222 224 222 220 218 216 213 207 203 202 203 204 206 207 207 208 211 214 216 217 218 219 220 221 222 222 222 223 223 223 223 224 224 224 224 224 224 224 224 225 225 225 225 225 225 225 225 225 225 225 225 225 225 225
223 223 222 222 222 221 220 219 218 217 216 215 213 210 208 205 205 206 208 212 217 221 223 225 227 228 230 230 231 232 232 232 231 230 230 229 225 222 221 221 222 224 223 220 217 215 211 206 201 201 202 204 206 208 209 210 212 214 216 217 218 219 220 221 222 222 222 223 223 223 223 224 224 224 224 224 224 224 224 225 225 225 225 225 225 225 225 225 225 225 225 225 225 225
223 223 222 222 221 220 219 219 218 217 215 214 212 210 206 203 205 207 209 212 217 221 223 225 228 230 231 232 232 233 233 233 232 231 231 229 227 224 223 222 223 224 223 220 217 215 211 206 201 199 202 205 207 209 211 211 212 214 216 217 218 219 220 221 222 222 222 223 223 223 223 224 224 224 224 224 224 224 224 225 225 225 225 225 225 225 225 225 225 225 225 225 225 225
223 223 222 222 221 220 219 219 218 216 215 213 211 209 205 203 206 208 210 213 216 220 223 225 228 230 231 231 232 233 233 232 232 232 231 230 228 227 225 223 223 224 224 221 218 216 213 209 204 201 203 205 207 209 211 212 213 214 215 217 219 219 220 221 222 222 223 223 223 223 223 224 224 224 224 224 224 224 224 225 225 225 225 225 225 225 225 225 225 225 225 225 225 225
223 223 222 222 221 220 219 219 218 216 215 213 210 207 204 203 205 207 209 212 216 220 222 224 227 228 229 230 231 231 231 231 230 231 230 229 229 228 225 223 223 225 225 222 219 217 215 211 207 204 205 207 208 210 212 213 214 214 216 217 219 220 221 221 222 222 223 223 223 223 224 224 224 224 224 224 224 224 224 225 225 225 225 225 225 225 225 225 225 225 225 225 225 225
223 223 222 222 221 220 219 218 217 216 214 212 209 205 202 201 202 204 207 210 214 219 221 223 225 226 227 228 228 229 229 229 229 229 228 227 228 227 223 221 223 225 225 223 220 218 216 213 208 205 207 208 209 211 213 213 214 215 216 218 219 220 221 222 222 222 223 223 223 223 224 224 224 224 224 224 224 224 225 225 225 225 225 225 225 225 225 225 225 225 225 225 225 225
223 223 222 222 221 220 219 218 217 216 214 211 207 202 199 199 199 201 205 208 212 216 219 220 222 224 224 225 226 226 226 226 226 225 224 224 226 224 220 220 222 224 225 224 221 219 217 214 209 207 208 210 210 212 213 214 215 217 218 219 220 221 221 222 222 223 223 223 223 223 224 224 224 224 224 224 224 224 225 225 225 225 225 225 225 225 225 225 225 225 225 225 225 225
223 223 222 222 221 220 220 219 217 215 213 210 206 199 194 196 197 198 202 204 208 213 216 219 221 222 223 223 224 225 225 225 225 222 221 223 225 223 220 219 222 225 226 224 222 221 218 215 210 208 210 212 212 213 214 216 217 218 219 220 220 221 222 222 222 223 223 223 223 224 224 224 224 224 224 224 224 224 225 225 225 225 225 225 225 225 225 225 225 225 225 225 225 225
223 223 222 222 221 221 220 219 217 215 213 210 206 197 188 188 194 196 199 202 206 211 215 219 221 222 223 224 225 226 225 225 225 221 221 225 227 225 222 220 223 226 227 225 224 222 219 215 211 209 212 214 214 215 216 217 218 219 220 220 221 221 222 222 223 223 223 223 223 224 224 224 224 224 224 224 224 224 225 225 225 225 225 225 225 225 225 225 225 225 225 225 225 225
223 223 222 222 221 221 220 219 218 216 214 211 207 199 186 178 185 193 197 202 207 213 218 222 224 225 225 226 227 228 228 228 226 221 221 227 228 228 226 224 226 228 228 227 226 224 221 216 212 212 214 215 216 216 217 219 219 220 220 221 221 222 222 223 223 223 223 223 224 224 224 224 224 224 224 224 224 225 225 225 225 225 225 225 225 225 225 225 225 225 225 225 225 225
223 223 222 222 222 221 220 219 218 216 215 212 208 202 192 177 171 183 195 204 212 218 223 227 228 228 228 229 230 231 231 231 227 221 223 228 228 230 230 229 230 231 230 229 228 226 223 218 213 214 216 217 217 218 219 220 220 220 221 221 222 222 223 223 223 223 223 224 224 224 224 224 224 224 224 224 224 225 225 225 225 225 225 225 225 225 225 225 225 225 225 225 225 225
223 223 223 222 222 221 221 220 219 217 216 213 210 206 199 187 173 172 193 208 217 221 226 230 232 231 231 232 234 236 236 234 228 223 225 229 229 231 231 232 233 234 232 231 230 228 225 219 215 216 218 219 219 220 220 220 221 221 222 222 222 223 223 223 223 223 224 224 224 224 224 224 224 224 224 224 225 225 225 225 225 225 225 225 225 225 225 225 225 225 225 225 225 225
223 223 223 222 222 221 221 220 219 218 217 215 212 209 205 198 185 174 182 217 219 223 228 231 233 233 234 235 237 240 240 235 228 227 229 230 230 231 233 235 237 236 235 233 232 230 226 221 217 219 221 221 221 221 221 221 221 222 222 222 223 223 223 223 223 224 224 224 224 224 224 224 224 224 224 224 225 225 225 225 225 225 225 225 225 225 225 225 225 225 225 225 225 225
223 223 223 223 222 222 221 221 220 219 218 216 215 212 209 205 199 186 178 208 222 224 229 232 234 235 236 237 239 243 242 234 228 230 233 234 233 234 237 239 240 240 238 236 234 232 228 223 221 222 223 223 222 222 222 222 222 222 222 223 223 223 223 223 224 224 224 224 224 224 224 224 224 224 224 225 225 225 225 225 225 225 225 225 225 225 225 225 225 225 225 225 225 225
223 223 223 223 223 222 222 221 221 220 219 218 217 215 213 211 208 200 188 190 219 229 233 234 236 237 238 239 241 245 241 229 226 229 233 237 237 241 245 246 245 244 242 239 236 234 231 226 224 224 224 223 223 223 223 223 222 223 223 223 223 223 224 224 224 224 224 224 224 224 224 224 224 224 225 225 225 225 225 225 225 225 225 225 225 225 225 225 225 225 225 225 225 225
224 223 223 223 223 222 222 222 221 221 220 219 219 218 216 215 214 211 209 211 223 237 239 239 240 240 241 242 244 246 239 228 225 226 227 230 231 239 248 250 250 250 246 242 239 237 233 229 226 225 224 224 224 223 223 223 223 223 223 224 224 224 224 224 224 224 224 224 224 224 224 224 224 224 225 225 225 225 225 225 225 225 225 225 225 225 225 225 225 225 225 225 225 225
224 224 223 223 223 223 222 222 222 221 221 221 220 220 219 219 218 219 220 224 237 252 249 244 244 244 245 246 248 246 239 232 229 227 224 224 225 232 243 247 248 250 248 245 242 239 235 231 227 226 225 225 224 224 224 224 223 223 224 224 224 224 224 224 224 224 224 224 224 224 224 224 224 225 225 225 225 225 225 225 225 225 225 225 225 225 225 225 225 225 225 225 225 225
224 224 224 223 223 223 223 223 222 222 222 222 221 221 221 221 222 223 225 230 241 261 270 256 250 249 249 250 249 245 237 235 233 229 225 223 224 229 236 240 242 244 244 243 241 239 236 232 229 227 226 225 225 225 224 224 224 224 224 224 224 224 224 224 224 224 224 224 224 224 224 224 225 225 225 225 225 225 225 225 225 225 225 225 225 225 225 225 225 225 225 225 225 225
224 224 224 224 223 223 223 223 223 223 223 222 222 222 223 223 224 225 228 232 238 251 270 275 262 255 252 252 250 243 235 235 235 230 226 224 225 229 233 236 238 239 239 238 238 237 234 231 229 227 226 226 225 225 225 224 224 224 224 224 224 224 224 224 224 224 224 224 224 224 224 225 225 225 225 225 225 225 225 225 225 225 225 225 225 225 225 225 225 225 225 225 225 225
224 224 224 224 224 224 224 223 223 223 223 223 223 223 224 224 225 227 229 232 237 244 256 270 275 265 257 256 253 245 237 236 236 232 227 225 227 230 232 234 235 236 235 235 235 234 232 231 229 228 227 226 226 225 225 225 224 224 224 224 224 224 224 224 224 224 224 224 224 225 225 225 225 225 225 225 225 225 225 225 225 225 225 225 225 225 225 225 225 225 225 225 225 225
224 224 224 224 224 224 224 224 224 224 224 224 224 224 225 225 226 227 229 232 236 241 247 257 268 270 268 263 258 249 242 240 238 233 229 228 229 231 232 233 233 233 233 233 232 231 231 230 228 228 227 226 226 225 225 225 225 225 225 225 224 224 224 224 224 224 225 225 225 225 225 225 225 225 225 225 225 225 225 225 225 225 225 225 225 225 225 225 225 225 225 225 225 225
224 224 224 224 224 224 224 224 224 224 224 224 224 225 225 226 227 228 229 232 234 238 242 248 254 260 265 266 262 255 248 244 240 235 231 230 230 230 231 231 231 231 231 230 230 230 230 229 228 228 227 226 226 226 225 225 225 225 225 225 225 225 225 225 225 225 225 225 225 225 225 225 225 225 225 225 225 225 225 225 225 225 225 225 225 225 225 225 225 225 225 225 225 225
224 224 224 224 224 224 224 224 224 224 224 225 225 225 226 226 227 228 229 231 233 236 239 242 246 250 254 256 257 255 250 245 240 234 231 230 230 229 229 230 229 230 230 229 229 229 229 229 228 227 227 226 226 226 225 225 225 225 225 225 225 225 225 225 225 225 225 225 225 225 225 225 225 225 225 225 225 225 225 225 225 225 225 225 225 225 225 225 225 225 225 225 225 225
224 224 224 224 224 224 224 224 225 225 225 225 225 225 226 226 227 228 229 231 232 234 236 239 241 243 245 247 248 247 246 243 238 234 231 230 229 229 229 229 229 229 229 229 228 228 228 228 227 227 227 226 226 226 225 225 225 225 225 225 225 225 225 225 225 225 225 225 225 225 225 225 225 225 225 225 225 225 225 225 225 225 225 225 225 225 225 225 225 225 225 225 225 225
225 225 225 225 225 225 225 225 225 225 225 225 225 226 226 227 227 228 229 230 231 233 234 236 238 239 240 241 241 241 240 239 236 233 231 230 229 229 229 229 229 229 229 228 228 228 228 227 227 227 226 226 226 226 225 225 225 225 225 225 225 225 225 225 225 225 225 225 225 225 225 225 225 225 225 225 225 225 225 225 225 225 225 225 225 225 225 225 225 225 225 225 225 225
225 225 225 225 225 225 225 225 225 225 225 225 226 226 226 227 227 228 228 229 230 231 233 234 235 236 237 238 238 237 237 236 234 233 231 230 230 229 229 229 229 228 228 228 228 228 227 227 227 226 226 226 226 226 225 225 225 225 225 225 225 225 225 225 225 225 225 225 225 225 225 225 225 225 225 225 225 225 225 225 225 225 225 225 225 225 225 225 225 225 225 225 225 225
225 225 225 225 225 225 225 225 225 225 225 225 226 226 226 227 227 228 228 229 230 230 231 232 233 234 234 235 235 235 234 234 233 232 231 230 229 229 228 229 228 228 228 227 227 227 227 227 226 226 226 226 226 226 225 225 225 225 225 225 225 225 225 225 225 225 225 225 225 225 225 225 225 225 225 225 225 225 225 225 225 225 225 225 225 225 225 225 225 225 225 225 225 225
225 225 225 225 225 225 225 225 225 225 225 225 226 226 226 227 227 227 228 228 229 230 230 231 232 232 233 233 233 233 233 232 231 231 230 230 229 229 228 228 228 228 227 227 227 227 227 227 226 226 226 226 226 226 225 225 225 225 225 225 225 225 225 225 225 225 225 225 225 225 225 225 225 225 225 225 225 225 225 225 225 225 225 225 225 225 225 225 225 225 225 225 225 225
225 225 225 225 225 225 225 225 225 225 225 226 226 226 226 226 227 227 228 228 228 229 229 230 230 231 231 231 231 231 231 231 230 230 229 229 229 228 228 228 228 227 227 227 227 227 227 226 226 226 226 226 226 226 225 225 225 225 225 225 225 225 225 225 225 225 225 225 225 225 225 225 225 225 225 225 225 225 225 225 225 225 225 225 225 225 225 225 225 225 225 225 225 225
225 225 225 225 225 225 225 225 225 225 225 226 226 226 226 226 227 227 227 228 228 228 229 229 230 230 230 230 230 230 230 230 230 229 229 229 228 228 228 228 227 227 227 227 227 227 226 226 226 226 226 226 226 226 226 225 225 225 225 225 225 225 225 225 225 225 225 225 225 225 225 225 225 225 225 225 225 225 225 225 225 225 225 225 225 225 225 225 225 225 225 225 225 225
225 225 225 225 225 225 225 225 225 225 225 226 226 226 226 226 227 227 227 227 228 228 228 229 229 229 229 229 229 229 229 229 229 229 228 228 228 228 227 227 227 227 227 227 227 226 226 226 226 226 226 226 226 226 225 225 225 225 225 225 225 225 225 225 225 225 225 225 225 225 225 225 225 225 225 225 225 225 225 225 225 225 225 225 225 225 225 225 225 225 225 225 225 225
225 225 225 225 225 225 225 225 225 225 225 226 226 226 226 226 226 227 227 227 227 228 228 228 228 228 229 229 229 229 229 228 228 228 228 228 228 227 227 227 227 227 227 227 226 226 226 226 226 226 226 226 226 226 225 225 225 225 225 225 225 225 225 225 225 225 225 225 225 225 225 225 225 225 225 225 225 225 225 225 225 225 225 225 225 225 225 225 225 225 225 225 225 225
225 225 225 225 225 225 225 225 225 225 225 226 226 226 226 226 226 226 227 227 227 227 227 228 228 228 228 228 228 228 228 228 228 228 228 227 227 227 227 227 227 227 227 226 226 226 226 226 226 226 226 226 226 226 225 225 225 225 225 225 225 225 225 225 225 225 225 225 225 225 225 225 225 225 225 225 225 225 225 225 225 225 225 225 225 225 225 225 225 225 225 225 225 225
225 225 225 225 225 225 225 225 225 225 225 226 226 226 226 226 226 226 226 227 227 227 227 227 227 228 228 228 228 228 228 228 227 227 227 227 227 227 227 227 227 227 226 226 226 226 226 226 226 226 226 226 226 225 225 225 225 225 225 225 225 225 225 225 225 225 225 225 225 225 225 225 225 225 225 225 225 225 225 225 225 225 225 225 225 225 225 225 225 225 225 225 225 225
225 225 225 225 225 225 225 225 225 225 225 226 226 226 226 226 226 226 226 226 227 227 227 227 227 227 227 227 227 227 227 227 227 227 227 227 227 227 227 227 226 226 226 226 226 226 226 226 226 226 226 226 225 225 225 225 225 225 225 225 225 225 225 225 225 225 225 225 225 225 225 225 225 225 225 225 225 225 225 225 225 225 225 225 225 225 225 225 225 225 225 225 225 225
