data/AilsaCraig_270_1_25m_vel_5m.asc
ncols	257
nrows	257
xllcorner	3364200.000000
yllcorner	3669375.000000
cellsize	25.000000
NODATA_value	-1.000000
[rows 76 to 113 of 257, columns 84 to 167 of 257]
2.31 2.31 2.31 2.31 2.31 2.31 2.31 2.31 2.31 2.31 2.31 2.31 2.31 2.31 2.31 2.31 2.31 2.31 2.31 2.31 2.31 2.31 2.31 2.31 2.31 2.31 2.31 2.31 2.31 2.31 2.31 2.31 2.31 2.31 2.31 2.31 2.31 2.31 2.31 2.31 2.31 2.31 2.31 2.31 2.31 2.31 2.31 2.31 2.31 2.31 2.31 2.31 2.31 2.31 2.31 2.31 2.31 2.31 2.31 2.31 2.31 2.31 2.31 2.31 2.31 2.31 2.31 2.31 2.31 2.31 2.31 2.31 2.31 2.31 2.31 2.31 2.31 2.31 2.31 2.31 2.31 2.31 2.31 2.31
2.31 2.31 2.31 2.31 2.31 2.31 2.31 2.31 2.31 2.31 2.31 2.31 2.31 2.31 2.31 2.31 2.31 2.31 2.31 2.31 2.31 2.31 2.31 2.31 2.31 2.31 2.31 2.31 2.31 2.31 2.31 2.31 2.31 2.31 2.31 2.31 2.31 2.31 2.31 2.31 2.31 2.31 2.31 2.31 2.31 2.31 2.31 2.31 2.31 2.31 2.31 2.31 2.31 2.31 2.31 2.31 2.31 2.31 2.31 2.31 2.31 2.31 2.31 2.31 2.31 2.31 2.31 2.31 2.31 2.31 2.31 2.31 2.31 2.31 2.31 2.31 2.31 2.31 2.31 2.31 2.31 2.31 2.31 2.31
2.31 2.31 2.31 2.31 2.31 2.31 2.31 2.31 2.31 2.31 2.31 2.31 2.31 2.31 2.31 2.31 2.31 2.31 2.31 2.31 2.31 2.31 2.31 2.31 2.31 2.31 2.31 2.31 2.31 2.31 2.31 2.31 2.31 2.31 2.31 2.31 2.31 2.31 2.31 2.31 2.31 2.31 2.31 2.31 2.31 2.31 2.31 2.31 2.31 2.31 2.31 2.31 2.31 2.31 2.31 2.31 2.31 2.31 2.31 2.31 2.31 2.31 2.31 2.31 2.31 2.31 2.31 2.31 2.31 2.31 2.31 2.31 2.31 2.31 2.31 2.31 2.31 2.31 2.31 2.31 2.31 2.31 2.31 2.31
2.31 2.31 2.31 2.31 2.31 2.31 2.31 2.31 2.31 2.31 2.31 2.31 2.31 2.31 2.31 2.31 2.31 2.30 2.31 2.31 2.30 2.31 2.31 2.31 2.31 2.31 2.31 2.31 2.31 2.31 2.31 2.31 2.31 2.31 2.31 2.31 2.31 2.31 2.31 2.31 2.31 2.31 2.31 2.31 2.31 2.31 2.31 2.31 2.31 2.31 2.31 2.31 2.31 2.31 2.31 2.31 2.31 2.31 2.31 2.31 2.31 2.31 2.31 2.31 2.31 2.31 2.31 2.31 2.31 2.31 2.31 2.30 2.30 2.31 2.31 2.31 2.31 2.31 2.31 2.31 2.31 2.31 2.31 2.31
2.31 2.31 2.31 2.31 2.31 2.31 2.31 2.31 2.31 2.31 2.31 2.30 2.31 2.30 2.31 2.30 2.30 2.31 2.30 2.30 2.30 2.30 2.30 2.30 2.31 2.31 2.31 2.31 2.31 2.31 2.31 2.31 2.31 2.31 2.31 2.31 2.31 2.31 2.31 2.31 2.31 2.31 2.31 2.31 2.31 2.31 2.31 2.31 2.31 2.31 2.31 2.31 2.31 2.31 2.31 2.31 2.31 2.31 2.31 2.31 2.31 2.31 2.31 2.31 2.31 2.31 2.31 2.30 2.30 2.30 2.30 2.30 2.30 2.30 2.30 2.30 2.31 2.31 2.31 2.31 2.31 2.31 2.31 2.31
2.31 2.31 2.31 2.31 2.31 2.31 2.31 2.31 2.31 2.31 2.30 2.31 2.30 2.30 2.30 2.30 2.30 2.30 2.30 2.30 2.30 2.30 2.30 2.30 2.30 2.31 2.31 2.31 2.31 2.31 2.31 2.31 2.31 2.31 2.31 2.31 2.31 2.31 2.31 2.31 2.31 2.31 2.31 2.31 2.31 2.31 2.31 2.31 2.31 2.31 2.31 2.31 2.31 2.31 2.31 2.31 2.31 2.31 2.31 2.31 2.31 2.31 2.31 2.31 2.30 2.30 2.30 2.30 2.30 2.30 2.30 2.30 2.30 2.30 2.30 2.30 2.30 2.30 2.30 2.31 2.31 2.31 2.31 2.31
2.31 2.31 2.31 2.31 2.31 2.31 2.31 2.31 2.31 2.30 2.31 2.30 2.30 2.30 2.30 2.30 2.30 2.30 2.30 2.30 2.30 2.30 2.30 2.30 2.30 2.31 2.30 2.31 2.31 2.31 2.31 2.31 2.31 2.31 2.31 2.31 2.31 2.31 2.31 2.31 2.31 2.31 2.31 2.31 2.31 2.31 2.31 2.31 2.31 2.31 2.31 2.31 2.31 2.31 2.31 2.31 2.31 2.31 2.31 2.31 2.31 2.31 2.31 2.31 2.30 2.30 2.30 2.30 2.30 2.30 2.30 2.30 2.30 2.30 2.30 2.30 2.30 2.30 2.30 2.30 2.30 2.31 2.30 2.31
2.31 2.31 2.31 2.31 2.31 2.31 2.30 2.31 2.30 2.30 2.30 2.30 2.30 2.30 2.30 2.30 2.30 2.30 2.30 2.30 2.30 2.30 2.30 2.30 2.30 2.30 2.30 2.31 2.31 2.31 2.31 2.31 2.31 2.31 2.31 2.31 2.31 2.31 2.31 2.31 2.31 2.31 2.31 2.31 2.31 2.31 2.31 2.31 2.31 2.31 2.31 2.31 2.31 2.31 2.31 2.31 2.31 2.31 2.31 2.31 2.31 2.31 2.30 2.30 2.30 2.30 2.30 2.30 2.30 2.30 2.30 2.30 2.30 2.30 2.30 2.30 2.30 2.30 2.30 2.30 2.30 2.30 2.30 2.30
2.31 2.31 2.31 2.31 2.31 2.30 2.31 2.30 2.30 2.30 2.30 2.30 2.30 2.30 2.30 2.30 2.30 2.30 2.30 2.30 2.30 2.30 2.30 2.30 2.30 2.30 2.30 2.30 2.31 2.31 2.31 2.31 2.31 2.31 2.31 2.31 2.31 2.31 2.31 2.31 2.31 2.31 2.31 2.31 2.31 2.31 2.31 2.31 2.31 2.31 2.31 2.31 2.31 2.31 2.31 2.31 2.31 2.31 2.31 2.31 2.31 2.30 2.30 2.30 2.30 2.30 2.30 2.30 2.30 2.30 2.30 2.30 2.30 2.30 2.30 2.30 2.30 2.30 2.30 2.30 2.30 2.30 2.30 2.30
2.31 2.31 2.31 2.31 2.30 2.30 2.30 2.30 2.30 2.30 2.30 2.30 2.30 2.30 2.30 2.30 2.30 2.30 2.30 2.30 2.30 2.30 2.30 2.30 2.30 2.30 2.30 2.30 2.31 2.31 2.31 2.31 2.31 2.31 2.31 2.31 2.31 2.31 2.31 2.31 2.31 2.31 2.32 2.32 2.32 2.32 2.32 2.32 2.32 2.31 2.31 2.31 2.31 2.31 2.31 2.31 2.31 2.31 2.31 2.31 2.30 2.30 2.30 2.30 2.30 2.30 2.30 2.30 2.30 2.30 2.30 2.30 2.30 2.30 2.30 2.30 2.30 2.30 2.30 2.30 2.30 2.30 2.30 2.30
2.31 2.31 2.31 2.30 2.30 2.30 2.30 2.30 2.30 2.30 2.30 2.30 2.30 2.30 2.30 2.30 2.30 2.30 2.30 2.30 2.30 2.30 2.30 2.30 2.30 2.30 2.30 2.30 2.30 2.31 2.31 2.31 2.31 2.31 2.31 2.31 2.31 2.31 2.32 2.32 2.32 2.32 2.32 2.32 2.32 2.32 2.32 2.32 2.32 2.32 2.31 2.31 2.31 2.31 2.31 2.31 2.31 2.31 2.31 2.31 2.30 2.30 2.30 2.30 2.30 2.30 2.30 2.30 2.30 2.30 2.30 2.30 2.30 2.30 2.30 2.30 2.30 2.30 2.30 2.30 2.30 2.30 2.30 2.30
2.30 2.30 2.30 2.30 2.30 2.30 2.30 2.30 2.30 2.30 2.30 2.30 2.30 2.30 2.30 2.30 2.30 2.30 2.30 2.30 2.30 2.30 2.30 2.30 2.30 2.30 2.30 2.30 2.30 2.31 2.31 2.31 2.31 2.31 2.31 2.31 2.31 2.32 2.32 2.32 2.32 2.32 2.32 2.32 2.32 2.32 2.32 2.32 2.32 2.32 2.32 2.31 2.31 2.31 2.31 2.31 2.31 2.31 2.31 2.30 2.30 2.30 2.30 2.30 2.30 2.30 2.30 2.30 2.30 2.30 2.30 2.30 2.30 2.30 2.30 2.30 2.30 2.30 2.30 2.30 2.30 2.30 2.30 2.30
2.30 2.30 2.30 2.30 2.30 2.30 2.30 2.30 2.30 2.30 2.30 2.30 2.30 2.30 2.30 2.30 2.30 2.30 2.30 2.30 2.30 2.30 2.30 2.30 2.30 2.30 2.30 2.30 2.30 2.30 2.31 2.31 2.31 2.31 2.31 2.31 2.32 2.32 2.32 2.32 2.32 2.32 2.32 2.32 2.32 2.32 2.32 2.32 2.32 2.32 2.32 2.32 2.31 2.31 2.31 2.31 2.31 2.31 2.31 2.30 2.30 2.30 2.30 2.30 2.30 2.30 2.30 2.30 2.30 2.30 2.30 2.30 2.30 2.30 2.30 2.30 2.30 2.30 2.30 2.30 2.30 2.30 2.30 2.30
2.30 2.30 2.30 2.30 2.30 2.30 2.30 2.30 2.30 2.30 2.30 2.30 2.30 2.30 2.30 2.30 2.30 2.30 2.30 2.30 2.30 2.30 2.30 2.30 2.30 2.30 2.30 2.30 2.30 2.30 2.31 2.31 2.31 2.31 2.31 2.32 2.32 2.32 2.32 2.32 2.32 2.32 2.33 2.33 2.33 2.33 2.33 2.33 2.32 2.32 2.32 2.32 2.32 2.31 2.31 2.31 2.31 2.31 2.31 2.30 2.30 2.30 2.30 2.30 2.30 2.30 2.30 2.30 2.30 2.30 2.30 2.30 2.30 2.30 2.30 2.30 2.30 2.30 2.30 2.30 2.30 2.30 2.30 2.30
2.30 2.30 2.30 2.30 2.30 2.30 2.30 2.30 2.30 2.30 2.30 2.30 2.30 2.30 2.30 2.30 2.30 2.30 2.30 2.30 2.30 2.30 2.30 2.30 2.30 2.30 2.30 2.30 2.30 2.30 2.30 2.31 2.31 2.31 2.32 2.32 2.32 2.32 2.32 2.33 2.33 2.33 2.33 2.33 2.33 2.33 2.33 2.33 2.33 2.33 2.32 2.32 2.32 2.32 2.31 2.31 2.31 2.31 2.31 2.30 2.30 2.30 2.30 2.30 2.30 2.30 2.30 2.30 2.30 2.30 2.30 2.30 2.30 2.30 2.30 2.30 2.30 2.30 2.30 2.30 2.30 2.30 2.30 2.30
2.30 2.30 2.30 2.30 2.30 2.30 2.30 2.30 2.30 2.30 2.30 2.30 2.30 2.30 2.30 2.30 2.30 2.30 2.30 2.30 2.30 2.29 2.30 2.30 2.30 2.30 2.30 2.30 2.30 2.30 2.31 2.31 2.31 2.31 2.32 2.32 2.32 2.32 2.33 2.33 2.33 2.33 2.33 2.34 2.34 2.33 2.33 2.33 2.33 2.33 2.33 2.32 2.32 2.32 2.32 2.31 2.31 2.31 2.31 2.30 2.30 2.30 2.30 2.30 2.30 2.30 2.30 2.30 2.30 2.30 2.30 2.30 2.30 2.30 2.30 2.30 2.30 2.30 2.30 2.30 2.30 2.30 2.30 2.30
2.30 2.30 2.30 2.30 2.30 2.30 2.30 2.30 2.30 2.30 2.30 2.30 2.30 2.30 2.30 2.30 2.30 2.29 2.29 2.29 2.29 2.29 2.29 2.29 2.29 2.29 2.30 2.30 2.30 2.30 2.30 2.31 2.31 2.31 2.32 2.32 2.32 2.33 2.33 2.33 2.34 2.34 2.34 2.34 2.34 2.34 2.34 2.34 2.34 2.33 2.33 2.33 2.32 2.32 2.32 2.31 2.31 2.31 2.30 2.30 2.30 2.30 2.30 2.30 2.29 2.29 2.29 2.29 2.29 2.29 2.29 2.30 2.29 2.30 2.30 2.30 2.30 2.30 2.30 2.30 2.30 2.30 2.30 2.30
2.30 2.30 2.30 2.30 2.30 2.30 2.30 2.30 2.30 2.30 2.30 2.30 2.30 2.30 2.29 2.29 2.29 2.29 2.29 2.29 2.29 2.29 2.29 2.29 2.29 2.29 2.29 2.29 2.30 2.30 2.30 2.31 2.31 2.32 2.32 2.32 2.33 2.33 2.34 2.34 2.34 2.35 2.35 2.35 2.35 2.35 2.35 2.34 2.34 2.34 2.33 2.33 2.33 2.32 2.32 2.31 2.31 2.31 2.30 2.30 2.30 2.30 2.29 2.29 2.29 2.29 2.29 2.29 2.29 2.29 2.29 2.29 2.29 2.29 2.29 2.30 2.30 2.30 2.30 2.30 2.30 2.30 2.30 2.30
2.30 2.30 2.30 2.30 2.30 2.30 2.30 2.30 2.30 2.30 2.30 2.30 2.29 2.29 2.29 2.29 2.29 2.29 2.29 2.29 2.29 2.29 2.29 2.29 2.29 2.29 2.29 2.29 2.30 2.30 2.30 2.31 2.31 2.32 2.32 2.33 2.33 2.34 2.34 2.35 2.35 2.35 2.35 2.36 2.36 2.36 2.35 2.35 2.35 2.34 2.34 2.33 2.33 2.32 2.32 2.31 2.31 2.31 2.30 2.30 2.30 2.29 2.29 2.29 2.29 2.29 2.29 2.29 2.29 2.29 2.29 2.29 2.29 2.29 2.29 2.29 2.29 2.30 2.30 2.30 2.30 2.30 2.30 2.30
2.30 2.30 2.30 2.30 2.30 2.30 2.30 2.30 2.30 2.30 2.30 2.29 2.29 2.29 2.29 2.29 2.29 2.29 2.29 2.29 2.28 2.28 2.28 2.28 2.28 2.29 2.29 2.29 2.29 2.30 2.30 2.31 2.31 2.32 2.32 2.33 2.33 2.34 2.35 2.35 2.36 2.36 2.37 2.36 2.37 2.37 2.36 2.36 2.35 2.35 2.34 2.34 2.33 2.33 2.32 2.32 2.31 2.31 2.30 2.30 2.29 2.29 2.29 2.29 2.29 2.29 2.29 2.29 2.29 2.29 2.29 2.29 2.29 2.29 2.29 2.29 2.29 2.29 2.30 2.30 2.30 2.30 2.30 2.30
2.30 2.30 2.30 2.30 2.30 2.30 2.30 2.30 2.30 2.30 2.29 2.29 2.29 2.29 2.29 2.29 2.29 2.28 2.28 2.28 2.28 2.28 2.28 2.28 2.28 2.28 2.28 2.29 2.29 2.29 2.30 2.31 2.31 2.32 2.33 2.33 2.34 2.35 2.35 2.36 2.37 2.37 2.38 2.38 2.38 2.38 2.37 2.37 2.36 2.36 2.35 2.34 2.34 2.33 2.32 2.31 2.31 2.31 2.30 2.30 2.29 2.29 2.29 2.28 2.28 2.28 2.28 2.28 2.28 2.28 2.28 2.29 2.29 2.29 2.29 2.29 2.29 2.29 2.29 2.29 2.30 2.30 2.30 2.30
2.30 2.30 2.30 2.30 2.30 2.30 2.30 2.30 2.29 2.29 2.29 2.29 2.29 2.29 2.29 2.28 2.28 2.28 2.28 2.28 2.28 2.28 2.28 2.28 2.28 2.28 2.28 2.28 2.29 2.29 2.30 2.30 2.31 2.32 2.33 2.34 2.34 2.35 2.36 2.37 2.38 2.39 2.39 2.39 2.39 2.39 2.39 2.38 2.38 2.37 2.36 2.35 2.34 2.33 2.32 2.32 2.31 2.30 2.30 2.29 2.29 2.29 2.28 2.28 2.28 2.28 2.28 2.28 2.28 2.28 2.28 2.28 2.28 2.28 2.29 2.29 2.29 2.29 2.29 2.29 2.29 2.30 2.30 2.30
2.30 2.30 2.30 2.30 2.30 2.30 2.30 2.29 2.29 2.29 2.29 2.29 2.29 2.28 2.28 2.28 2.28 2.28 2.27 2.27 2.27 2.27 2.27 2.27 2.27 2.27 2.28 2.28 2.28 2.29 2.29 2.30 2.31 2.31 2.33 2.34 2.35 2.36 2.37 2.38 2.39 2.40 2.41 2.41 2.41 2.41 2.41 2.40 2.39 2.38 2.37 2.36 2.35 2.34 2.32 2.32 2.31 2.30 2.30 2.29 2.29 2.28 2.28 2.28 2.27 2.27 2.27 2.27 2.28 2.28 2.28 2.28 2.28 2.28 2.28 2.29 2.29 2.29 2.29 2.29 2.29 2.29 2.30 2.30
2.30 2.30 2.30 2.30 2.30 2.30 2.29 2.29 2.29 2.29 2.29 2.29 2.28 2.28 2.28 2.28 2.27 2.27 2.27 2.27 2.27 2.27 2.26 2.26 2.26 2.27 2.27 2.27 2.28 2.28 2.29 2.30 2.30 2.31 2.33 2.34 2.36 2.36 2.38 2.40 2.41 2.42 2.43 2.43 2.43 2.43 2.43 2.42 2.41 2.39 2.38 2.36 2.35 2.34 2.32 2.31 2.31 2.30 2.29 2.29 2.28 2.28 2.27 2.27 2.27 2.27 2.27 2.27 2.27 2.27 2.27 2.27 2.28 2.28 2.28 2.28 2.28 2.29 2.29 2.29 2.29 2.29 2.29 2.30
2.30 2.30 2.30 2.30 2.30 2.29 2.29 2.29 2.29 2.29 2.29 2.28 2.28 2.28 2.28 2.27 2.27 2.27 2.26 2.26 2.26 2.26 2.26 2.26 2.26 2.26 2.26 2.27 2.27 2.28 2.29 2.29 2.30 2.31 2.32 2.34 2.36 2.37 2.39 2.41 2.43 2.45 2.46 2.46 2.46 2.46 2.45 2.44 2.43 2.41 2.39 2.37 2.35 2.34 2.32 2.31 2.30 2.29 2.28 2.28 2.27 2.27 2.27 2.26 2.26 2.26 2.26 2.26 2.26 2.27 2.27 2.27 2.27 2.27 2.28 2.28 2.28 2.28 2.28 2.29 2.29 2.29 2.29 2.29
2.30 2.30 2.30 2.30 2.29 2.29 2.29 2.29 2.29 2.29 2.28 2.28 2.28 2.27 2.27 2.27 2.26 2.26 2.26 2.26 2.25 2.25 2.25 2.25 2.25 2.25 2.26 2.26 2.26 2.27 2.28 2.29 2.29 2.30 2.32 2.35 2.36 2.38 2.40 2.43 2.46 2.48 2.49 2.50 2.50 2.50 2.49 2.47 2.45 2.43 2.40 2.38 2.36 2.34 2.32 2.31 2.29 2.29 2.28 2.27 2.27 2.26 2.26 2.26 2.26 2.26 2.26 2.26 2.26 2.26 2.26 2.26 2.27 2.27 2.27 2.28 2.28 2.28 2.28 2.28 2.29 2.29 2.29 2.29
2.30 2.30 2.30 2.30 2.29 2.29 2.29 2.29 2.29 2.28 2.28 2.28 2.27 2.27 2.27 2.26 2.26 2.26 2.25 2.25 2.25 2.24 2.24 2.24 2.24 2.24 2.25 2.25 2.26 2.26 2.27 2.28 2.27 2.28 2.32 2.34 2.36 2.39 2.42 2.46 2.50 2.53 2.54 2.55 2.55 2.55 2.53 2.51 2.48 2.45 2.41 2.38 2.36 2.34 2.31 2.30 2.29 2.28 2.27 2.26 2.26 2.25 2.25 2.25 2.25 2.25 2.25 2.25 2.25 2.25 2.26 2.26 2.26 2.26 2.27 2.27 2.27 2.28 2.28 2.28 2.28 2.29 2.29 2.29
2.30 2.30 2.30 2.29 2.29 2.29 2.29 2.29 2.28 2.28 2.28 2.27 2.27 2.27 2.26 2.26 2.25 2.25 2.24 2.24 2.24 2.24 2.23 2.23 2.23 2.23 2.23 2.24 2.25 2.25 2.26 2.26 2.26 2.27 2.30 2.34 2.36 2.40 2.44 2.49 2.54 2.59 2.60 2.62 2.62 2.61 2.59 2.56 2.51 2.47 2.43 2.39 2.35 2.33 2.31 2.29 2.28 2.27 2.26 2.25 2.25 2.25 2.24 2.24 2.24 2.24 2.24 2.24 2.25 2.25 2.25 2.25 2.26 2.26 2.26 2.27 2.27 2.27 2.28 2.28 2.28 2.28 2.29 2.29
2.30 2.30 2.29 2.29 2.29 2.29 2.29 2.28 2.28 2.28 2.27 2.27 2.26 2.26 2.26 2.25 2.25 2.24 2.24 2.23 2.23 2.23 2.22 2.22 2.22 2.22 2.22 2.23 2.24 2.24 2.23 2.22 2.24 2.26 2.29 2.32 2.36 2.41 2.46 2.52 2.59 2.66 2.70 2.71 2.71 2.69 2.67 2.62 2.56 2.50 2.44 2.39 2.35 2.31 2.29 2.27 2.26 2.25 2.24 2.24 2.24 2.23 2.23 2.23 2.23 2.23 2.23 2.23 2.24 2.24 2.24 2.25 2.25 2.25 2.26 2.26 2.27 2.27 2.27 2.28 2.28 2.28 2.28 2.29
2.30 2.29 2.29 2.29 2.29 2.29 2.28 2.28 2.28 2.27 2.27 2.27 2.26 2.26 2.25 2.25 2.24 2.23 2.23 2.22 2.22 2.22 2.21 2.21 2.21 2.21 2.21 2.22 2.23 2.21 2.19 2.20 2.23 2.24 2.26 2.30 2.34 2.41 2.48 2.57 2.67 2.77 2.82 2.83 2.82 2.80 2.78 2.72 2.64 2.55 2.45 2.38 2.33 2.30 2.27 2.25 2.24 2.23 2.23 2.22 2.22 2.22 2.22 2.22 2.22 2.22 2.22 2.22 2.23 2.23 2.23 2.24 2.24 2.25 2.25 2.26 2.26 2.26 2.27 2.27 2.28 2.28 2.28 2.29
2.29 2.29 2.29 2.29 2.29 2.28 2.28 2.28 2.27 2.27 2.27 2.26 2.26 2.25 2.24 2.24 2.23 2.23 2.22 2.22 2.21 2.21 2.20 2.20 2.20 2.20 2.20 2.20 2.20 2.18 2.16 2.18 2.20 2.21 2.23 2.26 2.32 2.39 2.49 2.62 2.80 2.96 3.02 2.97 2.92 2.92 2.94 2.89 2.76 2.59 2.45 2.36 2.30 2.27 2.24 2.23 2.22 2.21 2.21 2.21 2.20 2.20 2.20 2.20 2.20 2.21 2.21 2.21 2.22 2.22 2.23 2.23 2.24 2.24 2.25 2.25 2.26 2.26 2.26 2.27 2.27 2.28 2.28 2.28
2.29 2.29 2.29 2.29 2.29 2.28 2.28 2.28 2.27 2.27 2.26 2.26 2.25 2.24 2.24 2.23 2.22 2.22 2.21 2.21 2.20 2.20 2.19 2.19 2.19 2.18 2.18 2.17 2.16 2.14 2.14 2.15 2.16 2.18 2.19 2.22 2.27 2.35 2.46 2.61 2.97 3.37 3.35 3.08 3.00 3.05 3.16 3.16 2.93 2.63 2.41 2.32 2.26 2.22 2.21 2.20 2.19 2.18 2.18 2.18 2.18 2.18 2.18 2.19 2.19 2.19 2.20 2.20 2.21 2.21 2.22 2.22 2.23 2.23 2.24 2.25 2.25 2.26 2.26 2.27 2.27 2.27 2.28 2.28
2.29 2.29 2.29 2.29 2.28 2.28 2.28 2.27 2.27 2.26 2.26 2.25 2.24 2.24 2.23 2.22 2.22 2.21 2.20 2.20 2.19 2.18 2.18 2.18 2.17 2.16 2.14 2.13 2.13 2.11 2.11 2.12 2.12 2.12 2.14 2.17 2.20 2.29 2.42 2.50 2.96 3.78 3.86 3.30 3.19 3.22 3.45 3.45 3.09 2.59 2.32 2.26 2.20 2.18 2.17 2.16 2.16 2.15 2.16 2.15 2.16 2.16 2.16 2.17 2.17 2.18 2.18 2.19 2.19 2.20 2.21 2.21 2.22 2.23 2.23 2.24 2.24 2.25 2.26 2.26 2.27 2.27 2.28 2.28
2.29 2.29 2.29 2.28 2.28 2.28 2.27 2.27 2.26 2.26 2.25 2.25 2.24 2.23 2.22 2.21 2.21 2.20 2.19 2.18 2.18 2.17 2.18 2.17 2.15 2.13 2.11 2.10 2.10 2.08 2.07 2.07 2.07 2.06 2.08 2.10 2.12 2.19 2.37 2.45 2.86 3.98 4.42 4.01 3.49 3.44 3.63 3.59 3.07 2.37 2.15 2.18 2.12 2.12 2.13 2.12 2.12 2.12 2.12 2.12 2.12 2.13 2.14 2.14 2.15 2.16 2.17 2.17 2.18 2.19 2.19 2.20 2.21 2.22 2.23 2.23 2.24 2.24 2.25 2.26 2.26 2.27 2.27 2.28
2.29 2.29 2.29 2.28 2.28 2.28 2.27 2.27 2.26 2.25 2.25 2.24 2.23 2.22 2.21 2.21 2.20 2.19 2.18 2.17 2.17 2.17 2.16 2.14 2.12 2.09 2.08 2.07 2.06 2.05 2.03 2.02 2.01 2.00 2.01 2.02 2.02 2.06 2.25 2.46 3.02 4.04 4.74 4.31 3.57 3.52 3.70 3.47 2.69 1.87 1.88 2.07 2.07 2.09 2.09 2.09 2.08 2.08 2.08 2.08 2.09 2.10 2.11 2.12 2.13 2.14 2.15 2.16 2.17 2.18 2.18 2.19 2.20 2.21 2.22 2.22 2.23 2.24 2.25 2.25 2.26 2.26 2.27 2.27
2.29 2.29 2.28 2.28 2.28 2.27 2.27 2.26 2.26 2.25 2.24 2.23 2.23 2.22 2.21 2.20 2.19 2.18 2.17 2.16 2.16 2.16 2.14 2.11 2.08 2.06 2.06 2.03 2.02 2.01 1.99 1.97 1.96 1.94 1.93 1.94 1.93 1.91 2.02 2.34 3.02 4.15 4.99 4.33 3.35 3.46 3.66 3.13 2.07 1.50 1.69 2.01 2.14 2.10 2.04 2.05 2.04 2.03 2.03 2.04 2.05 2.06 2.08 2.09 2.10 2.12 2.13 2.14 2.15 2.16 2.17 2.18 2.19 2.20 2.21 2.22 2.23 2.23 2.24 2.25 2.25 2.26 2.27 2.27
2.29 2.29 2.28 2.28 2.27 2.27 2.26 2.26 2.25 2.24 2.24 2.23 2.22 2.21 2.20 2.19 2.18 2.17 2.16 2.15 2.16 2.15 2.12 2.08 2.04 2.04 2.02 1.99 1.98 1.96 1.93 1.91 1.89 1.87 1.87 1.85 1.81 1.74 1.78 2.19 2.86 4.24 5.05 4.12 2.97 3.40 3.54 2.56 1.46 1.37 1.63 2.00 2.21 2.12 2.04 2.03 1.97 1.97 1.98 1.99 2.01 2.02 2.04 2.06 2.07 2.09 2.11 2.12 2.13 2.15 2.16 2.17 2.18 2.19 2.20 2.21 2.22 2.23 2.24 2.24 2.25 2.26 2.26 2.27
2.29 2.28 2.28 2.28 2.27 2.27 2.26 2.25 2.25 2.24 2.23 2.22 2.21 2.20 2.19 2.18 2.17 2.16 2.15 2.15 2.15 2.12 2.08 2.04 2.02 2.01 1.98 1.95 1.93 1.90 1.88 1.85 1.83 1.81 1.83 1.82 1.68 1.54 1.63 1.99 2.65 4.40 5.04 3.71 2.71 3.37 3.30 1.91 1.27 1.43 1.68 1.98 2.22 2.23 2.14 1.97 1.88 1.92 1.92 1.93 1.95 1.97 1.99 2.01 2.04 2.06 2.08 2.10 2.12 2.13 2.14 2.16 2.17 2.18 2.19 2.20 2.21 2.22 2.23 2.24 2.25 2.25 2.26 2.27
