data/AilsaCraig_270_1_25m_vel_10m.asc
ncols	257
nrows	257
xllcorner	3364200.000000
yllcorner	3669375.000000
cellsize	25.000000
NODATA_value	-1.000000
[rows 152 to 189 of 257, columns 84 to 167 of 257]
2.05 2.05 2.05 2.04 2.04 2.03 2.03 2.02 2.02 2.01 2.00 2.00 1.99 1.98 1.97 1.96 1.95 1.95 1.94 1.93 1.92 1.91 1.90 1.90 1.89 1.89 1.90 1.91 1.93 1.96 2.00 2.06 2.11 2.22 2.53 2.81 2.79 2.95 3.38 3.52 3.07 2.81 2.77 2.42 2.01 1.78 1.73 1.77 1.81 1.85 1.89 1.93 1.96 1.98 2.03 2.09 2.11 2.08 2.04 2.01 1.98 1.98 1.97 1.97 1.96 1.96 1.97 1.98 1.99 1.99 2.00 2.00 2.01 2.01 2.01 2.02 2.02 2.02 2.03 2.03 2.04 2.04 2.04 2.05
2.05 2.05 2.05 2.04 2.04 2.04 2.03 2.03 2.02 2.02 2.01 2.00 2.00 1.99 1.98 1.97 1.97 1.96 1.95 1.95 1.94 1.94 1.93 1.93 1.93 1.93 1.94 1.95 1.97 2.00 2.04 2.09 2.16 2.23 2.47 2.59 2.56 2.79 3.14 3.28 3.09 2.91 2.79 2.42 2.02 1.86 1.85 1.87 1.89 1.90 1.93 1.97 1.98 2.00 2.02 2.06 2.09 2.06 2.04 2.02 2.00 1.99 1.99 1.99 1.99 1.97 1.98 2.00 2.00 2.00 2.01 2.01 2.01 2.01 2.02 2.02 2.02 2.03 2.03 2.04 2.04 2.04 2.05 2.05
2.06 2.05 2.05 2.05 2.04 2.04 2.04 2.03 2.03 2.02 2.02 2.01 2.00 2.00 1.99 1.99 1.98 1.98 1.97 1.97 1.96 1.96 1.96 1.96 1.96 1.96 1.97 1.99 2.01 2.04 2.07 2.11 2.17 2.26 2.37 2.41 2.51 2.66 2.76 2.96 2.97 2.89 2.75 2.43 2.08 1.93 1.94 1.94 1.95 1.95 1.97 2.00 2.02 2.01 2.01 2.05 2.08 2.06 2.04 2.03 2.00 1.99 2.00 2.01 2.00 1.99 1.99 2.01 2.01 2.01 2.01 2.01 2.02 2.02 2.02 2.03 2.03 2.03 2.04 2.04 2.04 2.05 2.05 2.05
2.06 2.05 2.05 2.05 2.05 2.04 2.04 2.03 2.03 2.03 2.02 2.02 2.01 2.01 2.00 2.00 1.99 1.99 1.98 1.98 1.98 1.98 1.98 1.98 1.98 1.99 2.00 2.02 2.03 2.06 2.09 2.12 2.18 2.25 2.30 2.36 2.46 2.51 2.57 2.68 2.73 2.74 2.63 2.40 2.17 2.03 1.99 1.99 1.99 2.00 2.00 2.02 2.03 2.01 2.01 2.05 2.07 2.06 2.04 2.03 2.01 2.00 2.02 2.02 2.01 2.00 2.00 2.01 2.02 2.02 2.02 2.02 2.02 2.03 2.03 2.03 2.03 2.04 2.04 2.04 2.05 2.05 2.05 2.05
2.06 2.06 2.05 2.05 2.05 2.05 2.04 2.04 2.04 2.03 2.03 2.02 2.02 2.01 2.01 2.01 2.00 2.00 2.00 1.99 1.99 1.99 1.99 2.00 2.00 2.01 2.02 2.03 2.05 2.07 2.10 2.14 2.17 2.22 2.27 2.33 2.38 2.42 2.47 2.50 2.53 2.54 2.47 2.34 2.22 2.12 2.04 2.02 2.04 2.03 2.03 2.04 2.03 2.01 2.03 2.06 2.07 2.06 2.04 2.03 2.02 2.02 2.02 2.02 2.01 2.01 2.01 2.02 2.02 2.02 2.02 2.03 2.03 2.03 2.03 2.04 2.04 2.04 2.04 2.05 2.05 2.05 2.05 2.06
2.06 2.06 2.06 2.05 2.05 2.05 2.05 2.04 2.04 2.04 2.03 2.03 2.02 2.02 2.02 2.01 2.01 2.01 2.01 2.01 2.01 2.01 2.01 2.01 2.02 2.03 2.04 2.05 2.06 2.08 2.11 2.14 2.17 2.20 2.24 2.28 2.32 2.36 2.38 2.39 2.40 2.39 2.34 2.27 2.21 2.15 2.08 2.06 2.06 2.05 2.05 2.04 2.03 2.03 2.05 2.07 2.07 2.05 2.04 2.04 2.03 2.03 2.03 2.03 2.02 2.02 2.02 2.03 2.03 2.03 2.03 2.03 2.03 2.04 2.04 2.04 2.04 2.05 2.05 2.05 2.05 2.05 2.06 2.06
2.06 2.06 2.06 2.06 2.05 2.05 2.05 2.05 2.04 2.04 2.04 2.03 2.03 2.03 2.02 2.02 2.02 2.02 2.02 2.02 2.02 2.02 2.02 2.03 2.03 2.04 2.05 2.06 2.07 2.09 2.11 2.13 2.17 2.19 2.21 2.24 2.28 2.30 2.31 2.32 2.32 2.30 2.27 2.23 2.19 2.15 2.11 2.08 2.07 2.07 2.07 2.04 2.03 2.05 2.06 2.07 2.06 2.05 2.05 2.04 2.03 2.03 2.03 2.03 2.03 2.03 2.03 2.03 2.03 2.03 2.03 2.04 2.04 2.04 2.04 2.04 2.05 2.05 2.05 2.05 2.05 2.06 2.06 2.06
2.06 2.06 2.06 2.06 2.06 2.05 2.05 2.05 2.05 2.04 2.04 2.04 2.04 2.03 2.03 2.03 2.03 2.03 2.02 2.03 2.03 2.03 2.03 2.03 2.04 2.05 2.06 2.07 2.08 2.09 2.11 2.13 2.15 2.18 2.19 2.21 2.24 2.25 2.26 2.27 2.26 2.25 2.23 2.20 2.17 2.15 2.12 2.09 2.08 2.09 2.07 2.05 2.05 2.06 2.07 2.07 2.06 2.05 2.05 2.04 2.04 2.04 2.04 2.04 2.03 2.03 2.04 2.04 2.04 2.04 2.04 2.04 2.04 2.04 2.05 2.05 2.05 2.05 2.05 2.05 2.06 2.06 2.06 2.06
2.06 2.06 2.06 2.06 2.06 2.06 2.05 2.05 2.05 2.05 2.04 2.04 2.04 2.04 2.04 2.04 2.03 2.03 2.03 2.03 2.03 2.03 2.04 2.04 2.05 2.06 2.06 2.07 2.09 2.09 2.11 2.13 2.14 2.16 2.18 2.19 2.20 2.22 2.22 2.22 2.22 2.21 2.19 2.18 2.16 2.14 2.12 2.10 2.09 2.09 2.08 2.06 2.06 2.07 2.07 2.07 2.06 2.05 2.05 2.05 2.04 2.04 2.04 2.04 2.04 2.04 2.04 2.04 2.04 2.04 2.04 2.04 2.05 2.05 2.05 2.05 2.05 2.05 2.06 2.06 2.06 2.06 2.06 2.06
2.07 2.06 2.06 2.06 2.06 2.06 2.06 2.05 2.05 2.05 2.05 2.05 2.04 2.04 2.04 2.04 2.04 2.04 2.04 2.04 2.04 2.04 2.04 2.05 2.05 2.06 2.07 2.07 2.09 2.10 2.10 2.12 2.13 2.14 2.16 2.18 2.18 2.19 2.19 2.19 2.19 2.18 2.17 2.16 2.14 2.13 2.11 2.10 2.10 2.09 2.08 2.07 2.07 2.07 2.07 2.07 2.06 2.06 2.05 2.05 2.05 2.05 2.05 2.04 2.04 2.04 2.04 2.05 2.05 2.05 2.05 2.05 2.05 2.05 2.05 2.05 2.05 2.06 2.06 2.06 2.06 2.06 2.06 2.06
2.07 2.06 2.06 2.06 2.06 2.06 2.06 2.06 2.05 2.05 2.05 2.05 2.05 2.05 2.05 2.04 2.04 2.04 2.04 2.05 2.04 2.05 2.05 2.05 2.06 2.06 2.07 2.08 2.08 2.10 2.11 2.11 2.13 2.14 2.14 2.16 2.16 2.17 2.17 2.17 2.17 2.16 2.16 2.14 2.13 2.13 2.11 2.10 2.10 2.09 2.08 2.07 2.07 2.08 2.07 2.07 2.06 2.06 2.05 2.05 2.05 2.05 2.05 2.05 2.05 2.05 2.05 2.05 2.05 2.05 2.05 2.05 2.05 2.05 2.05 2.06 2.06 2.06 2.06 2.06 2.06 2.06 2.06 2.07
2.07 2.07 2.06 2.06 2.06 2.06 2.06 2.06 2.06 2.06 2.06 2.05 2.05 2.05 2.05 2.05 2.05 2.05 2.05 2.05 2.05 2.05 2.06 2.06 2.06 2.07 2.07 2.08 2.09 2.09 2.10 2.11 2.12 2.13 2.14 2.14 2.15 2.15 2.15 2.15 2.15 2.15 2.14 2.13 2.13 2.12 2.11 2.10 2.10 2.09 2.08 2.08 2.08 2.08 2.07 2.07 2.06 2.06 2.06 2.05 2.05 2.05 2.05 2.05 2.05 2.05 2.05 2.05 2.05 2.05 2.05 2.05 2.06 2.06 2.06 2.06 2.06 2.06 2.06 2.06 2.06 2.06 2.07 2.07
2.07 2.07 2.07 2.06 2.06 2.06 2.06 2.06 2.06 2.06 2.06 2.06 2.05 2.05 2.05 2.05 2.05 2.05 2.05 2.05 2.05 2.06 2.06 2.06 2.06 2.07 2.08 2.08 2.09 2.09 2.10 2.11 2.11 2.12 2.13 2.13 2.13 2.14 2.14 2.14 2.14 2.13 2.13 2.13 2.12 2.11 2.11 2.10 2.09 2.09 2.08 2.08 2.08 2.08 2.07 2.07 2.06 2.06 2.06 2.06 2.06 2.06 2.05 2.05 2.05 2.05 2.05 2.05 2.06 2.06 2.06 2.06 2.06 2.06 2.06 2.06 2.06 2.06 2.06 2.06 2.06 2.07 2.07 2.07
2.07 2.07 2.07 2.07 2.07 2.06 2.06 2.06 2.06 2.06 2.06 2.06 2.06 2.06 2.06 2.05 2.06 2.06 2.06 2.06 2.06 2.06 2.06 2.06 2.07 2.07 2.08 2.08 2.08 2.09 2.10 2.10 2.11 2.11 2.12 2.12 2.12 2.13 2.13 2.13 2.13 2.12 2.12 2.12 2.11 2.11 2.10 2.10 2.09 2.09 2.08 2.08 2.08 2.08 2.07 2.07 2.07 2.06 2.06 2.06 2.06 2.06 2.06 2.06 2.06 2.06 2.06 2.06 2.06 2.06 2.06 2.06 2.06 2.06 2.06 2.06 2.06 2.06 2.06 2.07 2.07 2.07 2.07 2.07
2.07 2.07 2.07 2.07 2.07 2.07 2.06 2.06 2.06 2.06 2.06 2.06 2.06 2.06 2.06 2.06 2.06 2.06 2.06 2.06 2.06 2.06 2.06 2.07 2.07 2.07 2.08 2.08 2.08 2.09 2.09 2.10 2.10 2.11 2.11 2.11 2.12 2.12 2.12 2.12 2.12 2.12 2.11 2.11 2.11 2.10 2.10 2.10 2.09 2.09 2.08 2.08 2.08 2.07 2.07 2.07 2.07 2.06 2.06 2.06 2.06 2.06 2.06 2.06 2.06 2.06 2.06 2.06 2.06 2.06 2.06 2.06 2.06 2.06 2.06 2.06 2.06 2.07 2.07 2.07 2.07 2.07 2.07 2.07
2.07 2.07 2.07 2.07 2.07 2.07 2.07 2.07 2.07 2.06 2.06 2.06 2.06 2.06 2.06 2.06 2.06 2.06 2.06 2.06 2.06 2.06 2.07 2.07 2.07 2.07 2.08 2.08 2.08 2.09 2.09 2.10 2.10 2.10 2.11 2.11 2.11 2.11 2.11 2.11 2.11 2.11 2.11 2.11 2.10 2.10 2.10 2.09 2.09 2.09 2.08 2.08 2.08 2.07 2.07 2.07 2.07 2.07 2.06 2.06 2.06 2.06 2.06 2.06 2.06 2.06 2.06 2.06 2.06 2.06 2.06 2.06 2.06 2.06 2.06 2.07 2.07 2.07 2.07 2.07 2.07 2.07 2.07 2.07
2.07 2.07 2.07 2.07 2.07 2.07 2.07 2.07 2.07 2.07 2.06 2.06 2.06 2.06 2.06 2.06 2.06 2.06 2.06 2.07 2.06 2.07 2.07 2.07 2.07 2.07 2.08 2.08 2.08 2.09 2.09 2.09 2.09 2.10 2.10 2.10 2.10 2.10 2.11 2.11 2.11 2.10 2.10 2.10 2.10 2.10 2.09 2.09 2.09 2.08 2.08 2.08 2.08 2.07 2.07 2.07 2.07 2.07 2.07 2.06 2.06 2.06 2.06 2.06 2.06 2.06 2.06 2.06 2.06 2.06 2.06 2.06 2.06 2.07 2.07 2.07 2.07 2.07 2.07 2.07 2.07 2.07 2.07 2.07
2.07 2.07 2.07 2.07 2.07 2.07 2.07 2.07 2.07 2.07 2.07 2.07 2.07 2.06 2.06 2.07 2.06 2.07 2.07 2.07 2.07 2.07 2.07 2.07 2.07 2.08 2.08 2.08 2.08 2.08 2.09 2.09 2.09 2.09 2.10 2.10 2.10 2.10 2.10 2.10 2.10 2.10 2.10 2.10 2.09 2.09 2.09 2.09 2.09 2.08 2.08 2.08 2.08 2.07 2.07 2.07 2.07 2.07 2.07 2.07 2.07 2.07 2.07 2.06 2.06 2.06 2.06 2.07 2.07 2.07 2.07 2.07 2.07 2.07 2.07 2.07 2.07 2.07 2.07 2.07 2.07 2.07 2.07 2.07
2.07 2.07 2.07 2.07 2.07 2.07 2.07 2.07 2.07 2.07 2.07 2.07 2.07 2.07 2.07 2.07 2.07 2.07 2.07 2.07 2.07 2.07 2.07 2.07 2.07 2.08 2.08 2.08 2.08 2.08 2.09 2.09 2.09 2.09 2.09 2.09 2.10 2.10 2.10 2.10 2.10 2.10 2.09 2.09 2.09 2.09 2.09 2.09 2.08 2.08 2.08 2.08 2.08 2.07 2.07 2.07 2.07 2.07 2.07 2.07 2.07 2.07 2.07 2.07 2.07 2.07 2.07 2.07 2.07 2.07 2.07 2.07 2.07 2.07 2.07 2.07 2.07 2.07 2.07 2.07 2.07 2.07 2.07 2.07
2.07 2.07 2.07 2.07 2.07 2.07 2.07 2.07 2.07 2.07 2.07 2.07 2.07 2.07 2.07 2.07 2.07 2.07 2.07 2.07 2.07 2.07 2.07 2.07 2.07 2.07 2.08 2.08 2.08 2.08 2.08 2.09 2.09 2.09 2.09 2.09 2.09 2.09 2.09 2.09 2.09 2.09 2.09 2.09 2.09 2.09 2.09 2.08 2.08 2.08 2.08 2.08 2.08 2.07 2.07 2.07 2.07 2.07 2.07 2.07 2.07 2.07 2.07 2.07 2.07 2.07 2.07 2.07 2.07 2.07 2.07 2.07 2.07 2.07 2.07 2.07 2.07 2.07 2.07 2.07 2.07 2.07 2.07 2.07
2.07 2.07 2.07 2.07 2.07 2.07 2.07 2.07 2.07 2.07 2.07 2.07 2.07 2.07 2.07 2.07 2.07 2.07 2.07 2.07 2.07 2.07 2.07 2.07 2.07 2.08 2.08 2.08 2.08 2.08 2.08 2.08 2.08 2.09 2.09 2.09 2.09 2.09 2.09 2.09 2.09 2.09 2.09 2.09 2.09 2.09 2.08 2.08 2.08 2.08 2.08 2.08 2.08 2.07 2.07 2.07 2.07 2.07 2.07 2.07 2.07 2.07 2.07 2.07 2.07 2.07 2.07 2.07 2.07 2.07 2.07 2.07 2.07 2.07 2.07 2.07 2.07 2.07 2.07 2.07 2.07 2.07 2.07 2.07
2.07 2.07 2.07 2.07 2.07 2.07 2.07 2.07 2.07 2.07 2.07 2.07 2.07 2.07 2.07 2.07 2.07 2.07 2.07 2.07 2.07 2.07 2.07 2.07 2.07 2.07 2.08 2.08 2.08 2.08 2.08 2.08 2.08 2.08 2.09 2.09 2.09 2.09 2.09 2.09 2.09 2.09 2.09 2.09 2.08 2.08 2.08 2.08 2.08 2.08 2.08 2.08 2.08 2.07 2.07 2.07 2.07 2.07 2.07 2.07 2.07 2.07 2.07 2.07 2.07 2.07 2.07 2.07 2.07 2.07 2.07 2.07 2.07 2.07 2.07 2.07 2.07 2.07 2.07 2.07 2.07 2.07 2.07 2.07
2.07 2.07 2.07 2.07 2.07 2.07 2.07 2.07 2.07 2.07 2.07 2.07 2.07 2.07 2.07 2.07 2.07 2.07 2.07 2.07 2.07 2.07 2.07 2.07 2.07 2.08 2.08 2.08 2.08 2.08 2.08 2.08 2.08 2.08 2.08 2.08 2.08 2.08 2.08 2.08 2.08 2.08 2.08 2.08 2.08 2.08 2.08 2.08 2.08 2.08 2.08 2.08 2.08 2.07 2.07 2.07 2.07 2.07 2.07 2.07 2.07 2.07 2.07 2.07 2.07 2.07 2.07 2.07 2.07 2.07 2.07 2.07 2.07 2.07 2.07 2.07 2.07 2.07 2.07 2.07 2.07 2.07 2.07 2.07
2.07 2.07 2.07 2.07 2.07 2.07 2.07 2.07 2.07 2.07 2.07 2.07 2.07 2.07 2.07 2.07 2.07 2.07 2.07 2.07 2.07 2.07 2.07 2.07 2.07 2.08 2.08 2.08 2.08 2.08 2.08 2.08 2.08 2.08 2.08 2.08 2.08 2.08 2.08 2.08 2.08 2.08 2.08 2.08 2.08 2.08 2.08 2.08 2.08 2.08 2.08 2.08 2.08 2.07 2.07 2.07 2.07 2.07 2.07 2.07 2.07 2.07 2.07 2.07 2.07 2.07 2.07 2.07 2.07 2.07 2.07 2.07 2.07 2.07 2.07 2.07 2.07 2.07 2.07 2.07 2.07 2.07 2.07 2.07
2.07 2.07 2.07 2.07 2.07 2.07 2.07 2.07 2.07 2.07 2.07 2.07 2.07 2.07 2.07 2.07 2.07 2.07 2.07 2.07 2.07 2.07 2.07 2.07 2.07 2.07 2.08 2.08 2.08 2.08 2.08 2.08 2.08 2.08 2.08 2.08 2.08 2.08 2.08 2.08 2.08 2.08 2.08 2.08 2.08 2.08 2.08 2.08 2.08 2.08 2.08 2.08 2.08 2.07 2.07 2.07 2.07 2.07 2.07 2.07 2.07 2.07 2.07 2.07 2.07 2.07 2.07 2.07 2.07 2.07 2.07 2.07 2.07 2.07 2.07 2.07 2.07 2.07 2.07 2.07 2.07 2.07 2.07 2.07
2.07 2.07 2.07 2.07 2.07 2.07 2.07 2.07 2.07 2.07 2.07 2.07 2.07 2.07 2.07 2.07 2.07 2.07 2.07 2.07 2.07 2.07 2.07 2.07 2.07 2.07 2.08 2.08 2.08 2.08 2.08 2.08 2.08 2.08 2.08 2.08 2.08 2.08 2.08 2.08 2.08 2.08 2.08 2.08 2.08 2.08 2.08 2.08 2.08 2.08 2.08 2.08 2.07 2.07 2.07 2.07 2.07 2.07 2.07 2.07 2.07 2.07 2.07 2.07 2.07 2.07 2.07 2.07 2.07 2.07 2.07 2.07 2.07 2.07 2.07 2.07 2.07 2.07 2.07 2.07 2.07 2.07 2.07 2.07
2.07 2.07 2.07 2.07 2.07 2.07 2.07 2.07 2.07 2.07 2.07 2.07 2.07 2.07 2.07 2.07 2.07 2.07 2.07 2.07 2.07 2.07 2.07 2.07 2.07 2.07 2.08 2.08 2.08 2.08 2.08 2.08 2.08 2.08 2.08 2.08 2.08 2.08 2.08 2.08 2.08 2.08 2.08 2.08 2.08 2.08 2.08 2.08 2.08 2.08 2.08 2.08 2.07 2.07 2.07 2.07 2.07 2.07 2.07 2.07 2.07 2.07 2.07 2.07 2.07 2.07 2.07 2.07 2.07 2.07 2.07 2.07 2.07 2.07 2.07 2.07 2.07 2.07 2.07 2.07 2.07 2.07 2.07 2.07
2.07 2.07 2.07 2.07 2.07 2.07 2.07 2.07 2.07 2.07 2.07 2.07 2.07 2.07 2.07 2.07 2.07 2.07 2.07 2.07 2.07 2.07 2.07 2.07 2.07 2.07 2.08 2.08 2.08 2.08 2.08 2.08 2.08 2.08 2.08 2.08 2.08 2.08 2.08 2.08 2.08 2.08 2.08 2.08 2.08 2.08 2.08 2.08 2.08 2.08 2.08 2.08 2.07 2.07 2.07 2.07 2.07 2.07 2.07 2.07 2.07 2.07 2.07 2.07 2.07 2.07 2.07 2.07 2.07 2.07 2.07 2.07 2.07 2.07 2.07 2.07 2.07 2.07 2.07 2.07 2.07 2.07 2.07 2.07
2.07 2.07 2.07 2.07 2.07 2.07 2.07 2.07 2.07 2.07 2.07 2.07 2.07 2.07 2.07 2.07 2.07 2.07 2.07 2.07 2.07 2.07 2.07 2.07 2.07 2.07 2.08 2.08 2.08 2.08 2.08 2.08 2.08 2.08 2.08 2.08 2.08 2.08 2.08 2.08 2.08 2.08 2.08 2.08 2.08 2.08 2.08 2.08 2.08 2.08 2.08 2.08 2.07 2.07 2.07 2.07 2.07 2.07 2.07 2.07 2.07 2.07 2.07 2.07 2.07 2.07 2.07 2.07 2.07 2.07 2.07 2.07 2.07 2.07 2.07 2.07 2.07 2.07 2.07 2.07 2.07 2.07 2.07 2.07
2.07 2.07 2.07 2.07 2.07 2.07 2.07 2.07 2.07 2.07 2.07 2.07 2.07 2.07 2.07 2.07 2.07 2.07 2.07 2.07 2.07 2.07 2.07 2.07 2.07 2.07 2.07 2.08 2.08 2.08 2.08 2.08 2.08 2.08 2.08 2.08 2.08 2.08 2.08 2.08 2.08 2.08 2.08 2.08 2.08 2.08 2.08 2.08 2.08 2.08 2.08 2.07 2.07 2.07 2.07 2.07 2.07 2.07 2.07 2.07 2.07 2.07 2.07 2.07 2.07 2.07 2.07 2.07 2.07 2.07 2.07 2.07 2.07 2.07 2.07 2.07 2.07 2.07 2.07 2.07 2.07 2.07 2.07 2.07
2.07 2.07 2.07 2.07 2.07 2.07 2.07 2.07 2.07 2.07 2.07 2.07 2.07 2.07 2.07 2.07 2.07 2.07 2.07 2.07 2.07 2.07 2.07 2.07 2.07 2.07 2.07 2.08 2.08 2.08 2.08 2.08 2.08 2.08 2.08 2.08 2.08 2.08 2.08 2.08 2.08 2.08 2.08 2.08 2.08 2.08 2.08 2.08 2.08 2.08 2.07 2.07 2.07 2.07 2.07 2.07 2.07 2.07 2.07 2.07 2.07 2.07 2.07 2.07 2.07 2.07 2.07 2.07 2.07 2.07 2.07 2.07 2.07 2.07 2.07 2.07 2.07 2.07 2.07 2.07 2.07 2.07 2.07 2.07
2.07 2.07 2.07 2.07 2.07 2.07 2.07 2.07 2.07 2.07 2.07 2.07 2.07 2.07 2.07 2.07 2.07 2.07 2.07 2.07 2.07 2.07 2.07 2.07 2.07 2.07 2.07 2.07 2.08 2.08 2.08 2.08 2.08 2.08 2.08 2.08 2.08 2.08 2.08 2.08 2.08 2.08 2.08 2.08 2.08 2.08 2.08 2.08 2.08 2.08 2.07 2.07 2.07 2.07 2.07 2.07 2.07 2.07 2.07 2.07 2.07 2.07 2.07 2.07 2.07 2.07 2.07 2.07 2.07 2.07 2.07 2.07 2.07 2.07 2.07 2.07 2.07 2.07 2.07 2.07 2.07 2.07 2.07 2.07
2.07 2.07 2.07 2.07 2.07 2.07 2.07 2.07 2.07 2.07 2.07 2.07 2.07 2.07 2.07 2.07 2.07 2.07 2.07 2.07 2.07 2.07 2.07 2.07 2.07 2.07 2.07 2.07 2.07 2.08 2.08 2.08 2.08 2.08 2.08 2.08 2.08 2.08 2.08 2.08 2.08 2.08 2.08 2.08 2.08 2.08 2.08 2.08 2.08 2.08 2.07 2.07 2.07 2.07 2.07 2.07 2.07 2.07 2.07 2.07 2.07 2.07 2.07 2.07 2.07 2.07 2.07 2.07 2.07 2.07 2.07 2.07 2.07 2.07 2.07 2.07 2.07 2.07 2.07 2.07 2.07 2.07 2.07 2.07
2.07 2.07 2.07 2.07 2.07 2.07 2.07 2.07 2.07 2.07 2.07 2.07 2.07 2.07 2.07 2.07 2.07 2.07 2.07 2.07 2.07 2.07 2.07 2.07 2.07 2.07 2.07 2.07 2.07 2.07 2.08 2.08 2.08 2.08 2.08 2.08 2.08 2.08 2.08 2.08 2.08 2.08 2.08 2.08 2.08 2.08 2.08 2.08 2.07 2.07 2.07 2.07 2.07 2.07 2.07 2.07 2.07 2.07 2.07 2.07 2.07 2.07 2.07 2.07 2.07 2.07 2.07 2.07 2.07 2.07 2.07 2.07 2.07 2.07 2.07 2.07 2.07 2.07 2.07 2.07 2.07 2.07 2.07 2.07
2.07 2.07 2.07 2.07 2.07 2.07 2.07 2.07 2.07 2.07 2.07 2.07 2.07 2.07 2.07 2.07 2.07 2.07 2.07 2.07 2.07 2.07 2.07 2.07 2.07 2.07 2.07 2.07 2.07 2.07 2.07 2.08 2.08 2.08 2.08 2.08 2.08 2.08 2.08 2.08 2.08 2.08 2.08 2.08 2.08 2.08 2.08 2.07 2.07 2.07 2.07 2.07 2.07 2.07 2.07 2.07 2.07 2.07 2.07 2.07 2.07 2.07 2.07 2.07 2.07 2.07 2.07 2.07 2.07 2.07 2.07 2.07 2.07 2.07 2.07 2.07 2.07 2.07 2.07 2.07 2.07 2.07 2.07 2.07
2.07 2.07 2.07 2.07 2.07 2.07 2.07 2.07 2.07 2.07 2.07 2.07 2.07 2.07 2.07 2.07 2.07 2.07 2.07 2.07 2.07 2.07 2.07 2.07 2.07 2.07 2.07 2.07 2.07 2.07 2.07 2.07 2.08 2.07 2.08 2.08 2.08 2.08 2.08 2.08 2.07 2.07 2.07 2.07 2.08 2.07 2.07 2.07 2.07 2.07 2.07 2.07 2.07 2.07 2.07 2.07 2.07 2.07 2.07 2.07 2.07 2.07 2.07 2.07 2.07 2.07 2.07 2.07 2.07 2.07 2.07 2.07 2.07 2.07 2.07 2.07 2.07 2.07 2.07 2.07 2.07 2.07 2.07 2.07
2.07 2.07 2.07 2.07 2.07 2.07 2.07 2.07 2.07 2.07 2.07 2.07 2.07 2.07 2.07 2.07 2.07 2.07 2.07 2.07 2.07 2.07 2.07 2.07 2.07 2.07 2.07 2.07 2.07 2.07 2.07 2.07 2.07 2.07 2.07 2.07 2.07 2.07 2.07 2.07 2.07 2.07 2.07 2.07 2.07 2.07 2.07 2.07 2.07 2.07 2.07 2.07 2.07 2.07 2.07 2.07 2.07 2.07 2.07 2.07 2.07 2.07 2.07 2.07 2.07 2.07 2.07 2.07 2.07 2.07 2.07 2.07 2.07 2.07 2.07 2.07 2.07 2.07 2.07 2.07 2.07 2.07 2.07 2.07
2.07 2.07 2.07 2.07 2.07 2.07 2.07 2.07 2.07 2.07 2.07 2.07 2.07 2.07 2.07 2.07 2.07 2.07 2.07 2.07 2.07 2.07 2.07 2.07 2.07 2.07 2.07 2.07 2.07 2.07 2.07 2.07 2.07 2.07 2.07 2.07 2.07 2.07 2.07 2.07 2.07 2.07 2.07 2.07 2.07 2.07 2.07 2.07 2.07 2.07 2.07 2.07 2.07 2.07 2.07 2.07 2.07 2.07 2.07 2.07 2.07 2.07 2.07 2.07 2.07 2.07 2.07 2.07 2.07 2.07 2.07 2.07 2.07 2.07 2.07 2.07 2.07 2.07 2.07 2.07 2.07 2.07 2.07 2.07
