data/AilsaCraig_270_1_25m_vel_500m.asc
ncols	257
nrows	257
xllcorner	3364200.000000
yllcorner	3669375.000000
cellsize	25.000000
NODATA_value	-1.000000
[rows 114 to 151 of 257, columns 84 to 167 of 257]
1.23 1.23 1.23 1.23 1.23 1.23 1.23 1.23 1.22 1.22 1.21 1.19 1.19 1.19 1.19 1.19 1.18 1.17 1.17 1.16 1.15 1.14 1.13 1.11 1.10 1.09 1.08 1.08 1.07 1.07 1.06 1.05 1.06 1.07 1.11 1.13 0.98 0.85 0.99 1.18 1.65 2.90 3.11 2.07 1.72 2.07 1.85 1.16 0.94 1.01 1.10 1.20 1.34 1.45 1.40 1.21 1.13 1.09 1.07 1.08 1.08 1.09 1.10 1.11 1.11 1.12 1.13 1.15 1.15 1.16 1.17 1.17 1.17 1.18 1.18 1.19 1.20 1.20 1.21 1.22 1.22 1.23 1.23 1.23
1.23 1.23 1.23 1.23 1.23 1.23 1.23 1.22 1.22 1.21 1.20 1.19 1.18 1.18 1.18 1.18 1.17 1.16 1.16 1.15 1.13 1.12 1.11 1.10 1.08 1.07 1.06 1.05 1.04 1.03 1.03 1.01 1.00 1.04 1.09 1.13 0.99 0.83 0.99 1.16 1.78 3.08 3.08 1.96 1.86 2.11 1.77 1.41 1.17 1.13 1.21 1.26 1.37 1.47 1.48 1.32 1.06 0.99 1.02 1.03 1.04 1.06 1.07 1.08 1.09 1.10 1.11 1.13 1.14 1.15 1.16 1.16 1.16 1.17 1.17 1.18 1.19 1.20 1.20 1.21 1.22 1.22 1.23 1.23
1.23 1.23 1.23 1.23 1.23 1.23 1.22 1.22 1.22 1.21 1.19 1.18 1.18 1.18 1.18 1.17 1.16 1.16 1.15 1.14 1.12 1.11 1.10 1.08 1.06 1.05 1.03 1.01 1.00 0.99 0.98 0.97 0.97 1.01 1.07 1.12 1.00 0.88 1.02 1.22 1.97 3.12 3.02 2.03 2.03 2.17 1.79 1.62 1.50 1.29 1.29 1.34 1.41 1.47 1.48 1.32 0.94 0.92 0.98 0.98 1.00 1.02 1.04 1.06 1.07 1.07 1.08 1.11 1.13 1.14 1.15 1.15 1.16 1.16 1.17 1.17 1.18 1.19 1.20 1.21 1.21 1.22 1.22 1.23
1.23 1.23 1.23 1.23 1.23 1.22 1.22 1.22 1.21 1.20 1.18 1.18 1.17 1.17 1.17 1.16 1.16 1.15 1.14 1.13 1.11 1.09 1.08 1.06 1.04 1.02 1.00 0.98 0.96 0.94 0.92 0.93 0.97 1.01 1.07 1.09 1.01 0.96 1.09 1.35 2.11 3.04 2.99 2.30 2.23 2.23 1.85 1.71 1.75 1.50 1.35 1.38 1.42 1.46 1.42 1.34 1.05 0.89 0.90 0.93 0.95 0.98 1.00 1.02 1.04 1.05 1.06 1.08 1.11 1.13 1.14 1.14 1.15 1.15 1.16 1.17 1.17 1.18 1.19 1.20 1.21 1.21 1.22 1.22
1.23 1.23 1.23 1.23 1.23 1.22 1.22 1.22 1.20 1.19 1.18 1.17 1.17 1.16 1.16 1.16 1.15 1.14 1.13 1.11 1.10 1.08 1.06 1.04 1.02 0.99 0.97 0.94 0.91 0.89 0.87 0.89 0.96 1.04 1.09 1.06 1.01 1.03 1.19 1.49 2.15 2.86 2.94 2.59 2.42 2.28 1.98 1.83 1.83 1.62 1.45 1.43 1.42 1.47 1.40 1.34 1.22 0.86 0.83 0.88 0.90 0.93 0.96 0.99 1.01 1.02 1.04 1.06 1.09 1.12 1.13 1.14 1.14 1.15 1.15 1.16 1.17 1.18 1.19 1.20 1.20 1.21 1.22 1.22
1.23 1.23 1.23 1.23 1.22 1.22 1.21 1.21 1.20 1.18 1.17 1.17 1.16 1.16 1.15 1.15 1.14 1.13 1.12 1.10 1.08 1.06 1.04 1.02 0.99 0.97 0.94 0.90 0.86 0.82 0.82 0.87 0.95 1.08 1.12 1.07 1.05 1.11 1.28 1.61 2.14 2.63 2.80 2.71 2.53 2.32 2.12 1.99 1.85 1.63 1.60 1.52 1.40 1.46 1.41 1.30 1.24 0.94 0.78 0.80 0.84 0.88 0.92 0.95 0.97 1.00 1.02 1.05 1.07 1.10 1.12 1.13 1.13 1.14 1.14 1.15 1.16 1.17 1.18 1.19 1.20 1.21 1.21 1.22
1.23 1.23 1.22 1.22 1.22 1.21 1.21 1.21 1.19 1.17 1.16 1.17 1.16 1.15 1.15 1.14 1.13 1.12 1.10 1.09 1.07 1.05 1.03 1.00 0.97 0.94 0.90 0.86 0.81 0.76 0.76 0.83 0.93 1.09 1.15 1.13 1.14 1.19 1.35 1.68 2.10 2.45 2.67 2.70 2.56 2.39 2.25 2.09 1.86 1.69 1.66 1.57 1.42 1.45 1.40 1.25 1.22 1.01 0.72 0.72 0.79 0.82 0.87 0.90 0.94 0.97 1.01 1.03 1.05 1.08 1.10 1.13 1.13 1.13 1.14 1.15 1.15 1.16 1.18 1.19 1.19 1.20 1.21 1.22
1.23 1.22 1.22 1.22 1.22 1.21 1.21 1.20 1.18 1.17 1.16 1.16 1.16 1.15 1.14 1.13 1.12 1.11 1.09 1.08 1.05 1.03 1.01 0.98 0.95 0.91 0.87 0.82 0.75 0.71 0.72 0.78 0.89 1.04 1.14 1.19 1.24 1.26 1.39 1.71 2.07 2.37 2.58 2.62 2.54 2.44 2.34 2.16 1.91 1.74 1.65 1.59 1.52 1.47 1.38 1.23 1.15 1.02 0.74 0.70 0.73 0.76 0.82 0.87 0.91 0.95 0.99 1.01 1.04 1.06 1.08 1.12 1.13 1.12 1.13 1.14 1.15 1.16 1.17 1.18 1.19 1.20 1.21 1.21
1.23 1.22 1.22 1.22 1.21 1.21 1.21 1.20 1.17 1.16 1.16 1.16 1.15 1.14 1.13 1.12 1.11 1.10 1.08 1.06 1.04 1.01 0.99 0.96 0.92 0.88 0.83 0.78 0.70 0.65 0.67 0.74 0.85 0.97 1.06 1.18 1.30 1.32 1.42 1.72 2.06 2.34 2.53 2.55 2.50 2.47 2.39 2.21 1.94 1.75 1.67 1.63 1.58 1.46 1.31 1.16 1.05 0.92 0.75 0.67 0.67 0.70 0.77 0.83 0.88 0.92 0.97 1.00 1.02 1.04 1.06 1.10 1.12 1.12 1.12 1.14 1.15 1.15 1.17 1.18 1.19 1.19 1.20 1.21
1.22 1.22 1.22 1.22 1.21 1.20 1.20 1.19 1.17 1.15 1.15 1.15 1.15 1.13 1.12 1.11 1.10 1.09 1.07 1.05 1.02 1.00 0.97 0.94 0.90 0.85 0.80 0.73 0.67 0.63 0.63 0.69 0.83 0.94 0.99 1.10 1.28 1.35 1.46 1.75 2.05 2.29 2.49 2.52 2.47 2.47 2.41 2.22 1.95 1.76 1.70 1.64 1.54 1.40 1.23 1.07 0.96 0.87 0.77 0.62 0.60 0.65 0.72 0.79 0.84 0.89 0.94 0.98 1.00 1.02 1.05 1.08 1.11 1.12 1.12 1.13 1.15 1.15 1.16 1.17 1.18 1.19 1.20 1.21
1.22 1.22 1.22 1.22 1.21 1.20 1.20 1.19 1.16 1.15 1.15 1.15 1.14 1.13 1.12 1.11 1.09 1.07 1.06 1.03 1.01 0.98 0.95 0.91 0.87 0.82 0.77 0.70 0.64 0.61 0.59 0.64 0.80 0.94 0.97 1.04 1.21 1.33 1.49 1.79 2.03 2.25 2.45 2.50 2.47 2.46 2.39 2.19 1.96 1.79 1.71 1.61 1.45 1.30 1.14 1.00 0.90 0.82 0.74 0.66 0.58 0.60 0.67 0.74 0.81 0.86 0.92 0.96 0.99 1.01 1.04 1.06 1.10 1.12 1.12 1.12 1.14 1.15 1.15 1.17 1.18 1.19 1.20 1.21
1.22 1.22 1.22 1.21 1.20 1.20 1.20 1.18 1.15 1.14 1.15 1.15 1.14 1.12 1.11 1.09 1.08 1.06 1.04 1.02 0.99 0.96 0.93 0.89 0.85 0.79 0.73 0.67 0.64 0.60 0.58 0.61 0.76 0.92 0.97 1.02 1.14 1.26 1.47 1.80 2.02 2.24 2.44 2.50 2.48 2.45 2.36 2.14 1.93 1.80 1.69 1.54 1.35 1.20 1.08 0.96 0.86 0.77 0.70 0.66 0.60 0.54 0.60 0.70 0.77 0.83 0.89 0.94 0.97 1.00 1.02 1.05 1.08 1.11 1.12 1.12 1.14 1.15 1.15 1.16 1.18 1.19 1.20 1.21
1.22 1.22 1.22 1.21 1.20 1.20 1.19 1.17 1.15 1.14 1.15 1.15 1.13 1.11 1.10 1.09 1.07 1.05 1.03 1.00 0.98 0.94 0.91 0.87 0.82 0.76 0.69 0.64 0.64 0.62 0.59 0.61 0.72 0.87 0.95 1.02 1.12 1.21 1.44 1.77 2.01 2.26 2.46 2.51 2.49 2.46 2.32 2.05 1.85 1.78 1.67 1.47 1.26 1.13 1.06 0.93 0.82 0.73 0.68 0.65 0.59 0.49 0.53 0.65 0.74 0.81 0.87 0.92 0.96 0.99 1.02 1.04 1.07 1.10 1.13 1.12 1.13 1.15 1.15 1.16 1.18 1.18 1.19 1.20
1.22 1.22 1.22 1.21 1.20 1.20 1.19 1.16 1.14 1.14 1.15 1.15 1.13 1.11 1.10 1.08 1.06 1.04 1.02 0.99 0.96 0.93 0.88 0.84 0.79 0.73 0.65 0.61 0.63 0.64 0.62 0.64 0.70 0.81 0.92 1.02 1.10 1.20 1.45 1.76 2.03 2.31 2.49 2.53 2.52 2.47 2.26 1.93 1.75 1.76 1.68 1.45 1.23 1.13 1.06 0.93 0.79 0.71 0.66 0.63 0.59 0.51 0.51 0.60 0.71 0.78 0.85 0.90 0.94 0.98 1.01 1.03 1.06 1.09 1.12 1.13 1.12 1.14 1.15 1.16 1.17 1.18 1.19 1.20
1.22 1.22 1.21 1.20 1.20 1.20 1.18 1.15 1.14 1.14 1.15 1.14 1.13 1.11 1.09 1.07 1.05 1.03 1.01 0.97 0.94 0.91 0.86 0.81 0.76 0.69 0.62 0.59 0.62 0.65 0.67 0.69 0.73 0.79 0.90 1.03 1.09 1.19 1.48 1.78 2.08 2.36 2.52 2.56 2.56 2.47 2.15 1.81 1.70 1.72 1.67 1.50 1.30 1.18 1.08 0.93 0.79 0.70 0.64 0.60 0.59 0.55 0.50 0.56 0.67 0.76 0.83 0.89 0.94 0.97 1.01 1.03 1.05 1.08 1.11 1.13 1.13 1.13 1.15 1.16 1.17 1.18 1.19 1.20
1.22 1.22 1.21 1.20 1.20 1.19 1.18 1.15 1.14 1.15 1.15 1.14 1.12 1.11 1.08 1.06 1.05 1.02 0.99 0.96 0.92 0.88 0.84 0.78 0.72 0.65 0.59 0.58 0.60 0.64 0.71 0.75 0.76 0.79 0.90 1.04 1.08 1.19 1.53 1.84 2.15 2.41 2.53 2.57 2.58 2.42 2.02 1.75 1.68 1.64 1.63 1.58 1.43 1.26 1.10 0.93 0.80 0.69 0.60 0.57 0.58 0.57 0.53 0.54 0.63 0.74 0.82 0.88 0.93 0.97 1.00 1.03 1.05 1.07 1.10 1.13 1.13 1.13 1.15 1.16 1.16 1.18 1.19 1.20
1.22 1.22 1.21 1.20 1.20 1.19 1.17 1.15 1.14 1.15 1.15 1.14 1.11 1.10 1.08 1.06 1.04 1.01 0.98 0.95 0.91 0.86 0.82 0.76 0.69 0.60 0.55 0.56 0.59 0.64 0.74 0.79 0.78 0.82 0.93 1.04 1.12 1.27 1.59 1.91 2.22 2.44 2.52 2.56 2.56 2.36 1.95 1.71 1.64 1.56 1.59 1.64 1.52 1.31 1.12 0.96 0.82 0.69 0.57 0.56 0.57 0.58 0.56 0.54 0.61 0.72 0.81 0.87 0.92 0.96 1.00 1.03 1.05 1.07 1.09 1.13 1.14 1.13 1.14 1.16 1.17 1.18 1.19 1.20
1.22 1.22 1.21 1.20 1.20 1.19 1.16 1.15 1.14 1.15 1.15 1.13 1.11 1.09 1.08 1.05 1.02 1.00 0.97 0.93 0.90 0.85 0.79 0.73 0.66 0.55 0.50 0.55 0.58 0.64 0.77 0.82 0.81 0.87 0.98 1.08 1.20 1.39 1.68 1.99 2.28 2.45 2.51 2.52 2.51 2.33 1.95 1.69 1.59 1.52 1.59 1.67 1.55 1.32 1.14 0.99 0.85 0.68 0.56 0.56 0.57 0.59 0.59 0.57 0.60 0.71 0.80 0.86 0.92 0.96 1.00 1.03 1.05 1.07 1.09 1.12 1.14 1.14 1.14 1.16 1.17 1.18 1.19 1.20
1.22 1.21 1.21 1.20 1.19 1.18 1.16 1.15 1.15 1.15 1.15 1.13 1.11 1.08 1.07 1.05 1.02 0.99 0.96 0.92 0.88 0.83 0.77 0.70 0.62 0.51 0.46 0.53 0.58 0.65 0.79 0.85 0.85 0.93 1.05 1.17 1.32 1.54 1.81 2.08 2.32 2.45 2.48 2.47 2.45 2.33 2.00 1.68 1.56 1.54 1.62 1.66 1.52 1.30 1.15 1.03 0.89 0.70 0.59 0.57 0.57 0.59 0.61 0.61 0.62 0.70 0.79 0.86 0.91 0.96 1.00 1.03 1.05 1.07 1.09 1.11 1.14 1.15 1.14 1.15 1.17 1.18 1.18 1.20
1.22 1.21 1.21 1.20 1.19 1.18 1.16 1.15 1.15 1.15 1.14 1.13 1.10 1.08 1.07 1.05 1.02 0.99 0.96 0.91 0.87 0.82 0.75 0.67 0.58 0.48 0.44 0.50 0.57 0.67 0.82 0.88 0.91 1.01 1.14 1.30 1.48 1.70 1.95 2.17 2.35 2.45 2.44 2.40 2.40 2.32 2.03 1.71 1.59 1.59 1.63 1.61 1.48 1.31 1.17 1.07 0.92 0.73 0.61 0.57 0.58 0.60 0.62 0.65 0.67 0.72 0.79 0.86 0.92 0.96 1.00 1.03 1.06 1.08 1.09 1.11 1.13 1.15 1.15 1.15 1.17 1.18 1.18 1.20
1.22 1.21 1.21 1.20 1.19 1.18 1.17 1.15 1.15 1.15 1.14 1.12 1.10 1.08 1.06 1.05 1.02 0.98 0.95 0.91 0.85 0.80 0.73 0.65 0.54 0.45 0.44 0.49 0.56 0.68 0.83 0.92 0.98 1.10 1.26 1.45 1.65 1.85 2.05 2.23 2.36 2.41 2.38 2.35 2.36 2.26 2.01 1.78 1.68 1.63 1.58 1.55 1.48 1.35 1.21 1.12 0.98 0.79 0.63 0.57 0.57 0.61 0.64 0.68 0.72 0.76 0.81 0.86 0.92 0.96 1.00 1.03 1.06 1.08 1.10 1.11 1.13 1.15 1.16 1.15 1.17 1.18 1.19 1.19
1.22 1.21 1.21 1.20 1.19 1.18 1.17 1.15 1.15 1.15 1.14 1.12 1.10 1.08 1.06 1.04 1.02 0.98 0.94 0.90 0.85 0.78 0.71 0.62 0.49 0.41 0.44 0.49 0.57 0.69 0.83 0.96 1.06 1.20 1.40 1.62 1.81 1.96 2.12 2.26 2.34 2.36 2.33 2.32 2.30 2.17 1.97 1.85 1.76 1.62 1.52 1.52 1.51 1.39 1.26 1.17 1.05 0.88 0.71 0.59 0.58 0.62 0.65 0.70 0.77 0.81 0.84 0.87 0.92 0.97 1.00 1.03 1.06 1.09 1.10 1.11 1.13 1.15 1.16 1.16 1.16 1.18 1.19 1.19
1.22 1.21 1.21 1.20 1.19 1.18 1.17 1.16 1.15 1.15 1.14 1.13 1.10 1.08 1.06 1.04 1.02 0.98 0.94 0.90 0.84 0.77 0.69 0.59 0.46 0.37 0.43 0.51 0.58 0.71 0.84 1.00 1.15 1.32 1.55 1.78 1.91 2.02 2.15 2.27 2.32 2.32 2.28 2.27 2.21 2.06 1.94 1.90 1.77 1.56 1.47 1.51 1.53 1.43 1.30 1.20 1.10 0.95 0.79 0.65 0.61 0.65 0.68 0.74 0.81 0.84 0.87 0.90 0.93 0.97 1.01 1.04 1.07 1.09 1.11 1.12 1.13 1.14 1.16 1.17 1.17 1.18 1.20 1.20
1.22 1.21 1.21 1.20 1.19 1.18 1.17 1.16 1.15 1.14 1.14 1.13 1.11 1.09 1.07 1.04 1.02 0.98 0.94 0.89 0.84 0.77 0.67 0.56 0.43 0.36 0.42 0.51 0.61 0.73 0.86 1.05 1.25 1.46 1.70 1.87 1.96 2.05 2.17 2.26 2.30 2.27 2.22 2.19 2.11 1.97 1.94 1.91 1.70 1.49 1.44 1.50 1.55 1.47 1.34 1.24 1.13 0.99 0.84 0.69 0.66 0.69 0.71 0.77 0.84 0.88 0.90 0.93 0.95 0.97 1.02 1.05 1.07 1.10 1.11 1.12 1.13 1.15 1.16 1.17 1.17 1.18 1.20 1.20
1.22 1.21 1.21 1.20 1.19 1.18 1.17 1.16 1.16 1.14 1.14 1.13 1.11 1.09 1.07 1.04 1.02 0.99 0.95 0.90 0.84 0.77 0.66 0.53 0.41 0.38 0.44 0.53 0.64 0.76 0.90 1.12 1.37 1.60 1.79 1.91 1.98 2.07 2.18 2.24 2.25 2.20 2.15 2.11 2.00 1.91 1.93 1.86 1.60 1.43 1.42 1.49 1.55 1.49 1.38 1.28 1.16 1.03 0.87 0.73 0.72 0.74 0.75 0.81 0.87 0.90 0.93 0.95 0.97 0.99 1.03 1.06 1.08 1.10 1.12 1.13 1.14 1.15 1.16 1.17 1.18 1.18 1.20 1.21
1.22 1.22 1.21 1.20 1.19 1.18 1.17 1.16 1.16 1.15 1.14 1.13 1.12 1.10 1.07 1.05 1.02 0.99 0.96 0.91 0.85 0.78 0.67 0.51 0.40 0.42 0.48 0.54 0.69 0.81 0.97 1.25 1.51 1.70 1.84 1.93 2.00 2.08 2.17 2.20 2.19 2.15 2.11 2.03 1.89 1.84 1.89 1.77 1.51 1.39 1.41 1.49 1.55 1.51 1.42 1.32 1.20 1.07 0.89 0.76 0.77 0.80 0.80 0.85 0.90 0.92 0.94 0.97 0.99 1.02 1.05 1.07 1.09 1.11 1.13 1.14 1.15 1.15 1.16 1.17 1.18 1.19 1.20 1.21
1.22 1.22 1.21 1.20 1.20 1.19 1.18 1.17 1.16 1.15 1.14 1.13 1.13 1.11 1.08 1.05 1.03 1.00 0.97 0.92 0.86 0.79 0.70 0.55 0.44 0.49 0.54 0.59 0.77 0.89 1.11 1.40 1.62 1.76 1.87 1.96 2.01 2.08 2.14 2.17 2.14 2.13 2.12 1.95 1.74 1.73 1.80 1.71 1.50 1.39 1.39 1.49 1.56 1.53 1.45 1.36 1.24 1.10 0.91 0.80 0.82 0.86 0.86 0.89 0.93 0.94 0.96 0.99 1.02 1.05 1.07 1.09 1.11 1.12 1.13 1.15 1.15 1.16 1.17 1.17 1.18 1.19 1.20 1.21
1.22 1.22 1.21 1.21 1.20 1.19 1.18 1.17 1.16 1.15 1.15 1.14 1.13 1.11 1.09 1.06 1.03 1.01 0.98 0.94 0.89 0.82 0.74 0.63 0.57 0.57 0.61 0.70 0.86 1.01 1.27 1.51 1.66 1.80 1.92 1.98 2.00 2.04 2.11 2.15 2.13 2.16 2.14 1.83 1.54 1.59 1.67 1.63 1.53 1.40 1.39 1.50 1.58 1.56 1.50 1.41 1.28 1.12 0.94 0.85 0.87 0.91 0.92 0.93 0.94 0.96 0.98 1.02 1.05 1.07 1.09 1.10 1.12 1.13 1.14 1.15 1.16 1.16 1.17 1.18 1.18 1.20 1.20 1.21
1.22 1.22 1.21 1.21 1.20 1.19 1.18 1.18 1.17 1.16 1.15 1.14 1.13 1.12 1.10 1.07 1.04 1.03 1.00 0.96 0.91 0.86 0.79 0.72 0.68 0.68 0.70 0.79 0.94 1.15 1.39 1.55 1.67 1.83 1.96 1.98 1.97 2.00 2.08 2.16 2.18 2.22 2.13 1.67 1.35 1.46 1.50 1.50 1.51 1.41 1.40 1.52 1.59 1.58 1.55 1.47 1.34 1.15 0.96 0.90 0.94 0.96 0.96 0.95 0.96 0.99 1.02 1.05 1.07 1.09 1.10 1.12 1.13 1.14 1.15 1.16 1.16 1.17 1.18 1.18 1.19 1.20 1.21 1.21
1.22 1.22 1.22 1.21 1.20 1.20 1.19 1.18 1.17 1.16 1.15 1.15 1.14 1.13 1.11 1.09 1.06 1.04 1.01 0.98 0.94 0.90 0.85 0.80 0.76 0.76 0.75 0.83 0.99 1.23 1.43 1.54 1.68 1.87 1.98 1.97 1.94 1.98 2.08 2.19 2.27 2.28 2.07 1.53 1.27 1.36 1.36 1.37 1.41 1.37 1.42 1.54 1.59 1.59 1.58 1.51 1.38 1.18 0.99 0.96 1.00 1.01 0.99 0.97 0.99 1.02 1.05 1.07 1.09 1.11 1.12 1.13 1.15 1.15 1.16 1.17 1.17 1.17 1.18 1.18 1.19 1.20 1.21 1.22
1.23 1.22 1.22 1.21 1.21 1.20 1.19 1.18 1.17 1.17 1.16 1.15 1.14 1.13 1.12 1.10 1.08 1.05 1.03 1.01 0.98 0.94 0.90 0.86 0.83 0.81 0.80 0.76 0.98 1.23 1.44 1.54 1.70 1.89 1.97 1.95 1.94 1.98 2.08 2.25 2.38 2.29 1.91 1.43 1.27 1.30 1.26 1.25 1.27 1.29 1.40 1.54 1.58 1.60 1.60 1.55 1.43 1.20 1.02 1.01 1.06 1.05 1.02 1.01 1.03 1.06 1.08 1.10 1.11 1.12 1.14 1.15 1.16 1.16 1.17 1.17 1.17 1.18 1.18 1.19 1.20 1.21 1.22 1.22
1.23 1.22 1.22 1.22 1.21 1.20 1.20 1.19 1.18 1.17 1.16 1.16 1.15 1.14 1.13 1.12 1.10 1.08 1.05 1.03 1.01 0.98 0.95 0.92 0.89 0.87 0.86 0.78 0.76 1.30 1.47 1.56 1.71 1.88 1.94 1.93 1.96 2.00 2.10 2.34 2.48 2.22 1.67 1.33 1.26 1.25 1.19 1.14 1.15 1.22 1.36 1.50 1.57 1.60 1.61 1.57 1.46 1.23 1.06 1.05 1.09 1.07 1.05 1.05 1.07 1.09 1.10 1.12 1.13 1.14 1.15 1.16 1.17 1.18 1.18 1.18 1.18 1.18 1.19 1.19 1.20 1.21 1.22 1.22
1.23 1.23 1.22 1.22 1.21 1.21 1.20 1.19 1.19 1.18 1.17 1.16 1.15 1.15 1.14 1.13 1.11 1.10 1.08 1.06 1.04 1.02 1.00 0.97 0.95 0.94 0.92 0.92 1.01 1.30 1.51 1.57 1.73 1.84 1.89 1.92 1.98 2.04 2.12 2.42 2.53 2.02 1.43 1.25 1.19 1.16 1.08 1.00 1.05 1.16 1.30 1.44 1.53 1.58 1.60 1.59 1.48 1.28 1.12 1.10 1.11 1.10 1.09 1.10 1.10 1.11 1.12 1.13 1.14 1.15 1.16 1.17 1.18 1.19 1.19 1.18 1.18 1.19 1.19 1.20 1.21 1.22 1.22 1.22
1.23 1.23 1.23 1.22 1.22 1.21 1.21 1.20 1.19 1.18 1.18 1.17 1.16 1.16 1.15 1.14 1.13 1.12 1.10 1.08 1.06 1.05 1.04 1.02 1.01 1.00 0.99 1.05 1.16 1.19 1.37 1.57 1.72 1.81 1.84 1.90 2.00 2.09 2.17 2.48 2.51 1.85 1.39 1.25 1.12 1.04 0.91 0.81 0.97 1.12 1.21 1.36 1.47 1.53 1.57 1.59 1.50 1.32 1.18 1.14 1.13 1.13 1.13 1.13 1.13 1.13 1.14 1.15 1.16 1.17 1.18 1.18 1.19 1.19 1.19 1.19 1.18 1.19 1.20 1.21 1.21 1.22 1.23 1.23
1.23 1.23 1.23 1.22 1.22 1.22 1.21 1.20 1.20 1.19 1.18 1.18 1.17 1.16 1.16 1.15 1.14 1.13 1.12 1.11 1.09 1.08 1.07 1.07 1.06 1.06 1.07 1.10 1.13 1.17 1.23 1.48 1.70 1.77 1.80 1.89 2.02 2.14 2.27 2.51 2.42 1.86 1.54 1.36 1.16 1.01 0.81 0.74 0.94 1.10 1.14 1.28 1.40 1.43 1.50 1.55 1.51 1.36 1.22 1.17 1.17 1.16 1.16 1.16 1.15 1.15 1.16 1.17 1.17 1.18 1.19 1.19 1.20 1.20 1.20 1.19 1.19 1.20 1.21 1.21 1.22 1.22 1.23 1.23
1.23 1.23 1.23 1.23 1.22 1.22 1.21 1.21 1.20 1.20 1.19 1.18 1.18 1.17 1.17 1.16 1.16 1.15 1.14 1.13 1.12 1.11 1.10 1.10 1.10 1.11 1.12 1.14 1.17 1.21 1.25 1.33 1.60 1.74 1.80 1.89 2.02 2.19 2.39 2.50 2.25 1.88 1.70 1.50 1.26 1.06 0.88 0.83 0.98 1.10 1.15 1.25 1.32 1.33 1.40 1.49 1.48 1.37 1.26 1.21 1.20 1.19 1.18 1.18 1.17 1.17 1.18 1.19 1.19 1.19 1.19 1.20 1.21 1.21 1.21 1.20 1.19 1.20 1.21 1.22 1.22 1.23 1.23 1.23
1.24 1.23 1.23 1.23 1.23 1.22 1.22 1.21 1.21 1.20 1.20 1.19 1.18 1.18 1.18 1.17 1.17 1.16 1.16 1.15 1.15 1.14 1.13 1.13 1.14 1.15 1.16 1.18 1.20 1.24 1.28 1.33 1.42 1.66 1.81 1.91 2.00 2.17 2.44 2.45 2.04 1.83 1.79 1.58 1.33 1.13 0.99 0.98 1.06 1.13 1.18 1.24 1.27 1.28 1.34 1.42 1.42 1.35 1.28 1.25 1.23 1.21 1.20 1.19 1.19 1.19 1.19 1.20 1.20 1.20 1.20 1.21 1.22 1.22 1.21 1.20 1.20 1.21 1.22 1.23 1.23 1.23 1.23 1.23
1.24 1.24 1.24 1.23 1.23 1.23 1.22 1.22 1.21 1.21 1.20 1.20 1.19 1.19 1.18 1.18 1.18 1.18 1.18 1.17 1.17 1.17 1.16 1.16 1.17 1.18 1.20 1.21 1.24 1.27 1.31 1.35 1.40 1.52 1.79 1.91 1.95 2.06 2.37 2.40 1.98 1.82 1.83 1.60 1.35 1.17 1.09 1.10 1.14 1.18 1.21 1.25 1.26 1.28 1.32 1.36 1.37 1.33 1.29 1.27 1.25 1.22 1.21 1.21 1.20 1.20 1.20 1.21 1.21 1.21 1.21 1.22 1.22 1.22 1.21 1.21 1.21 1.22 1.23 1.23 1.23 1.23 1.23 1.24
