data/AilsaCraig_270_1_25m_vel_1000m.asc
ncols	257
nrows	257
xllcorner	3364200.000000
yllcorner	3669375.000000
cellsize	25.000000
NODATA_value	-1.000000
[rows 114 to 151 of 257, columns 84 to 167 of 257]
1.17 1.16 1.16 1.16 1.15 1.15 1.14 1.13 1.13 1.13 1.13 1.13 1.12 1.12 1.11 1.10 1.10 1.09 1.08 1.08 1.07 1.06 1.06 1.06 1.06 1.05 1.04 1.02 1.01 1.00 0.99 0.98 0.98 0.99 1.04 1.06 0.93 0.82 0.95 1.15 1.59 2.68 2.85 1.94 1.62 1.93 1.74 1.15 0.92 0.95 1.03 1.12 1.24 1.34 1.31 1.14 1.06 1.03 1.01 1.02 1.02 1.03 1.03 1.04 1.04 1.05 1.06 1.07 1.07 1.08 1.08 1.09 1.11 1.12 1.12 1.12 1.12 1.13 1.13 1.13 1.13 1.14 1.14 1.15
1.17 1.16 1.16 1.15 1.15 1.14 1.14 1.13 1.12 1.13 1.13 1.13 1.12 1.11 1.11 1.10 1.09 1.08 1.07 1.06 1.06 1.05 1.04 1.04 1.03 1.03 1.01 1.00 0.99 0.98 0.96 0.94 0.93 0.96 1.02 1.06 0.94 0.81 0.96 1.15 1.73 2.83 2.83 1.84 1.74 1.96 1.67 1.35 1.13 1.06 1.12 1.18 1.27 1.37 1.38 1.24 1.01 0.94 0.97 0.98 0.99 1.00 1.01 1.01 1.02 1.03 1.04 1.06 1.07 1.06 1.07 1.08 1.10 1.11 1.12 1.12 1.12 1.12 1.12 1.13 1.13 1.13 1.14 1.14
1.16 1.16 1.16 1.15 1.15 1.14 1.13 1.13 1.12 1.13 1.13 1.12 1.12 1.11 1.10 1.09 1.08 1.07 1.06 1.05 1.04 1.04 1.03 1.02 1.01 1.00 0.99 0.97 0.95 0.94 0.93 0.92 0.91 0.94 1.01 1.06 0.96 0.87 1.01 1.22 1.89 2.87 2.77 1.90 1.88 2.00 1.67 1.53 1.42 1.23 1.21 1.24 1.31 1.37 1.39 1.26 0.92 0.88 0.93 0.93 0.95 0.96 0.97 0.99 1.00 1.01 1.02 1.04 1.05 1.06 1.06 1.07 1.08 1.10 1.11 1.11 1.11 1.12 1.12 1.12 1.13 1.13 1.13 1.14
1.16 1.16 1.15 1.15 1.14 1.13 1.13 1.12 1.12 1.12 1.12 1.12 1.11 1.10 1.09 1.08 1.07 1.06 1.05 1.04 1.03 1.02 1.01 1.00 0.99 0.98 0.96 0.94 0.92 0.90 0.88 0.89 0.93 0.96 1.02 1.04 0.97 0.95 1.08 1.33 2.00 2.81 2.75 2.14 2.05 2.06 1.72 1.60 1.63 1.41 1.29 1.28 1.32 1.37 1.34 1.28 1.04 0.87 0.86 0.88 0.90 0.92 0.94 0.96 0.97 0.99 1.01 1.02 1.04 1.05 1.05 1.06 1.07 1.09 1.11 1.11 1.11 1.12 1.12 1.12 1.12 1.13 1.13 1.14
1.16 1.15 1.15 1.15 1.14 1.13 1.12 1.12 1.12 1.12 1.12 1.11 1.10 1.10 1.09 1.08 1.06 1.05 1.04 1.03 1.02 1.01 0.99 0.98 0.96 0.95 0.93 0.91 0.88 0.86 0.84 0.86 0.93 1.00 1.04 1.02 0.98 1.02 1.16 1.44 2.03 2.65 2.70 2.39 2.23 2.11 1.84 1.70 1.70 1.52 1.38 1.34 1.32 1.37 1.32 1.28 1.19 0.86 0.81 0.83 0.85 0.88 0.90 0.92 0.94 0.97 0.99 1.00 1.02 1.03 1.04 1.05 1.06 1.08 1.10 1.11 1.11 1.11 1.11 1.12 1.12 1.12 1.13 1.14
1.16 1.15 1.15 1.14 1.13 1.13 1.12 1.12 1.12 1.12 1.11 1.11 1.10 1.09 1.08 1.07 1.06 1.04 1.03 1.02 1.00 0.99 0.97 0.96 0.94 0.92 0.90 0.87 0.84 0.80 0.80 0.85 0.93 1.04 1.08 1.04 1.02 1.09 1.24 1.54 2.01 2.44 2.58 2.49 2.33 2.15 1.96 1.84 1.71 1.53 1.51 1.44 1.31 1.35 1.31 1.24 1.21 0.93 0.76 0.76 0.79 0.83 0.86 0.89 0.91 0.94 0.97 0.98 1.00 1.02 1.04 1.04 1.05 1.07 1.09 1.10 1.11 1.11 1.11 1.11 1.12 1.12 1.12 1.13
1.15 1.15 1.15 1.14 1.13 1.12 1.12 1.12 1.12 1.11 1.11 1.10 1.09 1.08 1.08 1.06 1.05 1.03 1.02 1.01 0.99 0.97 0.95 0.93 0.91 0.89 0.86 0.83 0.79 0.75 0.75 0.82 0.91 1.05 1.11 1.09 1.10 1.16 1.30 1.60 1.97 2.28 2.47 2.48 2.36 2.20 2.06 1.92 1.72 1.57 1.57 1.48 1.34 1.36 1.30 1.20 1.19 1.00 0.70 0.68 0.74 0.78 0.82 0.85 0.88 0.92 0.95 0.97 0.98 1.00 1.02 1.04 1.05 1.05 1.07 1.10 1.11 1.10 1.11 1.11 1.12 1.12 1.12 1.13
1.15 1.15 1.14 1.14 1.13 1.12 1.11 1.12 1.11 1.11 1.10 1.10 1.09 1.08 1.07 1.05 1.04 1.02 1.01 1.00 0.98 0.95 0.93 0.91 0.89 0.86 0.83 0.79 0.74 0.70 0.72 0.77 0.88 1.02 1.10 1.15 1.19 1.22 1.34 1.63 1.95 2.21 2.40 2.42 2.34 2.25 2.14 1.97 1.76 1.61 1.56 1.51 1.43 1.38 1.29 1.20 1.14 1.00 0.72 0.66 0.70 0.73 0.77 0.81 0.85 0.89 0.93 0.95 0.96 0.98 1.01 1.04 1.05 1.04 1.06 1.09 1.10 1.10 1.10 1.11 1.11 1.12 1.12 1.13
1.15 1.15 1.14 1.13 1.12 1.11 1.11 1.12 1.11 1.11 1.10 1.09 1.08 1.07 1.06 1.05 1.03 1.02 1.00 0.98 0.96 0.94 0.91 0.89 0.86 0.83 0.80 0.75 0.69 0.65 0.67 0.73 0.84 0.95 1.04 1.15 1.25 1.27 1.37 1.65 1.94 2.18 2.35 2.36 2.30 2.26 2.18 2.01 1.78 1.63 1.57 1.54 1.49 1.38 1.25 1.15 1.06 0.93 0.77 0.65 0.64 0.67 0.72 0.77 0.82 0.86 0.90 0.93 0.95 0.96 1.00 1.03 1.04 1.04 1.05 1.07 1.10 1.10 1.10 1.10 1.11 1.11 1.12 1.12
1.14 1.14 1.14 1.13 1.12 1.11 1.11 1.11 1.11 1.10 1.09 1.09 1.08 1.07 1.05 1.04 1.02 1.01 0.99 0.97 0.95 0.92 0.90 0.87 0.84 0.80 0.76 0.71 0.65 0.62 0.62 0.69 0.82 0.92 0.97 1.09 1.24 1.29 1.40 1.67 1.93 2.15 2.31 2.33 2.28 2.25 2.19 2.02 1.79 1.65 1.61 1.57 1.48 1.33 1.18 1.07 0.98 0.88 0.78 0.63 0.57 0.60 0.67 0.73 0.78 0.84 0.88 0.92 0.94 0.96 0.98 1.02 1.04 1.04 1.04 1.06 1.09 1.10 1.10 1.10 1.11 1.12 1.11 1.12
1.14 1.14 1.14 1.13 1.11 1.11 1.11 1.11 1.11 1.10 1.09 1.08 1.07 1.06 1.05 1.03 1.01 1.00 0.98 0.96 0.93 0.91 0.88 0.85 0.81 0.77 0.73 0.67 0.63 0.60 0.60 0.65 0.80 0.92 0.96 1.04 1.19 1.28 1.42 1.70 1.92 2.11 2.29 2.32 2.27 2.24 2.17 2.01 1.81 1.68 1.62 1.55 1.42 1.25 1.11 1.01 0.92 0.83 0.75 0.66 0.55 0.55 0.62 0.69 0.76 0.81 0.86 0.89 0.93 0.95 0.97 1.00 1.03 1.04 1.04 1.05 1.08 1.10 1.10 1.10 1.10 1.12 1.11 1.12
1.14 1.14 1.13 1.12 1.11 1.11 1.11 1.11 1.11 1.10 1.08 1.08 1.07 1.05 1.04 1.02 1.01 0.99 0.97 0.95 0.92 0.89 0.86 0.83 0.79 0.74 0.69 0.65 0.62 0.59 0.58 0.63 0.76 0.90 0.96 1.02 1.14 1.23 1.41 1.71 1.91 2.10 2.27 2.31 2.27 2.23 2.15 1.97 1.79 1.69 1.61 1.50 1.34 1.18 1.07 0.97 0.87 0.78 0.71 0.66 0.58 0.52 0.56 0.65 0.73 0.79 0.83 0.88 0.92 0.95 0.97 0.99 1.02 1.04 1.04 1.04 1.07 1.09 1.10 1.10 1.10 1.11 1.11 1.11
1.14 1.14 1.13 1.12 1.11 1.11 1.11 1.11 1.11 1.09 1.08 1.07 1.06 1.05 1.03 1.02 1.00 0.98 0.96 0.93 0.91 0.88 0.84 0.81 0.76 0.72 0.65 0.62 0.62 0.61 0.59 0.63 0.73 0.86 0.95 1.03 1.12 1.20 1.39 1.70 1.90 2.12 2.28 2.30 2.28 2.24 2.12 1.90 1.72 1.68 1.60 1.45 1.26 1.13 1.05 0.95 0.84 0.75 0.68 0.65 0.59 0.49 0.51 0.62 0.70 0.77 0.82 0.86 0.90 0.94 0.96 0.99 1.01 1.03 1.04 1.04 1.06 1.08 1.10 1.10 1.10 1.11 1.11 1.11
1.14 1.14 1.13 1.12 1.11 1.11 1.11 1.11 1.10 1.09 1.07 1.07 1.06 1.05 1.03 1.01 0.99 0.97 0.95 0.92 0.89 0.86 0.83 0.78 0.74 0.69 0.62 0.59 0.61 0.62 0.62 0.65 0.73 0.82 0.92 1.03 1.11 1.19 1.40 1.69 1.92 2.16 2.30 2.32 2.30 2.26 2.08 1.80 1.65 1.66 1.60 1.43 1.23 1.13 1.05 0.93 0.81 0.73 0.67 0.63 0.59 0.52 0.50 0.58 0.68 0.75 0.80 0.85 0.89 0.93 0.96 0.98 1.00 1.03 1.04 1.05 1.05 1.07 1.09 1.10 1.10 1.10 1.11 1.12
1.14 1.14 1.13 1.11 1.11 1.11 1.11 1.11 1.10 1.08 1.07 1.06 1.05 1.04 1.02 1.00 0.99 0.97 0.94 0.91 0.88 0.85 0.81 0.76 0.71 0.66 0.59 0.57 0.60 0.63 0.66 0.70 0.74 0.81 0.91 1.03 1.09 1.18 1.44 1.71 1.97 2.20 2.32 2.34 2.34 2.26 1.99 1.70 1.61 1.62 1.59 1.46 1.28 1.17 1.07 0.93 0.81 0.72 0.66 0.61 0.59 0.56 0.51 0.55 0.65 0.73 0.79 0.84 0.89 0.92 0.95 0.98 1.00 1.02 1.04 1.05 1.05 1.07 1.08 1.10 1.11 1.10 1.11 1.12
1.14 1.13 1.12 1.11 1.11 1.11 1.11 1.11 1.10 1.08 1.06 1.06 1.05 1.04 1.02 1.00 0.98 0.96 0.94 0.90 0.87 0.83 0.79 0.74 0.68 0.62 0.56 0.56 0.59 0.63 0.70 0.74 0.77 0.81 0.91 1.04 1.09 1.20 1.49 1.76 2.03 2.23 2.32 2.35 2.36 2.22 1.88 1.64 1.59 1.56 1.55 1.52 1.38 1.23 1.09 0.94 0.82 0.72 0.63 0.59 0.58 0.57 0.53 0.53 0.61 0.71 0.77 0.83 0.88 0.92 0.95 0.97 1.00 1.02 1.03 1.05 1.06 1.06 1.08 1.10 1.11 1.10 1.11 1.12
1.14 1.13 1.12 1.11 1.11 1.12 1.12 1.11 1.09 1.08 1.06 1.05 1.05 1.03 1.01 0.99 0.97 0.95 0.93 0.89 0.86 0.82 0.77 0.72 0.66 0.58 0.54 0.55 0.58 0.64 0.73 0.78 0.79 0.83 0.93 1.05 1.13 1.27 1.55 1.83 2.08 2.24 2.31 2.34 2.35 2.17 1.81 1.61 1.55 1.48 1.51 1.56 1.46 1.27 1.12 0.96 0.83 0.72 0.61 0.58 0.58 0.58 0.56 0.54 0.59 0.69 0.77 0.83 0.87 0.91 0.95 0.97 0.99 1.02 1.03 1.05 1.06 1.06 1.08 1.09 1.10 1.11 1.11 1.11
1.14 1.13 1.12 1.11 1.11 1.12 1.12 1.10 1.09 1.07 1.06 1.05 1.04 1.03 1.01 0.99 0.97 0.94 0.92 0.88 0.84 0.80 0.75 0.70 0.63 0.54 0.51 0.55 0.59 0.65 0.77 0.82 0.82 0.88 0.98 1.09 1.20 1.38 1.64 1.89 2.12 2.25 2.29 2.31 2.30 2.15 1.82 1.60 1.50 1.44 1.50 1.58 1.48 1.28 1.13 0.99 0.86 0.73 0.61 0.59 0.59 0.59 0.59 0.56 0.59 0.68 0.76 0.82 0.87 0.91 0.94 0.97 0.99 1.01 1.03 1.05 1.06 1.07 1.07 1.09 1.10 1.11 1.11 1.11
1.14 1.13 1.12 1.11 1.11 1.12 1.11 1.10 1.08 1.07 1.06 1.05 1.04 1.03 1.01 0.99 0.96 0.94 0.91 0.87 0.83 0.79 0.73 0.67 0.60 0.50 0.48 0.54 0.60 0.68 0.80 0.85 0.86 0.93 1.05 1.17 1.31 1.51 1.74 1.96 2.14 2.25 2.26 2.25 2.25 2.15 1.87 1.59 1.48 1.45 1.52 1.57 1.46 1.27 1.13 1.02 0.89 0.74 0.64 0.60 0.59 0.59 0.60 0.60 0.61 0.67 0.76 0.82 0.87 0.91 0.94 0.97 1.00 1.01 1.03 1.05 1.06 1.07 1.08 1.09 1.10 1.11 1.11 1.11
1.13 1.13 1.12 1.11 1.11 1.12 1.11 1.10 1.08 1.07 1.06 1.05 1.04 1.02 1.00 0.98 0.96 0.93 0.90 0.86 0.82 0.77 0.71 0.64 0.56 0.48 0.46 0.53 0.60 0.70 0.83 0.89 0.91 1.00 1.13 1.28 1.44 1.64 1.85 2.02 2.16 2.23 2.22 2.19 2.20 2.14 1.89 1.62 1.50 1.49 1.53 1.52 1.43 1.28 1.14 1.05 0.92 0.76 0.66 0.61 0.59 0.59 0.61 0.62 0.65 0.69 0.76 0.82 0.87 0.91 0.94 0.97 1.00 1.01 1.03 1.05 1.06 1.08 1.08 1.09 1.10 1.11 1.11 1.11
1.13 1.13 1.12 1.11 1.11 1.11 1.11 1.10 1.08 1.07 1.07 1.05 1.04 1.02 1.00 0.98 0.96 0.93 0.90 0.86 0.81 0.76 0.69 0.62 0.52 0.45 0.46 0.52 0.60 0.71 0.85 0.92 0.97 1.08 1.24 1.41 1.59 1.76 1.93 2.07 2.16 2.19 2.17 2.15 2.16 2.10 1.88 1.67 1.58 1.53 1.50 1.47 1.42 1.30 1.18 1.08 0.96 0.81 0.68 0.61 0.59 0.60 0.61 0.65 0.69 0.73 0.77 0.82 0.87 0.92 0.95 0.98 1.00 1.02 1.03 1.05 1.06 1.08 1.08 1.09 1.10 1.11 1.11 1.12
1.13 1.13 1.12 1.11 1.11 1.11 1.11 1.10 1.08 1.07 1.07 1.06 1.04 1.02 1.00 0.98 0.96 0.93 0.90 0.85 0.80 0.74 0.68 0.59 0.48 0.42 0.46 0.53 0.61 0.72 0.86 0.96 1.04 1.17 1.35 1.55 1.72 1.85 1.99 2.10 2.14 2.14 2.11 2.12 2.12 2.01 1.84 1.74 1.64 1.52 1.44 1.44 1.43 1.33 1.21 1.13 1.02 0.87 0.73 0.63 0.59 0.61 0.63 0.67 0.73 0.77 0.79 0.83 0.87 0.92 0.95 0.98 1.00 1.02 1.04 1.05 1.07 1.08 1.09 1.09 1.10 1.11 1.11 1.12
1.13 1.13 1.12 1.12 1.11 1.11 1.11 1.10 1.08 1.07 1.07 1.06 1.04 1.02 1.00 0.98 0.96 0.93 0.89 0.85 0.80 0.73 0.66 0.56 0.44 0.40 0.46 0.54 0.62 0.74 0.87 1.00 1.12 1.27 1.49 1.68 1.80 1.90 2.01 2.09 2.12 2.09 2.07 2.07 2.05 1.92 1.81 1.78 1.66 1.47 1.40 1.42 1.45 1.36 1.24 1.16 1.06 0.93 0.79 0.66 0.61 0.63 0.64 0.69 0.76 0.79 0.82 0.85 0.88 0.92 0.95 0.98 1.01 1.03 1.05 1.06 1.07 1.08 1.09 1.10 1.10 1.11 1.12 1.12
1.14 1.13 1.12 1.12 1.11 1.11 1.11 1.10 1.09 1.08 1.07 1.06 1.04 1.02 1.01 0.99 0.96 0.93 0.89 0.85 0.80 0.72 0.64 0.54 0.42 0.39 0.47 0.55 0.64 0.76 0.89 1.04 1.20 1.39 1.61 1.76 1.84 1.92 2.02 2.08 2.09 2.05 2.01 2.01 1.95 1.84 1.81 1.78 1.60 1.41 1.36 1.41 1.46 1.39 1.28 1.18 1.09 0.97 0.82 0.69 0.65 0.66 0.68 0.72 0.79 0.82 0.84 0.87 0.89 0.92 0.96 0.99 1.01 1.03 1.05 1.06 1.07 1.08 1.09 1.10 1.10 1.11 1.12 1.12
1.14 1.13 1.12 1.12 1.12 1.11 1.11 1.10 1.09 1.08 1.06 1.06 1.04 1.03 1.01 0.99 0.97 0.93 0.90 0.85 0.80 0.73 0.64 0.52 0.42 0.42 0.49 0.56 0.66 0.78 0.92 1.11 1.32 1.51 1.68 1.79 1.85 1.94 2.02 2.06 2.04 1.99 1.95 1.93 1.86 1.79 1.80 1.74 1.51 1.35 1.34 1.40 1.46 1.41 1.31 1.22 1.12 1.00 0.85 0.71 0.69 0.70 0.71 0.76 0.81 0.84 0.86 0.89 0.91 0.94 0.97 1.00 1.02 1.04 1.06 1.07 1.08 1.09 1.10 1.10 1.11 1.11 1.12 1.12
1.14 1.13 1.13 1.12 1.12 1.11 1.11 1.10 1.10 1.08 1.07 1.06 1.05 1.03 1.02 0.99 0.97 0.94 0.90 0.86 0.81 0.74 0.64 0.51 0.43 0.47 0.53 0.59 0.70 0.82 0.98 1.22 1.43 1.59 1.72 1.80 1.87 1.95 2.01 2.02 1.98 1.94 1.92 1.87 1.77 1.73 1.76 1.67 1.44 1.32 1.32 1.39 1.46 1.42 1.34 1.26 1.16 1.04 0.87 0.73 0.73 0.75 0.76 0.80 0.84 0.86 0.88 0.91 0.93 0.96 0.98 1.01 1.03 1.05 1.06 1.08 1.08 1.09 1.10 1.11 1.11 1.11 1.12 1.12
1.14 1.13 1.13 1.12 1.12 1.12 1.11 1.11 1.10 1.08 1.07 1.06 1.05 1.04 1.02 1.00 0.97 0.95 0.92 0.87 0.82 0.76 0.67 0.54 0.47 0.53 0.58 0.63 0.77 0.89 1.10 1.34 1.52 1.64 1.75 1.83 1.88 1.94 1.98 1.99 1.95 1.93 1.93 1.80 1.64 1.63 1.69 1.60 1.42 1.31 1.30 1.39 1.46 1.44 1.38 1.30 1.19 1.06 0.88 0.76 0.77 0.81 0.81 0.84 0.86 0.87 0.89 0.92 0.95 0.98 1.00 1.02 1.04 1.06 1.07 1.08 1.09 1.10 1.11 1.11 1.12 1.12 1.12 1.13
1.14 1.13 1.13 1.12 1.12 1.12 1.11 1.11 1.10 1.09 1.08 1.06 1.05 1.05 1.03 1.01 0.98 0.96 0.93 0.89 0.84 0.78 0.70 0.61 0.56 0.58 0.63 0.71 0.85 1.00 1.23 1.43 1.55 1.67 1.78 1.85 1.87 1.91 1.95 1.98 1.95 1.96 1.95 1.71 1.47 1.51 1.57 1.52 1.44 1.32 1.30 1.40 1.47 1.46 1.42 1.34 1.23 1.09 0.91 0.80 0.82 0.85 0.86 0.87 0.88 0.89 0.92 0.95 0.97 0.99 1.02 1.03 1.05 1.07 1.08 1.09 1.10 1.10 1.11 1.11 1.12 1.12 1.12 1.13
1.14 1.14 1.13 1.13 1.12 1.12 1.12 1.11 1.10 1.10 1.08 1.07 1.06 1.05 1.04 1.02 0.99 0.97 0.94 0.90 0.86 0.82 0.75 0.69 0.65 0.65 0.70 0.79 0.92 1.10 1.32 1.45 1.55 1.70 1.82 1.85 1.85 1.87 1.93 1.99 1.99 2.01 1.95 1.58 1.31 1.40 1.42 1.41 1.41 1.32 1.32 1.43 1.48 1.47 1.45 1.39 1.28 1.11 0.93 0.85 0.87 0.90 0.90 0.90 0.90 0.92 0.95 0.97 0.99 1.01 1.03 1.05 1.06 1.07 1.08 1.09 1.10 1.11 1.11 1.12 1.12 1.13 1.13 1.13
1.14 1.14 1.13 1.13 1.12 1.12 1.12 1.11 1.11 1.10 1.09 1.07 1.06 1.06 1.04 1.03 1.01 0.99 0.96 0.92 0.89 0.85 0.81 0.75 0.72 0.72 0.72 0.83 0.97 1.16 1.34 1.44 1.56 1.74 1.85 1.85 1.83 1.85 1.92 2.02 2.07 2.07 1.90 1.44 1.22 1.30 1.29 1.28 1.31 1.29 1.33 1.44 1.48 1.48 1.48 1.43 1.32 1.13 0.95 0.90 0.93 0.94 0.93 0.92 0.93 0.96 0.98 1.00 1.01 1.03 1.04 1.06 1.07 1.08 1.09 1.10 1.11 1.12 1.12 1.12 1.13 1.13 1.13 1.13
1.14 1.14 1.14 1.13 1.13 1.12 1.12 1.11 1.11 1.10 1.09 1.08 1.07 1.06 1.05 1.04 1.02 1.00 0.98 0.95 0.92 0.89 0.85 0.81 0.78 0.76 0.74 0.71 0.95 1.17 1.34 1.44 1.59 1.76 1.85 1.84 1.82 1.84 1.92 2.07 2.18 2.11 1.76 1.33 1.19 1.22 1.18 1.17 1.19 1.22 1.32 1.44 1.48 1.49 1.50 1.46 1.35 1.16 0.98 0.95 0.98 0.97 0.95 0.95 0.97 0.99 1.01 1.02 1.03 1.04 1.05 1.07 1.08 1.09 1.10 1.11 1.12 1.12 1.13 1.13 1.13 1.13 1.13 1.13
1.15 1.14 1.14 1.13 1.13 1.13 1.12 1.12 1.11 1.11 1.10 1.09 1.08 1.07 1.06 1.05 1.04 1.02 1.00 0.97 0.95 0.93 0.90 0.87 0.84 0.82 0.80 0.71 0.70 1.21 1.36 1.47 1.61 1.76 1.81 1.82 1.83 1.86 1.93 2.14 2.29 2.06 1.55 1.22 1.15 1.15 1.10 1.06 1.07 1.15 1.28 1.41 1.47 1.49 1.50 1.48 1.38 1.19 1.02 1.00 1.02 1.00 0.98 0.99 1.00 1.02 1.03 1.03 1.04 1.06 1.07 1.08 1.09 1.09 1.10 1.11 1.12 1.13 1.13 1.13 1.13 1.13 1.13 1.14
1.15 1.14 1.14 1.14 1.13 1.13 1.12 1.12 1.12 1.11 1.11 1.10 1.09 1.08 1.07 1.06 1.05 1.04 1.02 1.00 0.98 0.96 0.94 0.92 0.90 0.88 0.86 0.85 0.95 1.22 1.39 1.47 1.63 1.72 1.76 1.79 1.84 1.89 1.95 2.22 2.34 1.90 1.35 1.15 1.09 1.06 0.99 0.93 0.98 1.09 1.22 1.36 1.43 1.47 1.49 1.48 1.40 1.22 1.08 1.04 1.04 1.02 1.02 1.02 1.03 1.04 1.05 1.05 1.06 1.07 1.08 1.09 1.09 1.10 1.11 1.12 1.13 1.14 1.14 1.13 1.13 1.14 1.13 1.14
1.15 1.15 1.14 1.14 1.13 1.13 1.13 1.12 1.12 1.12 1.11 1.11 1.10 1.09 1.08 1.07 1.06 1.05 1.04 1.02 1.01 0.99 0.98 0.96 0.95 0.94 0.93 0.99 1.09 1.14 1.28 1.48 1.60 1.68 1.71 1.77 1.86 1.93 2.00 2.28 2.33 1.76 1.32 1.17 1.04 0.97 0.85 0.77 0.91 1.04 1.14 1.28 1.38 1.43 1.46 1.48 1.41 1.26 1.13 1.07 1.06 1.06 1.05 1.05 1.06 1.06 1.07 1.07 1.07 1.08 1.09 1.10 1.10 1.11 1.12 1.13 1.14 1.14 1.14 1.14 1.13 1.14 1.14 1.14
1.15 1.15 1.14 1.14 1.14 1.13 1.13 1.13 1.12 1.12 1.12 1.11 1.11 1.10 1.09 1.08 1.07 1.06 1.05 1.04 1.03 1.02 1.01 1.00 0.99 0.99 1.00 1.03 1.07 1.11 1.17 1.38 1.58 1.63 1.68 1.76 1.87 1.97 2.08 2.31 2.25 1.77 1.46 1.28 1.09 0.95 0.78 0.73 0.89 1.03 1.07 1.20 1.30 1.34 1.40 1.45 1.41 1.28 1.16 1.10 1.09 1.08 1.08 1.08 1.08 1.08 1.08 1.08 1.09 1.10 1.10 1.11 1.11 1.11 1.12 1.13 1.14 1.15 1.14 1.14 1.14 1.14 1.14 1.15
1.15 1.15 1.15 1.14 1.14 1.14 1.13 1.13 1.13 1.12 1.12 1.12 1.11 1.11 1.10 1.09 1.08 1.08 1.07 1.06 1.06 1.05 1.04 1.04 1.03 1.04 1.05 1.07 1.10 1.13 1.18 1.25 1.47 1.60 1.67 1.76 1.88 2.01 2.18 2.28 2.09 1.77 1.60 1.41 1.18 1.00 0.84 0.80 0.93 1.04 1.08 1.16 1.22 1.24 1.32 1.40 1.39 1.29 1.18 1.13 1.12 1.11 1.10 1.10 1.10 1.10 1.10 1.10 1.10 1.11 1.11 1.12 1.12 1.12 1.13 1.14 1.15 1.15 1.15 1.14 1.14 1.14 1.15 1.15
1.16 1.15 1.15 1.15 1.14 1.14 1.14 1.13 1.13 1.13 1.13 1.12 1.12 1.12 1.11 1.10 1.10 1.09 1.08 1.08 1.08 1.07 1.07 1.07 1.07 1.07 1.08 1.10 1.12 1.16 1.19 1.24 1.31 1.52 1.67 1.77 1.87 2.00 2.23 2.24 1.90 1.70 1.67 1.48 1.25 1.05 0.93 0.92 1.00 1.07 1.12 1.16 1.18 1.19 1.26 1.33 1.34 1.27 1.19 1.16 1.14 1.13 1.12 1.12 1.12 1.12 1.11 1.11 1.11 1.11 1.12 1.13 1.13 1.13 1.13 1.14 1.15 1.15 1.15 1.14 1.14 1.14 1.15 1.16
1.16 1.16 1.15 1.15 1.15 1.14 1.14 1.14 1.14 1.13 1.13 1.13 1.13 1.12 1.12 1.11 1.11 1.10 1.10 1.10 1.10 1.10 1.09 1.09 1.10 1.11 1.12 1.13 1.15 1.18 1.21 1.25 1.29 1.39 1.64 1.76 1.82 1.92 2.18 2.21 1.84 1.68 1.69 1.49 1.27 1.09 1.01 1.02 1.07 1.11 1.15 1.17 1.18 1.19 1.23 1.28 1.29 1.25 1.20 1.17 1.15 1.14 1.14 1.13 1.13 1.13 1.12 1.12 1.12 1.12 1.13 1.13 1.14 1.14 1.14 1.15 1.16 1.15 1.15 1.15 1.15 1.15 1.16 1.16
