data/AilsaCraig_180_1_25m_vel.asc
ncols	257
nrows	257
xllcorner	3364200.000000
yllcorner	3669375.000000
cellsize	25.000000
NODATA_value	-1.000000
[rows 114 to 151 of 257, columns 84 to 167 of 257]
0.99 0.99 0.99 0.99 0.99 0.99 0.99 0.99 0.99 0.99 0.99 0.99 0.99 0.99 0.98 0.98 0.98 0.98 0.98 0.98 0.98 0.97 0.96 0.96 0.96 0.96 0.95 0.95 0.94 0.93 0.92 0.91 0.90 0.90 0.91 0.89 0.81 0.80 0.88 0.96 1.02 1.06 1.06 1.05 1.00 0.89 0.73 0.56 0.52 0.54 0.59 0.63 0.70 0.81 0.86 0.87 0.92 0.92 0.91 0.93 0.94 0.95 0.96 0.96 0.97 0.98 0.98 0.98 0.98 0.99 0.99 0.99 0.99 0.99 0.99 0.99 0.99 0.99 0.99 0.99 0.99 0.99 0.99 0.99
0.99 0.99 0.99 0.99 0.99 0.99 0.99 0.99 0.99 0.99 0.99 0.99 0.99 0.99 0.98 0.98 0.98 0.98 0.98 0.98 0.98 0.97 0.97 0.97 0.97 0.96 0.96 0.95 0.95 0.94 0.93 0.91 0.91 0.91 0.92 0.94 0.89 0.84 0.89 0.96 1.02 1.02 0.95 0.87 0.82 0.76 0.68 0.60 0.56 0.61 0.69 0.75 0.83 0.90 0.96 1.00 0.98 0.92 0.94 0.95 0.95 0.96 0.96 0.97 0.98 0.98 0.99 0.99 0.99 0.99 0.99 0.99 0.99 0.99 0.99 0.99 0.99 0.99 0.99 0.99 0.99 0.99 0.99 0.99
0.99 0.99 0.99 0.99 0.99 0.99 0.99 0.99 0.99 0.99 0.99 0.99 0.99 0.99 0.99 0.98 0.98 0.98 0.98 0.98 0.98 0.97 0.97 0.97 0.97 0.96 0.96 0.96 0.96 0.95 0.95 0.94 0.92 0.91 0.96 1.00 0.97 0.93 0.93 0.98 1.02 1.00 0.92 0.78 0.72 0.70 0.71 0.71 0.66 0.71 0.80 0.84 0.89 0.94 0.96 0.93 0.90 0.94 0.98 0.96 0.97 0.97 0.97 0.98 0.99 0.99 0.99 0.99 0.99 0.99 0.99 0.99 0.99 0.99 0.99 0.99 0.99 0.99 0.99 0.99 0.99 0.99 0.99 0.99
0.99 0.99 0.99 0.99 0.99 0.99 0.99 0.99 0.99 0.99 0.99 0.99 0.99 0.99 0.99 0.99 0.99 0.99 0.98 0.98 0.98 0.97 0.97 0.97 0.97 0.97 0.97 0.97 0.97 0.97 0.96 0.97 0.98 0.98 0.97 1.00 1.00 0.97 0.97 1.00 1.00 0.97 0.94 0.83 0.77 0.75 0.73 0.75 0.80 0.82 0.86 0.90 0.94 0.97 0.96 0.94 0.93 0.97 0.96 0.97 0.98 0.98 0.99 0.99 1.00 1.00 1.00 1.00 1.00 1.00 1.00 1.00 1.00 1.00 1.00 1.00 1.00 1.00 1.00 0.99 0.99 0.99 0.99 0.99
0.99 0.99 0.99 0.99 0.99 0.99 0.99 0.99 0.99 0.99 0.99 0.99 0.99 0.99 0.99 0.99 0.99 0.99 0.98 0.98 0.98 0.98 0.98 0.98 0.97 0.97 0.98 0.98 0.98 0.99 1.00 1.00 1.03 1.02 0.97 0.96 0.97 0.98 0.98 0.98 0.95 0.94 0.97 0.94 0.89 0.87 0.83 0.85 0.95 0.95 0.89 0.94 1.00 1.05 1.05 1.05 1.06 1.00 1.01 1.02 1.00 1.01 1.01 1.00 1.00 1.00 1.00 1.00 1.00 1.00 1.00 1.00 1.00 1.00 1.00 1.00 1.00 1.00 1.00 1.00 1.00 1.00 0.99 0.99
0.99 0.99 0.99 0.99 0.99 0.99 0.99 0.99 0.99 0.99 0.99 0.99 0.99 0.99 0.99 0.99 0.99 0.99 0.99 0.98 0.98 0.98 0.98 0.98 0.98 0.98 0.98 0.99 0.99 1.00 1.04 1.09 1.11 1.12 1.07 1.02 1.00 1.00 1.00 0.96 0.91 0.91 0.97 1.00 0.99 0.96 0.94 0.97 0.99 0.99 1.04 1.08 1.08 1.13 1.18 1.14 1.12 1.07 1.05 1.02 1.02 1.03 1.02 1.01 1.01 1.01 1.01 1.01 1.01 1.01 1.01 1.00 1.00 1.00 1.00 1.00 1.00 1.00 1.00 1.00 1.00 1.00 1.00 1.00
0.99 0.99 0.99 0.99 0.99 0.99 0.99 0.99 0.99 0.99 0.99 0.99 0.99 0.99 0.99 0.99 0.99 0.99 0.99 0.98 0.99 0.99 0.98 0.98 0.98 0.98 0.98 0.99 1.00 1.02 1.04 1.12 1.19 1.24 1.23 1.17 1.09 1.03 0.99 0.93 0.89 0.90 0.96 1.02 1.03 1.00 0.99 1.00 1.00 1.03 1.11 1.13 1.11 1.17 1.22 1.25 1.26 1.15 1.00 1.01 1.04 1.04 1.03 1.02 1.02 1.02 1.02 1.02 1.01 1.01 1.01 1.01 1.01 1.00 1.00 1.00 1.00 1.00 1.00 1.00 1.00 1.00 1.00 1.00
0.99 0.99 0.99 0.99 0.99 0.99 0.99 0.99 0.99 0.99 0.99 0.99 0.99 0.99 0.99 0.99 0.99 0.99 0.99 0.99 0.99 0.99 0.98 0.98 0.98 0.98 0.98 0.99 1.00 1.03 1.08 1.13 1.18 1.25 1.31 1.28 1.17 1.06 0.98 0.94 0.93 0.95 0.99 1.04 1.06 1.06 1.06 1.06 1.08 1.10 1.11 1.13 1.22 1.32 1.34 1.35 1.36 1.28 1.16 1.12 1.10 1.06 1.05 1.04 1.03 1.03 1.03 1.02 1.02 1.02 1.01 1.01 1.01 1.01 1.01 1.00 1.00 1.00 1.00 1.00 1.00 1.00 1.00 1.00
0.99 0.99 0.99 0.99 0.99 0.99 0.99 0.99 0.99 0.99 0.99 0.99 0.99 0.99 0.99 0.99 0.99 0.99 1.00 0.99 0.99 0.99 0.99 0.99 0.98 0.98 0.98 0.99 1.00 1.01 1.07 1.11 1.13 1.15 1.20 1.23 1.17 1.06 0.99 0.98 1.00 1.03 1.04 1.07 1.10 1.13 1.15 1.16 1.16 1.17 1.20 1.28 1.37 1.44 1.44 1.40 1.31 1.23 1.20 1.20 1.14 1.09 1.06 1.06 1.05 1.04 1.03 1.03 1.02 1.02 1.02 1.02 1.01 1.01 1.01 1.01 1.00 1.00 1.00 1.00 1.00 1.00 1.00 1.00
0.99 0.99 0.99 0.99 0.99 0.99 0.99 0.99 0.99 0.99 0.99 0.99 0.99 0.99 0.99 1.00 1.00 1.00 0.99 0.99 0.99 0.99 0.99 0.99 0.99 0.98 0.98 0.98 0.99 1.00 1.01 1.04 1.05 1.03 1.02 1.07 1.11 1.09 1.06 1.06 1.08 1.10 1.11 1.12 1.14 1.18 1.22 1.24 1.25 1.27 1.33 1.41 1.46 1.46 1.44 1.40 1.33 1.26 1.20 1.09 1.05 1.05 1.08 1.07 1.06 1.04 1.04 1.03 1.03 1.02 1.02 1.02 1.01 1.01 1.01 1.01 1.01 1.00 1.00 1.00 1.00 1.00 1.00 1.00
0.99 0.99 0.99 0.99 0.99 0.99 0.99 0.99 0.99 1.00 1.00 1.00 1.00 1.00 1.00 1.00 1.00 1.00 1.00 1.00 1.00 0.99 0.99 0.99 0.99 0.99 0.98 0.97 0.96 0.95 0.94 0.95 0.98 0.99 0.97 1.00 1.10 1.17 1.18 1.16 1.15 1.16 1.18 1.20 1.22 1.25 1.29 1.33 1.35 1.38 1.42 1.47 1.48 1.45 1.40 1.38 1.35 1.33 1.30 1.23 1.11 1.11 1.11 1.08 1.06 1.06 1.04 1.04 1.04 1.03 1.03 1.02 1.02 1.01 1.01 1.01 1.01 1.00 1.00 1.00 1.00 1.00 1.00 1.00
0.99 0.99 0.99 0.99 0.99 0.99 0.99 1.00 1.00 1.00 1.00 1.00 1.00 1.00 1.00 1.00 1.00 1.00 1.00 1.00 1.00 1.00 1.00 1.00 0.99 0.99 0.99 0.99 0.96 0.91 0.87 0.88 0.93 1.01 1.04 1.06 1.12 1.19 1.22 1.21 1.20 1.21 1.23 1.27 1.31 1.34 1.38 1.45 1.50 1.49 1.49 1.47 1.43 1.38 1.33 1.30 1.29 1.28 1.29 1.30 1.28 1.18 1.10 1.08 1.07 1.06 1.05 1.05 1.04 1.03 1.03 1.02 1.02 1.02 1.01 1.01 1.01 1.01 1.00 1.00 1.00 1.00 1.00 1.00
0.99 0.99 0.99 0.99 0.99 1.00 1.00 1.00 1.00 1.00 1.00 1.00 1.00 1.00 1.00 1.00 1.00 1.00 1.00 1.00 1.00 1.00 1.00 1.00 1.00 1.00 0.99 1.00 0.99 0.93 0.87 0.85 0.91 1.02 1.08 1.10 1.12 1.15 1.17 1.21 1.23 1.25 1.27 1.30 1.32 1.37 1.43 1.50 1.55 1.55 1.50 1.43 1.34 1.27 1.23 1.22 1.22 1.22 1.22 1.22 1.18 1.11 1.10 1.10 1.08 1.07 1.07 1.06 1.04 1.04 1.03 1.03 1.02 1.02 1.02 1.01 1.01 1.01 1.00 1.00 1.00 1.00 1.00 1.00
0.99 0.99 0.99 1.00 1.00 1.00 1.00 1.00 1.00 1.00 1.00 1.00 1.00 1.00 1.00 1.00 1.01 1.01 1.01 1.01 1.01 1.01 1.01 1.01 1.01 1.00 0.98 0.97 0.98 0.97 0.92 0.88 0.89 0.97 1.03 1.08 1.12 1.13 1.14 1.18 1.23 1.25 1.26 1.26 1.27 1.31 1.36 1.39 1.43 1.47 1.47 1.41 1.29 1.21 1.18 1.16 1.15 1.16 1.19 1.20 1.18 1.14 1.12 1.09 1.09 1.08 1.07 1.05 1.04 1.04 1.03 1.03 1.03 1.02 1.02 1.01 1.01 1.01 1.01 1.00 1.00 1.00 1.00 1.00
0.99 0.99 1.00 1.00 1.00 1.00 1.00 1.00 1.00 1.00 1.00 1.00 1.00 1.00 1.01 1.01 1.01 1.01 1.01 1.01 1.01 1.01 1.01 1.01 1.01 1.01 1.00 0.98 1.00 1.02 0.98 0.93 0.92 0.93 0.98 1.03 1.06 1.09 1.13 1.16 1.19 1.20 1.19 1.19 1.19 1.20 1.21 1.22 1.26 1.33 1.37 1.35 1.28 1.24 1.22 1.20 1.20 1.22 1.23 1.22 1.23 1.21 1.14 1.11 1.10 1.08 1.07 1.06 1.05 1.04 1.04 1.03 1.03 1.02 1.02 1.01 1.01 1.01 1.01 1.00 1.00 1.00 1.00 1.00
0.99 1.00 1.00 1.00 1.00 1.00 1.00 1.00 1.00 1.00 1.00 1.00 1.01 1.01 1.01 1.01 1.01 1.01 1.01 1.02 1.02 1.02 1.02 1.02 1.02 1.03 1.05 1.05 1.04 1.04 1.03 0.99 0.95 0.94 0.97 1.01 1.03 1.09 1.17 1.20 1.20 1.19 1.17 1.16 1.14 1.12 1.10 1.11 1.14 1.16 1.20 1.26 1.29 1.33 1.35 1.34 1.33 1.33 1.31 1.27 1.24 1.22 1.19 1.14 1.10 1.09 1.08 1.07 1.06 1.05 1.04 1.03 1.02 1.02 1.02 1.02 1.01 1.01 1.01 1.00 1.00 1.00 1.00 1.00
1.00 1.00 1.00 1.00 1.00 1.00 1.00 1.00 1.00 1.00 1.00 1.00 1.01 1.01 1.01 1.01 1.01 1.02 1.02 1.02 1.03 1.03 1.03 1.03 1.03 1.04 1.05 1.05 1.03 1.03 1.03 1.00 0.97 0.96 0.98 1.03 1.10 1.18 1.25 1.29 1.28 1.24 1.21 1.18 1.15 1.10 1.07 1.07 1.07 1.07 1.13 1.23 1.34 1.43 1.47 1.46 1.45 1.41 1.34 1.30 1.29 1.27 1.22 1.15 1.12 1.10 1.08 1.07 1.05 1.04 1.03 1.03 1.03 1.02 1.02 1.02 1.01 1.01 1.01 1.00 1.00 1.00 1.00 1.00
1.00 1.00 1.00 1.00 1.00 1.00 1.00 1.00 1.00 1.00 1.00 1.01 1.01 1.01 1.01 1.02 1.02 1.02 1.03 1.03 1.03 1.03 1.04 1.04 1.04 1.05 1.06 1.07 1.05 1.04 1.03 1.01 0.98 0.98 0.99 1.04 1.12 1.21 1.27 1.30 1.29 1.26 1.23 1.20 1.17 1.13 1.11 1.10 1.10 1.12 1.19 1.30 1.42 1.50 1.53 1.52 1.48 1.41 1.33 1.30 1.30 1.29 1.26 1.20 1.14 1.10 1.08 1.07 1.05 1.05 1.04 1.04 1.03 1.02 1.02 1.02 1.01 1.01 1.01 1.01 1.00 1.00 1.00 1.00
1.00 1.00 1.00 1.00 1.00 1.00 1.00 1.00 1.00 1.00 1.01 1.01 1.01 1.01 1.02 1.02 1.02 1.02 1.03 1.03 1.04 1.04 1.05 1.05 1.05 1.03 1.03 1.08 1.09 1.08 1.06 1.03 1.00 0.98 1.00 1.03 1.10 1.19 1.25 1.25 1.23 1.21 1.19 1.18 1.17 1.19 1.19 1.17 1.17 1.22 1.32 1.40 1.43 1.43 1.41 1.39 1.35 1.31 1.31 1.31 1.29 1.27 1.25 1.20 1.13 1.09 1.08 1.07 1.06 1.05 1.04 1.03 1.03 1.02 1.02 1.02 1.01 1.01 1.01 1.01 1.00 1.00 1.00 1.00
1.00 1.00 1.00 1.00 1.00 1.00 1.00 1.00 1.00 1.01 1.01 1.01 1.01 1.02 1.02 1.02 1.02 1.03 1.03 1.04 1.05 1.05 1.06 1.07 1.07 1.06 1.03 1.07 1.11 1.12 1.11 1.06 1.02 1.00 1.02 1.06 1.12 1.19 1.22 1.21 1.18 1.16 1.15 1.15 1.18 1.23 1.26 1.26 1.27 1.34 1.40 1.40 1.37 1.32 1.28 1.24 1.20 1.18 1.19 1.22 1.24 1.23 1.21 1.18 1.13 1.08 1.06 1.06 1.06 1.05 1.04 1.03 1.03 1.02 1.02 1.02 1.01 1.01 1.01 1.01 1.00 1.00 1.00 1.00
1.00 1.00 1.00 1.00 1.00 1.00 1.00 1.00 1.00 1.01 1.01 1.01 1.02 1.02 1.02 1.02 1.03 1.03 1.04 1.05 1.06 1.07 1.08 1.08 1.10 1.13 1.13 1.11 1.12 1.15 1.16 1.12 1.08 1.05 1.06 1.10 1.16 1.20 1.20 1.18 1.14 1.10 1.10 1.14 1.18 1.23 1.29 1.34 1.39 1.42 1.39 1.34 1.32 1.32 1.31 1.29 1.26 1.21 1.17 1.16 1.19 1.20 1.19 1.17 1.15 1.11 1.07 1.06 1.06 1.05 1.05 1.04 1.03 1.02 1.02 1.01 1.01 1.01 1.01 1.00 1.00 1.00 1.00 1.00
1.00 1.00 1.00 1.00 1.00 1.00 1.00 1.00 1.00 1.01 1.01 1.01 1.02 1.02 1.02 1.02 1.03 1.04 1.05 1.06 1.07 1.08 1.10 1.11 1.12 1.15 1.15 1.13 1.13 1.15 1.19 1.19 1.15 1.13 1.13 1.17 1.22 1.23 1.20 1.15 1.10 1.07 1.08 1.12 1.15 1.18 1.25 1.33 1.39 1.38 1.33 1.31 1.33 1.34 1.35 1.38 1.40 1.38 1.34 1.27 1.22 1.18 1.17 1.16 1.14 1.12 1.09 1.07 1.06 1.05 1.04 1.03 1.03 1.02 1.02 1.01 1.01 1.01 1.01 1.00 1.00 1.00 1.00 1.00
1.00 1.00 1.00 1.00 1.00 1.00 1.00 1.00 1.01 1.01 1.01 1.01 1.02 1.02 1.02 1.03 1.04 1.05 1.06 1.07 1.08 1.10 1.12 1.13 1.11 1.11 1.14 1.17 1.18 1.21 1.24 1.26 1.25 1.24 1.26 1.29 1.29 1.25 1.20 1.16 1.13 1.11 1.10 1.11 1.11 1.13 1.18 1.25 1.28 1.27 1.28 1.31 1.34 1.35 1.35 1.38 1.40 1.42 1.39 1.32 1.24 1.19 1.17 1.16 1.15 1.14 1.12 1.09 1.06 1.05 1.04 1.03 1.03 1.02 1.02 1.01 1.01 1.01 1.01 1.00 1.00 1.00 1.00 1.00
1.00 1.00 1.00 1.00 1.00 1.00 1.00 1.00 1.01 1.01 1.01 1.01 1.02 1.02 1.03 1.03 1.04 1.05 1.06 1.08 1.10 1.12 1.14 1.16 1.16 1.15 1.22 1.29 1.33 1.34 1.34 1.35 1.36 1.39 1.41 1.40 1.35 1.28 1.24 1.21 1.19 1.16 1.14 1.12 1.11 1.13 1.18 1.21 1.21 1.22 1.24 1.27 1.31 1.34 1.35 1.35 1.35 1.35 1.32 1.28 1.23 1.19 1.16 1.15 1.15 1.15 1.14 1.12 1.09 1.07 1.05 1.03 1.02 1.02 1.02 1.01 1.01 1.01 1.01 1.00 1.00 1.00 1.00 1.00
1.00 1.00 1.00 1.00 1.00 1.00 1.00 1.00 1.01 1.01 1.01 1.01 1.02 1.02 1.03 1.04 1.04 1.05 1.07 1.08 1.11 1.13 1.17 1.21 1.28 1.32 1.38 1.44 1.47 1.47 1.48 1.48 1.52 1.55 1.55 1.50 1.44 1.39 1.35 1.31 1.26 1.21 1.19 1.18 1.19 1.21 1.23 1.22 1.20 1.22 1.24 1.27 1.31 1.33 1.34 1.33 1.32 1.31 1.28 1.25 1.22 1.18 1.15 1.15 1.15 1.15 1.15 1.13 1.09 1.06 1.04 1.03 1.02 1.02 1.01 1.01 1.01 1.01 1.00 1.00 1.00 1.00 1.00 1.00
1.00 1.00 1.00 1.00 1.00 1.00 1.00 1.00 1.01 1.01 1.01 1.01 1.02 1.02 1.03 1.04 1.04 1.05 1.07 1.08 1.11 1.14 1.19 1.26 1.34 1.42 1.50 1.55 1.59 1.63 1.65 1.68 1.70 1.70 1.66 1.62 1.58 1.54 1.48 1.41 1.34 1.29 1.30 1.33 1.36 1.38 1.35 1.29 1.24 1.24 1.26 1.28 1.31 1.32 1.32 1.31 1.30 1.27 1.24 1.22 1.21 1.18 1.16 1.15 1.15 1.14 1.12 1.08 1.06 1.04 1.03 1.03 1.02 1.02 1.01 1.01 1.01 1.01 1.00 1.00 1.00 1.00 1.00 1.00
1.00 1.00 1.00 1.00 1.00 1.00 1.00 1.00 1.01 1.01 1.01 1.01 1.02 1.02 1.03 1.04 1.04 1.05 1.07 1.09 1.11 1.15 1.20 1.30 1.45 1.57 1.57 1.59 1.68 1.74 1.80 1.84 1.83 1.76 1.70 1.67 1.64 1.58 1.51 1.45 1.40 1.38 1.41 1.44 1.43 1.42 1.39 1.36 1.33 1.29 1.28 1.28 1.30 1.31 1.31 1.29 1.27 1.24 1.21 1.19 1.19 1.18 1.16 1.14 1.12 1.08 1.04 1.02 1.03 1.03 1.02 1.02 1.02 1.01 1.01 1.01 1.01 1.00 1.00 1.00 1.00 1.00 1.00 1.00
1.00 1.00 1.00 1.00 1.00 1.00 1.00 1.00 1.01 1.01 1.01 1.01 1.02 1.02 1.03 1.03 1.04 1.05 1.07 1.08 1.11 1.15 1.19 1.29 1.47 1.65 1.70 1.68 1.70 1.75 1.81 1.81 1.75 1.69 1.65 1.61 1.56 1.51 1.47 1.44 1.43 1.44 1.44 1.38 1.30 1.24 1.23 1.28 1.33 1.31 1.28 1.28 1.29 1.30 1.31 1.29 1.25 1.22 1.19 1.17 1.15 1.14 1.13 1.11 1.07 1.03 1.01 1.01 1.02 1.02 1.02 1.02 1.02 1.01 1.01 1.01 1.01 1.00 1.00 1.00 1.00 1.00 1.00 1.00
1.00 1.00 1.00 1.00 1.00 1.00 1.00 1.00 1.00 1.01 1.01 1.01 1.02 1.02 1.03 1.03 1.04 1.05 1.06 1.08 1.10 1.13 1.17 1.23 1.30 1.43 1.69 1.75 1.69 1.67 1.66 1.58 1.51 1.50 1.49 1.45 1.40 1.38 1.37 1.37 1.38 1.39 1.36 1.23 1.13 1.08 1.06 1.11 1.19 1.21 1.20 1.21 1.23 1.26 1.27 1.26 1.23 1.20 1.16 1.14 1.11 1.10 1.09 1.06 1.02 1.01 1.01 1.02 1.02 1.01 1.01 1.01 1.01 1.01 1.01 1.01 1.00 1.00 1.00 1.00 1.00 1.00 1.00 1.00
1.00 1.00 1.00 1.00 1.00 1.00 1.00 1.00 1.00 1.01 1.01 1.01 1.01 1.02 1.02 1.03 1.04 1.05 1.06 1.07 1.08 1.10 1.14 1.17 1.19 1.24 1.28 1.53 1.65 1.59 1.47 1.37 1.31 1.32 1.30 1.26 1.24 1.23 1.24 1.26 1.29 1.29 1.19 1.05 0.99 0.94 0.91 0.93 1.00 1.06 1.09 1.13 1.15 1.18 1.20 1.21 1.19 1.15 1.11 1.10 1.10 1.08 1.06 1.02 0.99 1.00 1.00 1.01 1.01 1.01 1.01 1.01 1.01 1.01 1.00 1.00 1.00 1.00 1.00 1.00 1.00 1.00 1.00 1.00
1.00 1.00 1.00 1.00 1.00 1.00 1.00 1.00 1.00 1.01 1.01 1.01 1.01 1.02 1.02 1.03 1.03 1.04 1.05 1.06 1.07 1.09 1.11 1.13 1.15 1.13 1.11 1.06 1.23 1.38 1.35 1.28 1.25 1.23 1.18 1.14 1.12 1.11 1.12 1.15 1.18 1.13 0.98 0.89 0.85 0.81 0.79 0.80 0.85 0.91 0.97 1.04 1.07 1.10 1.13 1.15 1.14 1.10 1.06 1.06 1.06 1.04 1.00 0.98 0.99 0.99 1.00 1.00 1.00 1.00 1.00 1.00 1.00 1.00 1.00 0.99 0.99 1.00 1.00 1.00 1.00 1.00 1.00 1.00
1.00 1.00 1.00 1.00 1.00 1.00 1.00 1.00 1.00 1.00 1.01 1.01 1.01 1.01 1.02 1.02 1.03 1.03 1.04 1.05 1.06 1.07 1.08 1.09 1.09 1.08 1.08 0.96 0.88 1.17 1.28 1.27 1.24 1.19 1.13 1.07 1.04 1.03 1.03 1.04 1.02 0.91 0.76 0.72 0.70 0.70 0.70 0.70 0.73 0.78 0.83 0.92 0.98 1.02 1.06 1.09 1.09 1.05 1.01 1.00 0.99 0.96 0.96 0.97 0.98 0.99 0.99 0.99 1.00 1.00 1.00 1.00 1.00 0.99 0.99 0.99 1.00 1.00 1.00 1.00 0.99 0.99 0.99 0.99
1.00 1.00 1.00 1.00 1.00 1.00 1.00 1.00 1.00 1.00 1.00 1.01 1.01 1.01 1.01 1.02 1.02 1.03 1.03 1.03 1.04 1.05 1.05 1.05 1.05 1.05 1.03 1.02 1.14 1.23 1.25 1.21 1.19 1.15 1.07 1.03 1.01 0.99 0.98 0.97 0.90 0.72 0.58 0.53 0.51 0.53 0.53 0.53 0.56 0.61 0.68 0.78 0.86 0.92 0.98 1.03 1.04 1.02 0.97 0.93 0.92 0.93 0.95 0.96 0.97 0.98 0.98 0.99 0.99 0.99 1.00 1.00 0.99 0.99 0.99 1.00 1.00 1.00 0.99 0.99 0.99 0.99 0.99 0.99
1.00 1.00 1.00 1.00 1.00 1.00 1.00 1.00 1.00 1.00 1.00 1.00 1.01 1.01 1.01 1.01 1.02 1.02 1.02 1.02 1.03 1.03 1.03 1.03 1.02 1.02 1.02 1.07 1.13 1.10 1.08 1.10 1.08 1.03 0.99 0.96 0.97 0.96 0.96 0.94 0.83 0.63 0.52 0.42 0.34 0.29 0.26 0.27 0.37 0.43 0.49 0.60 0.70 0.79 0.87 0.94 0.97 0.95 0.91 0.89 0.90 0.92 0.94 0.95 0.96 0.97 0.98 0.98 0.98 0.99 0.99 0.99 0.99 0.99 0.99 0.99 0.99 0.99 0.99 0.99 0.99 0.99 0.99 0.99
0.99 1.00 1.00 1.00 1.00 1.00 1.00 1.00 1.00 1.00 1.00 1.00 1.00 1.00 1.01 1.01 1.01 1.01 1.01 1.01 1.01 1.01 1.01 1.00 1.00 0.99 0.99 1.00 0.96 0.94 0.93 0.93 0.93 0.91 0.88 0.89 0.89 0.91 0.91 0.86 0.73 0.64 0.58 0.47 0.36 0.26 0.19 0.18 0.26 0.31 0.33 0.41 0.52 0.61 0.72 0.82 0.87 0.88 0.87 0.88 0.90 0.92 0.94 0.95 0.96 0.97 0.97 0.98 0.98 0.99 0.98 0.98 0.99 0.99 0.99 0.99 0.99 0.99 0.99 0.99 0.99 0.99 0.99 0.99
0.99 0.99 1.00 1.00 1.00 1.00 1.00 1.00 1.00 1.00 1.00 1.00 1.00 1.00 1.00 1.00 1.00 1.00 1.01 1.00 1.00 1.00 0.99 0.99 0.98 0.97 0.96 0.94 0.92 0.90 0.87 0.84 0.82 0.78 0.80 0.81 0.83 0.81 0.78 0.69 0.60 0.61 0.60 0.54 0.45 0.38 0.31 0.26 0.27 0.29 0.31 0.34 0.40 0.47 0.57 0.69 0.78 0.83 0.85 0.87 0.89 0.91 0.93 0.94 0.95 0.96 0.96 0.97 0.98 0.97 0.98 0.98 0.99 0.99 0.99 0.99 0.99 0.99 0.99 0.99 0.99 0.99 0.99 0.99
0.99 0.99 0.99 0.99 1.00 1.00 1.00 1.00 1.00 1.00 1.00 1.00 1.00 1.00 1.00 1.00 1.00 1.00 1.00 1.00 0.99 0.99 0.98 0.97 0.96 0.95 0.93 0.90 0.87 0.85 0.82 0.78 0.73 0.72 0.71 0.75 0.72 0.70 0.64 0.56 0.52 0.55 0.58 0.55 0.51 0.46 0.41 0.38 0.37 0.37 0.38 0.40 0.42 0.46 0.53 0.63 0.72 0.78 0.83 0.86 0.89 0.91 0.92 0.94 0.95 0.95 0.96 0.97 0.97 0.97 0.98 0.99 0.99 0.99 0.99 0.99 0.99 0.99 0.99 0.99 0.99 0.99 0.99 0.99
0.99 0.99 0.99 0.99 0.99 0.99 0.99 1.00 1.00 1.00 1.00 1.00 1.00 1.00 1.00 1.00 0.99 0.99 0.99 0.99 0.98 0.98 0.97 0.96 0.95 0.93 0.91 0.88 0.85 0.82 0.79 0.75 0.69 0.65 0.68 0.67 0.63 0.56 0.55 0.55 0.55 0.56 0.57 0.57 0.54 0.50 0.47 0.45 0.45 0.45 0.46 0.49 0.51 0.53 0.57 0.64 0.71 0.77 0.82 0.86 0.88 0.90 0.92 0.93 0.94 0.95 0.96 0.96 0.97 0.98 0.98 0.98 0.99 0.98 0.99 0.99 0.99 0.99 0.99 0.99 0.99 0.99 0.99 0.99
