data/AilsaCraig_45_1_25m_ang_2m.asc
ncols	257
nrows	257
xllcorner	3364200.000000
yllcorner	3669375.000000
cellsize	25.000000
NODATA_value	-1.000000
[rows 110 to 164 of 257, columns 96 to 191 of 257]
44 44 44 44 44 44 44 44 44 44 43 43 43 43 43 43 43 43 43 43 43 43 43 43 43 42 41 41 43 54 68 76 73 71 76 77 69 53 54 60 60 57 53 50 48 47 46 45 45 44 44 44 44 44 44 44 44 44 44 44 44 44 44 44 44 44 44 44 44 45 45 45 45 45 45 45 45 45 45 45 45 45 45 45 45 45 45 45 45 45 45 45 45 45 45 45
44 44 44 44 44 44 44 44 44 43 43 43 43 43 43 43 43 42 42 42 43 43 43 43 42 39 34 34 40 52 68 75 66 63 69 70 59 47 50 57 60 58 54 51 48 46 45 44 44 44 44 43 43 43 43 44 44 44 44 44 44 44 44 44 44 44 44 44 44 44 45 45 45 45 45 45 45 45 45 45 45 45 45 45 45 45 45 45 45 45 45 45 45 45 45 45
44 44 44 44 44 44 44 44 43 43 43 43 43 42 42 42 42 42 41 42 42 42 43 43 40 36 31 32 37 52 66 71 58 61 67 64 50 47 49 53 57 58 55 50 46 44 44 43 43 43 43 43 43 43 43 43 43 43 44 44 44 44 44 44 44 44 44 44 44 44 44 45 45 45 45 45 45 45 45 45 45 45 45 45 45 45 45 45 45 45 45 45 45 45 45 45
44 44 44 44 44 43 43 43 43 43 42 42 42 42 42 41 41 41 41 41 41 41 42 43 40 34 29 30 36 55 66 64 54 62 68 61 50 50 51 54 57 58 56 48 43 42 42 42 42 42 42 42 42 42 43 43 43 43 43 43 44 44 44 44 44 44 44 44 44 44 44 44 45 45 45 45 45 45 45 45 45 45 45 45 45 45 45 45 45 45 45 45 45 45 45 45
44 44 44 44 43 43 43 43 43 42 42 42 42 41 41 41 41 40 40 40 39 40 41 43 40 32 28 30 38 60 67 61 55 64 67 60 53 51 53 53 53 55 55 44 37 38 39 40 40 40 41 41 41 42 42 42 43 43 43 43 43 43 44 44 44 44 44 44 44 44 44 44 45 45 45 45 45 45 45 45 45 45 45 45 45 45 45 45 45 45 45 45 45 45 45 45
44 44 44 43 43 43 43 43 43 42 42 42 41 41 40 40 40 39 39 39 38 39 40 42 40 32 30 32 43 63 68 60 59 65 64 60 56 52 52 51 51 53 52 45 27 30 35 37 38 39 39 40 40 41 41 42 42 42 43 43 43 43 43 44 44 44 44 44 44 44 44 44 44 45 45 45 45 45 45 45 45 45 45 45 45 45 45 45 45 45 45 45 45 45 45 45
44 44 43 43 43 43 43 43 42 42 41 41 41 40 40 39 39 38 37 37 38 38 39 41 39 33 32 34 47 63 66 60 61 66 62 58 59 54 51 50 51 51 52 48 22 19 29 33 35 37 38 39 39 40 41 41 42 42 42 43 43 43 43 43 44 44 44 44 44 44 44 44 44 45 45 45 45 45 45 45 45 45 45 45 45 45 45 45 45 45 45 45 45 45 45 45
44 44 43 43 43 43 43 42 42 41 41 41 40 39 39 38 37 37 36 35 37 38 39 39 37 34 34 37 50 61 63 60 61 65 61 56 57 56 51 49 48 49 49 47 29 10 19 27 32 34 36 37 38 39 40 41 41 42 42 42 43 43 43 43 43 44 44 44 44 44 44 44 44 44 45 45 45 45 45 45 45 45 45 45 45 45 45 45 45 45 45 45 45 45 45 45
44 43 43 43 43 43 43 42 42 41 41 40 40 39 38 37 36 35 34 34 35 38 41 40 37 35 37 41 52 59 60 60 61 62 59 56 56 54 50 48 45 45 43 42 36 4 6 20 27 31 34 35 37 38 39 40 41 41 42 42 42 43 43 43 43 43 44 44 44 44 44 44 44 44 45 45 45 45 45 45 45 45 45 45 45 45 45 45 45 45 45 45 45 45 45 45
43 43 43 43 43 43 42 42 41 41 40 40 39 38 37 36 35 33 31 31 33 38 41 40 38 37 39 44 52 57 58 59 60 59 58 57 56 51 48 46 41 41 39 36 34 12 359 12 22 28 32 34 35 37 38 39 40 41 41 42 42 42 43 43 43 43 44 44 44 44 44 44 44 44 44 45 45 45 45 45 45 45 45 45 45 45 45 45 45 45 45 45 45 45 45 45
43 43 43 43 43 43 42 41 41 41 40 39 38 38 36 35 33 30 28 28 30 34 38 39 39 39 41 46 52 56 58 59 59 58 58 57 55 50 48 46 40 39 36 32 31 20 358 4 15 24 29 32 34 36 38 39 40 40 41 42 42 42 43 43 43 43 43 44 44 44 44 44 44 44 44 45 45 45 45 45 45 45 45 45 45 45 45 45 45 45 45 45 45 45 45 45
43 43 43 43 43 42 42 41 41 40 39 39 38 37 35 34 31 28 26 26 27 31 33 36 39 40 41 47 52 55 57 58 57 56 56 56 53 49 47 45 40 35 31 29 29 25 5 360 9 19 26 31 33 35 37 38 39 40 41 41 42 42 42 43 43 43 43 44 44 44 44 44 44 44 44 44 45 45 45 45 45 45 45 45 45 45 45 45 45 45 45 45 45 45 45 45
43 43 43 43 43 42 41 41 41 40 39 38 38 36 35 33 30 26 24 24 27 29 30 34 39 41 42 47 51 54 56 56 55 54 54 53 50 46 44 42 38 34 29 28 27 26 15 2 6 16 23 28 32 34 36 37 38 40 40 41 41 42 42 43 43 43 43 43 44 44 44 44 44 44 44 44 45 45 45 45 45 45 45 45 45 45 45 45 45 45 45 45 45 45 45 45
43 43 43 43 42 42 41 41 40 40 39 38 37 36 34 32 29 25 23 23 27 31 32 34 39 41 43 46 50 52 54 55 53 52 52 51 48 44 42 40 37 33 30 28 25 24 21 7 3 12 20 26 31 33 35 37 38 39 40 41 41 42 42 42 43 43 43 43 44 44 44 44 44 44 44 44 45 45 45 45 45 45 45 45 45 45 45 45 45 45 45 45 45 45 45 45
43 43 43 43 42 41 41 40 40 39 38 37 36 35 33 31 29 26 24 23 28 33 35 35 38 39 41 45 49 51 52 52 51 50 49 48 45 42 41 39 37 33 31 29 26 23 22 16 2 6 17 24 30 32 34 36 38 39 40 40 41 42 42 42 43 43 43 43 44 44 44 44 44 44 44 44 45 45 45 45 45 45 45 45 45 45 45 45 45 45 45 45 45 45 45 45
43 43 43 42 42 41 40 40 40 39 38 37 36 34 32 31 30 28 26 25 28 33 35 36 37 37 39 44 48 50 51 50 48 48 47 44 42 41 40 39 37 34 33 30 27 24 23 21 12 6 14 23 28 32 34 35 37 38 39 40 41 41 42 42 43 43 43 43 43 44 44 44 44 44 44 44 45 45 45 45 45 45 45 45 45 45 45 45 45 45 45 45 45 45 45 45
43 43 43 42 42 41 40 40 40 38 37 37 35 34 31 30 31 31 29 28 29 31 33 35 36 36 39 44 47 49 49 48 47 46 45 43 41 42 41 40 38 36 34 31 28 25 23 23 19 10 12 21 27 31 33 34 36 38 39 40 41 41 42 42 42 43 43 43 43 44 44 44 44 44 44 44 44 45 45 45 45 45 45 45 45 45 45 45 45 45 45 45 45 45 45 45
43 43 42 42 41 41 40 40 39 38 37 36 35 33 31 29 31 32 31 31 31 31 33 35 36 37 41 45 47 49 49 48 48 47 46 44 43 44 43 41 38 36 34 31 27 24 22 22 21 14 12 18 25 30 32 34 36 38 39 40 41 41 42 42 42 43 43 43 43 44 44 44 44 44 44 44 44 45 45 45 45 45 45 45 45 45 45 45 45 45 45 45 45 45 45 45
43 42 42 42 41 40 40 39 39 38 37 35 34 32 30 29 30 32 33 34 33 32 34 37 37 38 43 47 49 50 50 49 49 50 48 46 46 46 46 43 39 36 33 28 24 21 20 20 21 18 13 17 24 29 32 34 36 37 39 39 40 41 42 42 42 43 43 43 43 44 44 44 44 44 44 44 44 45 45 45 45 45 45 45 45 45 45 45 45 45 45 45 45 45 45 45
43 42 42 42 41 40 39 39 38 37 36 35 33 31 29 28 29 31 34 35 35 34 36 38 38 39 44 47 49 50 50 49 50 50 48 47 47 48 48 46 41 36 31 26 22 19 18 19 21 21 17 16 23 28 32 34 35 37 38 39 40 41 42 42 42 43 43 43 43 44 44 44 44 44 44 44 44 45 45 45 45 45 45 45 45 45 45 45 45 45 45 45 45 45 45 45
43 42 42 42 41 40 39 39 38 36 36 34 32 29 27 28 29 30 35 37 36 36 37 38 38 39 43 46 48 49 49 49 50 50 47 46 47 47 47 46 42 36 31 27 23 20 18 20 21 21 20 18 22 27 31 34 35 37 38 39 40 41 42 42 42 43 43 43 43 44 44 44 44 44 44 44 44 45 45 45 45 45 45 45 45 45 45 45 45 45 45 45 45 45 45 45
43 42 42 41 40 39 39 39 37 36 35 33 31 28 26 28 30 31 36 38 38 38 39 40 39 41 44 46 48 48 48 48 49 49 46 44 45 44 45 45 42 37 33 30 26 22 20 20 21 22 23 21 22 27 31 34 36 37 38 39 40 41 41 42 42 43 43 43 43 44 44 44 44 44 44 44 44 45 45 45 45 45 45 45 45 45 45 45 45 45 45 45 45 45 45 45
43 42 42 41 40 39 39 38 37 36 34 33 31 27 25 28 30 32 37 39 39 41 42 43 43 44 46 48 49 49 48 48 49 48 45 42 42 42 43 44 42 38 36 34 31 26 22 21 22 23 24 24 24 27 31 34 36 37 38 39 40 41 42 42 42 43 43 43 43 44 44 44 44 44 44 44 44 45 45 45 45 45 45 45 45 45 45 45 45 45 45 45 45 45 45 45
42 42 42 41 40 39 39 38 36 35 34 31 30 27 25 27 29 32 37 40 41 43 44 46 47 48 49 50 50 50 49 49 49 48 45 41 41 41 42 44 42 40 38 36 33 27 23 22 23 24 26 27 27 28 31 34 36 37 38 39 40 41 42 42 42 43 43 43 43 44 44 44 44 44 44 44 44 45 45 45 45 45 45 45 45 45 45 45 45 45 45 45 45 45 45 45
42 42 42 41 40 39 38 37 36 35 33 30 28 25 25 26 28 32 37 41 43 45 47 48 50 50 51 52 52 52 51 50 50 49 45 42 41 41 42 44 43 40 37 35 31 26 21 21 22 24 26 28 29 30 32 34 36 37 38 39 40 41 42 42 42 43 43 43 43 44 44 44 44 44 44 44 44 45 45 45 45 45 45 45 45 45 45 45 45 45 45 45 45 45 45 45
42 42 41 40 39 39 38 37 35 34 32 30 26 23 25 27 29 32 37 41 43 45 48 50 51 52 52 53 53 53 52 51 51 49 47 44 43 42 43 44 43 40 37 35 31 26 21 19 22 25 27 29 31 31 32 34 36 37 38 39 40 41 42 42 42 43 43 43 43 44 44 44 44 44 44 44 44 45 45 45 45 45 45 45 45 45 45 45 45 45 45 45 45 45 45 45
42 42 41 40 39 39 38 36 35 33 31 29 25 23 26 28 30 33 36 40 43 45 48 50 51 51 52 53 53 52 52 52 51 50 48 47 45 43 43 44 44 41 38 36 33 29 24 21 23 25 27 29 31 32 33 34 35 37 39 39 40 41 42 42 43 43 43 43 43 44 44 44 44 44 44 44 44 45 45 45 45 45 45 45 45 45 45 45 45 45 45 45 45 45 45 45
42 42 41 40 39 39 38 36 35 33 30 27 24 23 25 27 29 32 36 40 42 44 47 48 49 50 51 51 51 51 50 51 50 49 49 48 45 43 43 45 45 42 39 37 35 31 27 24 25 27 28 30 32 33 34 34 36 37 39 40 41 41 42 42 43 43 43 43 44 44 44 44 44 44 44 44 44 45 45 45 45 45 45 45 45 45 45 45 45 45 45 45 45 45 45 45
42 42 41 40 39 38 37 36 34 32 29 25 22 21 22 24 27 30 34 39 41 43 45 46 47 48 48 49 49 49 49 49 48 47 48 47 43 41 43 45 45 43 40 38 36 33 28 25 27 28 29 31 33 33 34 35 36 38 39 40 41 42 42 42 43 43 43 43 44 44 44 44 44 44 44 44 45 45 45 45 45 45 45 45 45 45 45 45 45 45 45 45 45 45 45 45
42 42 41 40 39 38 37 36 34 31 27 22 19 19 19 21 25 28 32 36 39 40 42 44 44 45 46 46 46 46 46 45 44 44 46 44 40 40 42 44 45 44 41 39 37 34 29 27 28 30 30 32 33 34 35 37 38 39 40 41 41 42 42 43 43 43 43 43 44 44 44 44 44 44 44 44 45 45 45 45 45 45 45 45 45 45 45 45 45 45 45 45 45 45 45 45
42 42 41 40 40 39 37 35 33 30 26 19 14 16 17 18 22 24 28 33 36 39 41 42 43 43 44 45 45 45 45 42 41 43 45 43 40 39 42 45 46 44 42 41 38 35 30 28 30 32 32 33 34 36 37 38 39 40 40 41 42 42 42 43 43 43 43 44 44 44 44 44 44 44 44 44 45 45 45 45 45 45 45 45 45 45 45 45 45 45 45 45 45 45 45 45
42 42 41 41 40 39 37 35 33 30 26 17 8 8 14 16 19 22 26 31 35 39 41 42 43 44 45 46 45 45 45 41 41 45 47 45 42 40 43 46 47 45 44 42 39 35 31 29 32 34 34 35 36 37 38 39 40 40 41 41 42 42 43 43 43 43 43 44 44 44 44 44 44 44 44 44 45 45 45 45 45 45 45 45 45 45 45 45 45 45 45 45 45 45 45 45
42 42 41 41 40 39 38 36 34 31 27 19 6 358 5 13 17 22 27 33 38 42 44 45 45 46 47 48 48 48 46 41 41 47 48 48 46 44 46 48 48 47 46 44 41 36 32 32 34 35 36 36 37 39 39 40 40 41 41 42 42 43 43 43 43 43 44 44 44 44 44 44 44 44 44 45 45 45 45 45 45 45 45 45 45 45 45 45 45 45 45 45 45 45 45 45
42 42 42 41 40 39 38 36 35 32 28 22 12 357 351 3 15 24 32 38 43 47 48 48 48 49 50 51 51 51 47 41 43 48 48 50 50 49 50 51 50 49 48 46 43 38 33 34 36 37 37 38 39 40 40 40 41 41 42 42 43 43 43 43 43 44 44 44 44 44 44 44 44 44 44 45 45 45 45 45 45 45 45 45 45 45 45 45 45 45 45 45 45 45 45 45
43 42 42 41 41 40 39 37 36 33 30 26 19 7 353 352 13 28 37 41 46 50 52 51 51 52 54 56 56 54 48 43 45 49 49 51 51 52 53 54 52 51 50 48 45 39 35 36 38 39 39 40 40 40 41 41 42 42 42 43 43 43 43 43 44 44 44 44 44 44 44 44 44 44 45 45 45 45 45 45 45 45 45 45 45 45 45 45 45 45 45 45 45 45 45 45
43 42 42 41 41 40 39 38 37 35 32 29 25 18 5 354 2 37 39 43 48 51 53 53 54 55 57 60 60 55 48 47 49 50 50 51 53 55 57 56 55 53 52 50 46 41 37 39 41 41 41 41 41 41 41 42 42 42 43 43 43 43 43 44 44 44 44 44 44 44 44 44 44 44 45 45 45 45 45 45 45 45 45 45 45 45 45 45 45 45 45 45 45 45 45 45
43 43 42 42 41 41 40 39 38 36 35 32 29 25 19 6 358 28 42 44 49 52 54 55 56 57 59 63 62 54 48 50 53 54 53 54 57 59 60 60 58 56 54 52 48 43 41 42 43 43 42 42 42 42 42 42 42 43 43 43 43 43 44 44 44 44 44 44 44 44 44 44 44 45 45 45 45 45 45 45 45 45 45 45 45 45 45 45 45 45 45 45 45 45 45 45
43 43 43 42 42 41 41 40 39 38 37 35 33 31 28 20 8 10 39 49 53 54 56 57 58 59 61 65 61 49 46 49 53 57 57 61 65 66 65 64 62 59 56 54 51 46 44 44 44 43 43 43 43 43 42 43 43 43 43 43 44 44 44 44 44 44 44 44 44 44 44 44 45 45 45 45 45 45 45 45 45 45 45 45 45 45 45 45 45 45 45 45 45 45 45 45
43 43 43 42 42 42 41 41 40 39 39 38 36 35 34 31 29 31 43 57 59 59 60 60 61 62 64 66 59 48 45 46 47 50 51 59 68 70 70 70 66 62 59 57 53 49 46 45 44 44 44 43 43 43 43 43 43 44 44 44 44 44 44 44 44 44 44 44 44 44 44 44 45 45 45 45 45 45 45 45 45 45 45 45 45 45 45 45 45 45 45 45 45 45 45 45
43 43 43 43 42 42 42 41 41 41 40 40 39 39 38 39 40 44 57 72 69 64 64 64 65 66 68 66 59 52 49 47 44 44 45 52 63 67 68 70 68 65 62 59 55 51 47 46 45 45 44 44 44 44 43 43 44 44 44 44 44 44 44 44 44 44 44 44 44 44 44 45 45 45 45 45 45 45 45 45 45 45 45 45 45 45 45 45 45 45 45 45 45 45 45 45
44 43 43 43 43 43 42 42 42 42 41 41 41 41 42 43 45 50 61 81 90 76 70 69 69 70 69 65 57 55 53 49 45 43 44 49 56 60 62 64 64 63 61 59 56 52 49 47 46 45 45 45 44 44 44 44 44 44 44 44 44 44 44 44 44 44 44 44 44 44 45 45 45 45 45 45 45 45 45 45 45 45 45 45 45 45 45 45 45 45 45 45 45 45 45 45
44 44 43 43 43 43 43 43 43 42 42 42 43 43 44 45 48 52 58 71 90 95 82 75 72 72 70 63 55 55 55 50 46 44 45 49 53 56 58 59 59 58 58 57 54 51 49 47 46 46 45 45 45 44 44 44 44 44 44 44 44 44 44 44 44 44 44 44 44 45 45 45 45 45 45 45 45 45 45 45 45 45 45 45 45 45 45 45 45 45 45 45 45 45 45 45
44 44 44 44 44 43 43 43 43 43 43 43 44 44 45 47 49 52 57 64 76 90 95 85 77 76 73 65 57 56 56 52 47 45 47 50 52 54 55 56 55 55 55 54 52 51 49 48 47 46 46 45 45 45 44 44 44 44 44 44 44 44 44 44 44 44 44 45 45 45 45 45 45 45 45 45 45 45 45 45 45 45 45 45 45 45 45 45 45 45 45 45 45 45 45 45
44 44 44 44 44 44 44 44 44 44 44 44 45 45 46 47 49 52 56 61 67 77 88 90 88 83 78 69 62 60 58 53 49 48 49 51 52 53 53 53 53 53 52 51 51 50 48 48 47 46 46 45 45 45 45 45 45 45 44 44 44 44 44 44 45 45 45 45 45 45 45 45 45 45 45 45 45 45 45 45 45 45 45 45 45 45 45 45 45 45 45 45 45 45 45 45
44 44 44 44 44 44 44 44 44 44 44 45 45 46 47 48 49 52 54 58 62 68 74 80 85 86 82 75 68 64 60 55 51 50 50 50 51 51 51 51 51 50 50 50 50 49 48 48 47 46 46 46 45 45 45 45 45 45 45 45 45 45 45 45 45 45 45 45 45 45 45 45 45 45 45 45 45 45 45 45 45 45 45 45 45 45 45 45 45 45 45 45 45 45 45 45
44 44 44 44 44 44 44 44 44 45 45 45 46 46 47 48 49 51 53 56 59 62 66 70 74 76 77 75 70 65 60 54 51 50 50 49 49 50 49 50 50 49 49 49 49 49 48 47 47 46 46 46 45 45 45 45 45 45 45 45 45 45 45 45 45 45 45 45 45 45 45 45 45 45 45 45 45 45 45 45 45 45 45 45 45 45 45 45 45 45 45 45 45 45 45 45
44 44 44 44 44 44 45 45 45 45 45 45 46 46 47 48 49 51 52 54 56 59 61 63 65 67 68 67 66 63 58 54 51 50 49 49 49 49 49 49 49 49 48 48 48 48 47 47 47 46 46 46 45 45 45 45 45 45 45 45 45 45 45 45 45 45 45 45 45 45 45 45 45 45 45 45 45 45 45 45 45 45 45 45 45 45 45 45 45 45 45 45 45 45 45 45
45 45 45 45 45 45 45 45 45 45 45 46 46 47 47 48 49 50 51 53 54 56 58 59 60 61 61 61 60 59 56 53 51 50 49 49 49 49 49 49 49 48 48 48 48 47 47 47 46 46 46 46 45 45 45 45 45 45 45 45 45 45 45 45 45 45 45 45 45 45 45 45 45 45 45 45 45 45 45 45 45 45 45 45 45 45 45 45 45 45 45 45 45 45 45 45
45 45 45 45 45 45 45 45 45 45 46 46 46 47 47 48 48 49 50 51 53 54 55 56 57 58 58 57 57 56 54 53 51 50 50 49 49 49 49 48 48 48 48 48 47 47 47 46 46 46 46 46 45 45 45 45 45 45 45 45 45 45 45 45 45 45 45 45 45 45 45 45 45 45 45 45 45 45 45 45 45 45 45 45 45 45 45 45 45 45 45 45 45 45 45 45
45 45 45 45 45 45 45 45 45 45 46 46 46 47 47 48 48 49 50 50 51 52 53 54 54 55 55 55 54 54 53 52 51 50 49 49 48 49 48 48 48 47 47 47 47 47 46 46 46 46 46 46 45 45 45 45 45 45 45 45 45 45 45 45 45 45 45 45 45 45 45 45 45 45 45 45 45 45 45 45 45 45 45 45 45 45 45 45 45 45 45 45 45 45 45 45
45 45 45 45 45 45 45 45 45 45 46 46 46 47 47 47 48 48 49 50 50 51 52 52 53 53 53 53 53 52 51 51 50 50 49 49 48 48 48 48 47 47 47 47 47 47 46 46 46 46 46 46 45 45 45 45 45 45 45 45 45 45 45 45 45 45 45 45 45 45 45 45 45 45 45 45 45 45 45 45 45 45 45 45 45 45 45 45 45 45 45 45 45 45 45 45
45 45 45 45 45 45 45 45 45 46 46 46 46 46 47 47 48 48 48 49 49 50 50 51 51 51 51 51 51 51 50 50 49 49 49 48 48 48 48 47 47 47 47 47 47 46 46 46 46 46 46 46 45 45 45 45 45 45 45 45 45 45 45 45 45 45 45 45 45 45 45 45 45 45 45 45 45 45 45 45 45 45 45 45 45 45 45 45 45 45 45 45 45 45 45 45
45 45 45 45 45 45 45 45 45 46 46 46 46 46 47 47 47 48 48 48 49 49 50 50 50 50 50 50 50 50 50 49 49 49 48 48 48 48 47 47 47 47 47 47 46 46 46 46 46 46 46 46 46 45 45 45 45 45 45 45 45 45 45 45 45 45 45 45 45 45 45 45 45 45 45 45 45 45 45 45 45 45 45 45 45 45 45 45 45 45 45 45 45 45 45 45
45 45 45 45 45 45 45 45 45 46 46 46 46 46 47 47 47 47 48 48 48 49 49 49 49 49 49 49 49 49 49 49 48 48 48 48 47 47 47 47 47 47 47 46 46 46 46 46 46 46 46 46 45 45 45 45 45 45 45 45 45 45 45 45 45 45 45 45 45 45 45 45 45 45 45 45 45 45 45 45 45 45 45 45 45 45 45 45 45 45 45 45 45 45 45 45
45 45 45 45 45 45 45 45 45 46 46 46 46 46 46 47 47 47 47 48 48 48 48 48 49 49 49 49 49 48 48 48 48 48 48 47 47 47 47 47 47 47 46 46 46 46 46 46 46 46 46 46 45 45 45 45 45 45 45 45 45 45 45 45 45 45 45 45 45 45 45 45 45 45 45 45 45 45 45 45 45 45 45 45 45 45 45 45 45 45 45 45 45 45 45 45
