data/AilsaCraig_270_1_25m_ang.asc
ncols	255
nrows	255
xllcorner	3364200.000000
yllcorner	3669375.000000
cellsize	25.000000
NODATA_value	-1.000000
[rows 84 to 125 of 255, columns 94 to 187 of 255]
270 270 270 270 270 270 270 270 270 270 270 270 270 270 270 270 270 270 270 270 270 270 270 270 270 270 270 270 270 270 270 270 270 270 270 270 270 270 270 270 270 270 270 270 270 270 270 270 270 270 270 270 270 270 270 270 270 270 270 270 270 270 270 270 270 270 270 270 270 270 270 270 270 270 270 270 270 270 270 270 270 270 270 270 270 270 270 270 270 270 270 270 270 270
270 270 270 270 270 270 270 270 270 270 270 270 270 270 270 270 269 269 269 269 269 269 269 269 269 270 270 270 270 270 270 270 270 270 270 270 270 270 270 270 270 270 270 270 270 270 270 270 270 271 271 270 270 270 270 270 270 270 270 270 270 270 270 270 270 270 270 270 270 270 270 270 270 270 270 270 270 270 270 270 270 270 270 270 270 270 270 270 270 270 270 270 270 270
270 270 270 270 270 270 270 270 270 270 270 270 270 270 270 270 269 269 269 269 269 269 269 269 269 270 270 270 270 270 270 270 270 270 270 270 270 270 270 270 270 270 270 270 270 270 270 270 270 271 271 270 270 270 270 270 270 270 270 270 270 270 270 270 270 270 270 270 270 270 270 270 270 270 270 270 270 270 270 270 270 270 270 270 270 270 270 270 270 270 270 270 270 270
270 270 270 270 270 270 270 270 270 270 270 270 270 269 269 269 269 269 269 269 269 269 269 269 269 269 269 270 270 270 270 270 270 270 270 270 270 270 270 270 270 270 271 271 271 271 271 271 271 271 271 271 271 271 271 271 270 270 270 270 270 270 270 270 270 270 270 270 270 270 270 270 270 270 270 270 270 270 270 270 270 270 270 270 270 270 270 270 270 270 270 270 270 270
270 270 270 270 270 270 270 270 270 269 269 269 269 269 269 269 269 269 269 269 269 269 269 269 269 269 269 269 269 269 269 270 270 270 270 270 270 270 271 271 271 271 271 271 271 271 271 271 271 271 271 271 271 271 271 271 271 271 271 271 270 270 270 270 270 270 270 270 270 270 270 270 270 270 270 270 270 270 270 270 270 270 270 270 270 270 270 270 270 270 270 270 270 270
270 270 270 270 270 270 270 270 270 269 269 269 269 269 269 269 269 269 269 269 269 269 269 269 269 269 269 269 269 269 269 270 270 270 270 270 270 270 271 271 271 271 271 271 271 271 271 271 271 271 271 271 271 271 271 271 271 271 271 271 270 270 270 270 270 270 270 270 270 270 270 270 270 270 270 270 270 270 270 270 270 270 270 270 270 270 270 270 270 270 270 270 270 270
270 270 270 270 270 270 270 269 269 269 269 269 269 269 269 269 269 269 269 269 269 269 269 269 269 269 269 269 269 269 269 270 270 270 270 270 270 270 271 271 271 271 271 271 271 271 271 271 271 271 271 271 271 271 271 271 271 271 271 271 271 271 270 270 270 270 270 270 270 270 270 270 270 270 270 270 270 270 270 270 270 270 270 270 270 270 270 270 270 270 270 270 270 270
270 270 270 270 270 270 270 269 269 269 269 269 269 269 269 269 269 269 269 269 269 269 269 269 269 269 269 269 269 269 269 270 270 270 270 270 270 270 271 271 271 271 271 271 271 271 271 271 271 271 271 271 271 271 271 271 271 271 271 271 271 271 270 270 270 270 270 270 270 270 270 270 270 270 270 270 270 270 270 270 270 270 270 270 270 270 270 270 270 270 270 270 270 270
270 270 270 270 270 270 269 269 269 269 269 269 269 269 269 269 268 268 268 268 268 268 268 268 268 269 269 269 269 269 269 269 269 270 270 270 271 271 271 271 271 271 271 271 272 272 272 272 272 271 271 271 271 271 271 271 271 271 271 271 271 271 271 270 270 270 270 270 270 270 270 270 270 270 270 270 270 270 270 270 270 270 270 270 270 270 270 270 270 270 270 270 270 270
270 270 270 270 270 270 269 269 269 269 269 269 269 269 269 269 268 268 268 268 268 268 268 268 268 269 269 269 269 269 269 269 269 270 270 270 271 271 271 271 271 271 271 271 272 272 272 272 272 271 271 271 271 271 271 271 271 271 271 271 271 271 271 270 270 270 270 270 270 270 270 270 270 270 270 270 270 270 270 270 270 270 270 270 270 270 270 270 270 270 270 270 270 270
270 270 270 270 269 269 269 269 269 269 269 269 269 268 268 268 268 268 268 268 268 268 268 268 268 268 268 268 268 269 269 269 269 270 270 270 271 271 271 271 272 272 272 272 272 272 272 272 272 272 272 272 272 272 271 271 271 271 271 271 271 271 271 271 271 270 270 270 270 270 270 270 270 270 270 270 270 270 270 270 270 270 270 270 270 270 270 270 270 270 270 270 270 270
270 270 270 270 269 269 269 269 269 269 269 269 269 268 268 268 268 268 268 268 268 268 268 268 268 268 268 268 268 269 269 269 269 270 270 270 271 271 271 271 272 272 272 272 272 272 272 272 272 272 272 272 272 272 271 271 271 271 271 271 271 271 271 271 271 270 270 270 270 270 270 270 270 270 270 270 270 270 270 270 270 270 270 270 270 270 270 270 270 270 270 270 270 270
270 270 269 269 269 269 269 269 269 269 269 268 268 268 268 268 268 268 267 267 267 267 267 267 267 267 267 268 268 268 268 269 269 270 270 270 271 271 272 272 272 272 273 273 273 273 273 273 273 272 272 272 272 272 272 272 271 271 271 271 271 271 271 271 271 271 271 270 270 270 270 270 270 270 270 270 270 270 270 270 270 270 270 270 270 270 270 270 270 270 270 270 270 270
270 270 269 269 269 269 269 269 269 269 269 268 268 268 268 268 268 268 267 267 267 267 267 267 267 267 267 268 268 268 268 269 269 270 270 270 271 271 272 272 272 272 273 273 273 273 273 273 273 272 272 272 272 272 272 272 271 271 271 271 271 271 271 271 271 271 271 270 270 270 270 270 270 270 270 270 270 270 270 270 270 270 270 270 270 270 270 270 270 270 270 270 270 270
269 269 269 269 269 269 269 269 269 268 268 268 268 268 268 267 267 267 267 267 267 267 266 266 266 266 266 266 266 267 267 268 268 269 269 271 272 272 273 273 273 273 274 274 274 274 274 273 273 273 273 273 273 272 272 272 272 272 271 271 271 271 271 271 271 271 271 271 271 270 270 270 270 270 270 270 270 270 270 270 270 270 270 270 270 270 270 270 270 270 270 270 270 270
269 269 269 269 269 269 269 268 268 268 268 268 268 267 267 267 266 266 266 266 266 266 265 265 265 265 265 265 265 266 266 267 267 269 269 271 273 273 274 274 275 275 275 275 275 275 275 274 274 274 274 273 273 273 272 272 272 272 272 272 271 271 271 271 271 271 271 271 271 271 271 270 270 270 270 270 270 270 270 270 270 270 270 270 270 270 270 270 270 270 270 270 270 270
269 269 269 269 269 269 269 268 268 268 268 268 268 267 267 267 266 266 266 266 266 266 265 265 265 265 265 265 265 266 266 267 267 269 269 271 273 273 274 274 275 275 275 275 275 275 275 274 274 274 274 273 273 273 272 272 272 272 272 272 271 271 271 271 271 271 271 271 271 271 271 270 270 270 270 270 270 270 270 270 270 270 270 270 270 270 270 270 270 270 270 270 270 270
269 269 269 269 269 269 269 268 268 268 268 267 267 267 267 266 266 266 265 265 264 264 263 263 263 262 262 262 262 263 263 265 265 269 269 272 275 275 276 276 277 277 277 277 277 276 276 275 275 275 275 274 274 274 273 273 273 273 272 272 272 272 271 271 271 271 271 271 271 271 271 270 270 270 270 270 270 270 270 270 270 270 270 270 270 270 270 270 270 270 270 270 270 270
269 269 269 269 269 269 269 268 268 268 268 267 267 267 267 266 266 266 265 265 264 264 263 263 263 262 262 262 262 263 263 265 265 269 269 272 275 275 276 276 277 277 277 277 277 276 276 275 275 275 275 274 274 274 273 273 273 273 272 272 272 272 271 271 271 271 271 271 271 271 271 270 270 270 270 270 270 270 270 270 270 270 270 270 270 270 270 270 270 270 270 270 270 270
269 269 269 269 269 269 268 268 268 267 267 267 267 266 266 266 265 265 264 264 263 263 261 261 260 258 258 257 257 257 257 262 262 268 268 273 278 278 281 281 281 281 280 280 279 278 278 277 277 276 276 275 275 274 274 274 273 273 272 272 272 272 272 271 271 271 271 271 271 271 271 271 271 270 270 270 270 270 270 270 270 270 270 270 270 270 270 270 270 270 270 270 270 270
269 269 269 269 269 269 268 268 268 267 267 267 267 266 266 266 265 265 264 264 263 263 261 261 260 258 258 257 257 257 257 262 262 268 268 273 278 278 281 281 281 281 280 280 279 278 278 277 277 276 276 275 275 274 274 274 273 273 272 272 272 272 272 271 271 271 271 271 271 271 271 271 271 270 270 270 270 270 270 270 270 270 270 270 270 270 270 270 270 270 270 270 270 270
269 269 269 269 269 269 268 268 268 267 267 267 267 266 266 266 264 264 262 262 261 261 259 259 256 254 254 249 249 248 248 256 256 269 269 277 283 283 288 288 287 287 285 285 282 280 280 279 279 277 277 276 276 275 274 274 273 273 273 273 272 272 272 271 271 271 271 271 271 271 271 271 271 270 270 270 270 270 270 270 270 270 270 270 270 270 270 270 270 270 270 270 270 270
269 269 269 269 269 269 268 268 268 267 267 267 267 266 266 266 264 264 262 262 261 261 259 259 256 254 254 249 249 248 248 256 256 269 269 277 283 283 288 288 287 287 285 285 282 280 280 279 279 277 277 276 276 275 274 274 273 273 273 273 272 272 272 271 271 271 271 271 271 271 271 271 271 270 270 270 270 270 270 270 270 270 270 270 270 270 270 270 270 270 270 270 270 270
269 269 269 269 268 268 268 267 267 267 267 266 266 266 266 265 263 263 261 261 259 259 256 256 252 247 247 242 242 239 239 251 251 270 270 284 292 292 296 296 292 292 288 288 286 283 283 281 281 279 279 277 277 276 275 275 274 274 273 273 273 273 272 272 272 271 271 271 271 271 271 271 271 270 270 270 270 270 270 270 270 270 270 270 270 270 270 270 270 270 270 270 270 270
269 269 269 269 268 268 268 267 267 267 267 266 266 265 265 263 262 262 259 259 256 256 252 252 246 241 241 235 235 233 233 256 256 274 274 287 296 296 299 299 291 291 289 289 290 288 288 284 284 281 281 279 279 277 276 276 275 275 274 274 273 273 272 272 272 271 271 271 271 271 271 271 271 270 270 270 270 270 270 270 270 270 270 270 270 270 270 270 270 270 270 270 270 270
269 269 269 269 268 268 268 267 267 267 267 266 266 265 265 263 262 262 259 259 256 256 252 252 246 241 241 235 235 233 233 256 256 274 274 287 296 296 299 299 291 291 289 289 290 288 288 284 284 281 281 279 279 277 276 276 275 275 274 274 273 273 272 272 272 271 271 271 271 271 271 271 271 270 270 270 270 270 270 270 270 270 270 270 270 270 270 270 270 270 270 270 270 270
269 269 268 268 268 268 267 267 267 267 267 266 266 264 264 262 260 260 257 257 253 253 248 248 241 238 238 232 232 236 236 264 264 275 275 283 292 292 293 293 286 286 287 287 292 294 294 289 289 284 284 281 281 278 276 276 275 275 274 274 273 273 272 272 272 271 271 271 271 271 271 271 271 270 270 270 270 270 270 270 270 270 270 270 270 270 270 270 270 270 270 270 270 270
269 269 268 268 268 268 267 267 267 267 267 266 266 264 264 262 260 260 257 257 253 253 248 248 241 238 238 232 232 236 236 264 264 275 275 283 292 292 293 293 286 286 287 287 292 294 294 289 289 284 284 281 281 278 276 276 275 275 274 274 273 273 272 272 272 271 271 271 271 271 271 271 271 270 270 270 270 270 270 270 270 270 270 270 270 270 270 270 270 270 270 270 270 270
269 269 268 268 268 268 267 267 267 266 266 265 265 263 263 261 259 259 255 255 250 250 244 244 238 240 240 239 239 246 246 266 266 272 272 274 280 280 283 283 282 282 286 286 293 299 299 294 294 287 287 283 283 279 277 277 275 275 274 274 273 273 273 272 272 271 271 271 271 271 271 271 271 271 270 270 270 270 270 270 270 270 270 270 270 270 270 270 270 270 270 270 270 270
269 269 268 268 268 268 267 267 267 266 266 265 265 263 263 261 259 259 255 255 250 250 244 244 238 240 240 239 239 246 246 266 266 272 272 274 280 280 283 283 282 282 286 286 293 299 299 294 294 287 287 283 283 279 277 277 275 275 274 274 273 273 273 272 272 271 271 271 271 271 271 271 271 271 270 270 270 270 270 270 270 270 270 270 270 270 270 270 270 270 270 270 270 270
269 269 268 268 268 268 267 267 267 266 266 265 265 263 263 261 258 258 252 252 245 245 240 240 239 244 244 249 249 256 256 264 264 268 268 270 274 274 278 278 282 282 287 287 292 301 301 300 300 292 292 284 284 280 277 277 276 276 274 274 273 273 273 272 272 272 272 271 271 271 271 271 271 270 270 270 270 270 270 270 270 270 270 270 270 270 270 270 270 270 270 270 270 270
269 269 268 268 268 268 267 267 267 266 266 265 265 263 263 261 258 258 252 252 245 245 240 240 239 244 244 249 249 256 256 264 264 268 268 270 274 274 278 278 282 282 287 287 292 301 301 300 300 292 292 284 284 280 277 277 276 276 274 274 273 273 273 272 272 272 272 271 271 271 271 271 271 270 270 270 270 270 270 270 270 270 270 270 270 270 270 270 270 270 270 270 270 270
269 269 268 268 268 268 267 267 267 266 266 264 264 262 262 260 256 256 249 249 240 240 238 238 241 248 248 256 256 259 259 261 261 264 264 270 274 274 277 277 282 282 288 288 292 299 299 306 306 297 297 286 286 281 278 278 276 276 275 275 273 273 273 272 272 272 272 271 271 271 271 271 271 270 270 270 270 270 270 270 270 270 270 270 270 270 270 270 270 270 270 270 270 270
269 269 268 268 268 268 267 267 267 266 266 264 264 262 262 259 254 254 246 246 237 237 237 237 243 250 250 257 257 259 259 260 260 264 264 270 275 275 277 277 280 280 288 288 293 298 298 306 306 299 299 290 290 283 279 279 276 276 274 274 273 273 272 272 272 271 271 271 271 271 271 271 271 270 270 270 270 270 270 270 270 270 270 270 270 270 270 270 270 270 270 270 270 270
269 269 268 268 268 268 267 267 267 266 266 264 264 262 262 259 254 254 246 246 237 237 237 237 243 250 250 257 257 259 259 260 260 264 264 270 275 275 277 277 280 280 288 288 293 298 298 306 306 299 299 290 290 283 279 279 276 276 274 274 273 273 272 272 272 271 271 271 271 271 271 271 271 270 270 270 270 270 270 270 270 270 270 270 270 270 270 270 270 270 270 270 270 270
269 269 268 268 268 268 267 267 267 265 265 264 264 262 262 258 253 253 245 245 238 238 238 238 243 251 251 257 257 259 259 262 262 266 266 270 274 274 277 277 279 279 287 287 294 296 296 300 300 300 300 293 293 284 279 279 276 276 274 274 273 273 272 272 272 271 271 271 271 271 271 271 271 270 270 270 270 270 270 270 270 270 270 270 270 270 270 270 270 270 270 270 270 270
269 269 268 268 268 268 267 267 267 265 265 264 264 262 262 258 253 253 245 245 238 238 238 238 243 251 251 257 257 259 259 262 262 266 266 270 274 274 277 277 279 279 287 287 294 296 296 300 300 300 300 293 293 284 279 279 276 276 274 274 273 273 272 272 272 271 271 271 271 271 271 271 271 270 270 270 270 270 270 270 270 270 270 270 270 270 270 270 270 270 270 270 270 270
269 269 268 268 268 268 268 267 267 265 265 264 264 261 261 257 252 252 246 246 241 241 242 242 246 252 252 258 258 261 261 265 265 268 268 272 274 274 275 275 278 278 284 284 291 292 292 293 293 295 295 293 293 285 279 279 276 276 274 274 273 273 272 271 271 271 271 271 271 271 271 270 270 270 270 270 270 270 270 270 270 270 270 270 270 270 270 270 270 270 270 270 270 270
269 269 268 268 268 268 268 267 267 265 265 264 264 261 261 257 252 252 246 246 241 241 242 242 246 252 252 258 258 261 261 265 265 268 268 272 274 274 275 275 278 278 284 284 291 292 292 293 293 295 295 293 293 285 279 279 276 276 274 274 273 273 272 271 271 271 271 271 271 271 271 270 270 270 270 270 270 270 270 270 270 270 270 270 270 270 270 270 270 270 270 270 270 270
269 269 268 268 268 268 268 267 267 265 265 264 264 261 261 256 251 251 248 248 246 246 248 248 251 254 254 261 261 265 265 268 268 271 271 274 275 275 274 274 276 276 280 280 284 287 287 286 286 286 286 289 289 284 278 278 275 275 273 273 272 272 271 271 271 271 271 271 271 271 271 270 270 270 270 270 270 270 270 270 270 270 270 270 270 270 270 270 270 270 270 270 270 270
269 269 268 268 268 268 268 267 267 265 265 264 264 261 261 256 251 251 248 248 246 246 248 248 251 254 254 261 261 265 265 268 268 271 271 274 275 275 274 274 276 276 280 280 284 287 287 286 286 286 286 289 289 284 278 278 275 275 273 273 272 272 271 271 271 271 271 271 271 271 271 270 270 270 270 270 270 270 270 270 270 270 270 270 270 270 270 270 270 270 270 270 270 270
269 269 269 269 268 268 268 267 267 265 265 263 263 260 260 255 250 250 250 250 250 250 253 253 256 259 259 266 266 269 269 271 271 273 273 275 275 275 272 272 271 271 273 273 277 281 281 281 281 280 280 283 283 282 277 277 274 274 272 272 271 271 271 271 271 271 271 270 270 270 270 270 270 270 270 270 270 270 270 270 270 270 270 270 270 270 270 270 270 270 270 270 270 270
