data/AilsaCraig_270_1_25m_vel_5m.asc
ncols	257
nrows	257
xllcorner	3364200.000000
yllcorner	3669375.000000
cellsize	25.000000
NODATA_value	-1.000000
[rows 152 to 189 of 257, columns 84 to 167 of 257]
2.28 2.28 2.27 2.27 2.27 2.26 2.25 2.25 2.24 2.23 2.23 2.22 2.21 2.20 2.19 2.18 2.17 2.16 2.15 2.14 2.13 2.12 2.11 2.11 2.10 2.11 2.11 2.13 2.15 2.18 2.23 2.29 2.35 2.47 2.82 3.13 3.11 3.29 3.77 3.92 3.42 3.13 3.08 2.69 2.24 1.99 1.93 1.97 2.02 2.06 2.10 2.15 2.18 2.20 2.25 2.33 2.35 2.31 2.27 2.23 2.21 2.20 2.19 2.19 2.18 2.18 2.19 2.20 2.21 2.22 2.22 2.23 2.23 2.23 2.24 2.24 2.25 2.25 2.26 2.26 2.26 2.27 2.27 2.28
2.28 2.28 2.28 2.27 2.27 2.26 2.26 2.25 2.25 2.24 2.23 2.23 2.22 2.21 2.20 2.19 2.19 2.18 2.17 2.17 2.16 2.15 2.15 2.14 2.14 2.15 2.16 2.17 2.19 2.23 2.27 2.33 2.40 2.49 2.75 2.88 2.85 3.11 3.49 3.66 3.44 3.24 3.11 2.70 2.25 2.07 2.06 2.08 2.10 2.11 2.14 2.19 2.21 2.22 2.24 2.29 2.32 2.29 2.27 2.25 2.22 2.21 2.21 2.21 2.21 2.20 2.20 2.22 2.23 2.23 2.23 2.23 2.23 2.24 2.24 2.25 2.25 2.26 2.26 2.26 2.27 2.27 2.28 2.28
2.29 2.28 2.28 2.28 2.27 2.27 2.26 2.26 2.25 2.25 2.24 2.23 2.23 2.22 2.21 2.21 2.20 2.20 2.19 2.18 2.18 2.18 2.18 2.17 2.18 2.18 2.20 2.21 2.23 2.26 2.30 2.35 2.42 2.51 2.64 2.68 2.79 2.96 3.07 3.29 3.31 3.22 3.06 2.70 2.32 2.15 2.15 2.16 2.16 2.17 2.19 2.22 2.24 2.23 2.23 2.28 2.31 2.29 2.27 2.26 2.23 2.22 2.23 2.23 2.22 2.21 2.22 2.23 2.23 2.24 2.24 2.24 2.24 2.25 2.25 2.25 2.26 2.26 2.26 2.27 2.27 2.28 2.28 2.28
2.29 2.28 2.28 2.28 2.28 2.27 2.27 2.26 2.26 2.25 2.25 2.24 2.24 2.23 2.22 2.22 2.21 2.21 2.21 2.20 2.20 2.20 2.20 2.20 2.21 2.21 2.22 2.24 2.26 2.29 2.32 2.36 2.42 2.50 2.56 2.63 2.73 2.79 2.86 2.99 3.04 3.05 2.93 2.67 2.42 2.26 2.22 2.21 2.21 2.23 2.22 2.25 2.26 2.23 2.24 2.28 2.30 2.29 2.27 2.26 2.24 2.23 2.24 2.24 2.23 2.22 2.23 2.24 2.24 2.24 2.24 2.25 2.25 2.25 2.25 2.26 2.26 2.27 2.27 2.27 2.28 2.28 2.28 2.28
2.29 2.29 2.28 2.28 2.28 2.27 2.27 2.27 2.26 2.26 2.25 2.25 2.24 2.24 2.23 2.23 2.23 2.22 2.22 2.22 2.22 2.22 2.22 2.22 2.23 2.24 2.25 2.26 2.28 2.30 2.34 2.38 2.41 2.47 2.53 2.59 2.64 2.69 2.75 2.78 2.81 2.83 2.75 2.60 2.47 2.35 2.27 2.25 2.26 2.26 2.25 2.27 2.26 2.24 2.26 2.29 2.30 2.29 2.26 2.26 2.25 2.24 2.25 2.25 2.24 2.23 2.24 2.25 2.25 2.25 2.25 2.25 2.25 2.26 2.26 2.26 2.27 2.27 2.27 2.28 2.28 2.28 2.28 2.29
2.29 2.29 2.29 2.28 2.28 2.28 2.27 2.27 2.27 2.26 2.26 2.25 2.25 2.25 2.24 2.24 2.24 2.23 2.23 2.23 2.23 2.23 2.23 2.24 2.24 2.25 2.27 2.28 2.30 2.32 2.34 2.38 2.41 2.45 2.49 2.54 2.58 2.62 2.65 2.66 2.67 2.66 2.60 2.53 2.46 2.39 2.32 2.29 2.29 2.28 2.28 2.27 2.25 2.26 2.28 2.30 2.30 2.28 2.27 2.26 2.25 2.25 2.26 2.26 2.25 2.24 2.25 2.25 2.25 2.25 2.26 2.26 2.26 2.26 2.27 2.27 2.27 2.27 2.28 2.28 2.28 2.28 2.29 2.29
2.29 2.29 2.29 2.29 2.28 2.28 2.28 2.27 2.27 2.27 2.26 2.26 2.26 2.25 2.25 2.25 2.25 2.24 2.24 2.24 2.24 2.24 2.25 2.25 2.26 2.27 2.28 2.29 2.30 2.33 2.35 2.37 2.41 2.43 2.46 2.50 2.53 2.55 2.57 2.58 2.58 2.56 2.52 2.48 2.44 2.39 2.34 2.31 2.30 2.31 2.30 2.27 2.26 2.28 2.29 2.30 2.29 2.28 2.27 2.27 2.26 2.26 2.26 2.26 2.25 2.25 2.26 2.26 2.26 2.26 2.26 2.26 2.27 2.27 2.27 2.27 2.27 2.28 2.28 2.28 2.28 2.29 2.29 2.29
2.29 2.29 2.29 2.29 2.29 2.28 2.28 2.28 2.28 2.27 2.27 2.27 2.26 2.26 2.26 2.26 2.25 2.25 2.25 2.25 2.25 2.25 2.26 2.26 2.27 2.28 2.29 2.30 2.31 2.33 2.35 2.37 2.39 2.42 2.44 2.46 2.49 2.51 2.52 2.52 2.51 2.50 2.48 2.44 2.42 2.39 2.35 2.32 2.31 2.32 2.31 2.28 2.28 2.29 2.30 2.30 2.29 2.28 2.28 2.27 2.27 2.26 2.27 2.26 2.26 2.26 2.26 2.26 2.27 2.27 2.27 2.27 2.27 2.27 2.27 2.28 2.28 2.28 2.28 2.28 2.29 2.29 2.29 2.29
2.29 2.29 2.29 2.29 2.29 2.28 2.28 2.28 2.28 2.28 2.27 2.27 2.27 2.27 2.26 2.26 2.26 2.26 2.26 2.26 2.26 2.26 2.27 2.27 2.28 2.29 2.29 2.31 2.32 2.33 2.35 2.37 2.38 2.40 2.43 2.44 2.45 2.47 2.47 2.47 2.47 2.46 2.44 2.42 2.40 2.38 2.35 2.33 2.32 2.33 2.31 2.29 2.29 2.30 2.31 2.30 2.29 2.28 2.28 2.28 2.27 2.27 2.27 2.27 2.27 2.27 2.27 2.27 2.27 2.27 2.27 2.27 2.27 2.28 2.28 2.28 2.28 2.28 2.29 2.29 2.29 2.29 2.29 2.29
2.30 2.29 2.29 2.29 2.29 2.29 2.29 2.28 2.28 2.28 2.28 2.28 2.27 2.27 2.27 2.27 2.27 2.26 2.27 2.27 2.27 2.27 2.27 2.28 2.28 2.29 2.30 2.31 2.32 2.33 2.34 2.36 2.37 2.38 2.40 2.42 2.42 2.43 2.44 2.44 2.44 2.43 2.42 2.40 2.38 2.37 2.35 2.33 2.33 2.33 2.31 2.30 2.30 2.30 2.31 2.30 2.29 2.29 2.28 2.28 2.27 2.27 2.27 2.27 2.27 2.27 2.27 2.27 2.27 2.27 2.28 2.28 2.28 2.28 2.28 2.28 2.28 2.29 2.29 2.29 2.29 2.29 2.29 2.30
2.30 2.30 2.29 2.29 2.29 2.29 2.29 2.29 2.28 2.28 2.28 2.28 2.28 2.27 2.28 2.27 2.27 2.27 2.27 2.28 2.27 2.28 2.28 2.28 2.29 2.29 2.30 2.31 2.32 2.33 2.34 2.35 2.36 2.38 2.38 2.40 2.41 2.41 2.41 2.42 2.41 2.40 2.40 2.38 2.37 2.36 2.35 2.34 2.33 2.33 2.32 2.31 2.30 2.31 2.30 2.30 2.29 2.29 2.28 2.28 2.28 2.28 2.28 2.28 2.28 2.28 2.28 2.28 2.28 2.28 2.28 2.28 2.28 2.28 2.28 2.29 2.29 2.29 2.29 2.29 2.29 2.29 2.30 2.30
2.30 2.30 2.30 2.29 2.29 2.29 2.29 2.29 2.29 2.28 2.29 2.28 2.28 2.28 2.28 2.28 2.28 2.28 2.28 2.28 2.28 2.28 2.29 2.29 2.29 2.30 2.30 2.31 2.32 2.33 2.34 2.35 2.35 2.37 2.37 2.38 2.39 2.39 2.39 2.39 2.39 2.39 2.38 2.37 2.37 2.35 2.34 2.34 2.33 2.33 2.32 2.31 2.31 2.31 2.30 2.30 2.29 2.29 2.29 2.28 2.28 2.28 2.28 2.28 2.28 2.28 2.28 2.28 2.28 2.28 2.28 2.28 2.29 2.29 2.29 2.29 2.29 2.29 2.29 2.29 2.29 2.30 2.30 2.30
2.30 2.30 2.30 2.30 2.30 2.29 2.29 2.29 2.29 2.29 2.29 2.29 2.28 2.28 2.28 2.28 2.28 2.28 2.28 2.28 2.28 2.29 2.29 2.29 2.30 2.30 2.31 2.31 2.32 2.33 2.33 2.34 2.35 2.35 2.36 2.37 2.37 2.38 2.38 2.38 2.38 2.37 2.37 2.36 2.36 2.35 2.34 2.33 2.33 2.32 2.32 2.31 2.31 2.31 2.30 2.30 2.30 2.29 2.29 2.29 2.29 2.29 2.28 2.28 2.28 2.28 2.28 2.28 2.29 2.29 2.29 2.29 2.29 2.29 2.29 2.29 2.29 2.29 2.29 2.30 2.30 2.30 2.30 2.30
2.30 2.30 2.30 2.30 2.30 2.30 2.29 2.29 2.29 2.29 2.29 2.29 2.29 2.29 2.29 2.28 2.29 2.29 2.29 2.29 2.29 2.29 2.29 2.29 2.30 2.30 2.31 2.31 2.32 2.33 2.33 2.34 2.34 2.35 2.35 2.36 2.36 2.36 2.37 2.37 2.37 2.36 2.36 2.35 2.35 2.34 2.34 2.33 2.33 2.32 2.32 2.31 2.31 2.31 2.30 2.30 2.30 2.29 2.29 2.29 2.29 2.29 2.29 2.29 2.29 2.29 2.29 2.29 2.29 2.29 2.29 2.29 2.29 2.29 2.29 2.29 2.29 2.29 2.30 2.30 2.30 2.30 2.30 2.30
2.30 2.30 2.30 2.30 2.30 2.30 2.30 2.30 2.29 2.29 2.29 2.29 2.29 2.29 2.29 2.29 2.29 2.29 2.29 2.29 2.29 2.29 2.30 2.30 2.30 2.31 2.31 2.31 2.32 2.32 2.33 2.33 2.34 2.34 2.35 2.35 2.35 2.36 2.36 2.36 2.36 2.35 2.35 2.35 2.34 2.34 2.33 2.33 2.32 2.32 2.32 2.31 2.31 2.31 2.30 2.30 2.30 2.30 2.29 2.29 2.29 2.29 2.29 2.29 2.29 2.29 2.29 2.29 2.29 2.29 2.29 2.29 2.29 2.29 2.29 2.29 2.30 2.30 2.30 2.30 2.30 2.30 2.30 2.30
2.30 2.30 2.30 2.30 2.30 2.30 2.30 2.30 2.30 2.29 2.29 2.29 2.29 2.29 2.29 2.29 2.29 2.29 2.29 2.29 2.29 2.29 2.30 2.30 2.30 2.31 2.31 2.31 2.32 2.32 2.32 2.33 2.33 2.34 2.34 2.34 2.35 2.35 2.35 2.35 2.35 2.35 2.34 2.34 2.34 2.33 2.33 2.33 2.32 2.32 2.32 2.31 2.31 2.31 2.30 2.30 2.30 2.30 2.29 2.29 2.29 2.29 2.29 2.29 2.29 2.29 2.29 2.29 2.29 2.29 2.29 2.29 2.29 2.29 2.30 2.30 2.30 2.30 2.30 2.30 2.30 2.30 2.30 2.30
2.30 2.30 2.30 2.30 2.30 2.30 2.30 2.30 2.30 2.30 2.30 2.30 2.29 2.29 2.29 2.29 2.29 2.29 2.29 2.30 2.30 2.30 2.30 2.30 2.31 2.31 2.31 2.31 2.31 2.32 2.32 2.33 2.33 2.33 2.34 2.34 2.34 2.34 2.34 2.34 2.34 2.34 2.34 2.34 2.33 2.33 2.33 2.32 2.32 2.32 2.32 2.31 2.31 2.31 2.30 2.30 2.30 2.30 2.30 2.30 2.30 2.29 2.29 2.29 2.29 2.29 2.29 2.29 2.29 2.29 2.29 2.30 2.30 2.30 2.30 2.30 2.30 2.30 2.30 2.30 2.30 2.30 2.30 2.30
2.30 2.30 2.30 2.30 2.30 2.30 2.30 2.30 2.30 2.30 2.30 2.30 2.30 2.30 2.30 2.30 2.30 2.30 2.30 2.30 2.30 2.30 2.30 2.30 2.30 2.31 2.31 2.31 2.31 2.32 2.32 2.32 2.33 2.33 2.33 2.33 2.33 2.34 2.34 2.34 2.34 2.33 2.33 2.33 2.33 2.33 2.32 2.32 2.32 2.32 2.31 2.31 2.31 2.31 2.30 2.30 2.30 2.30 2.30 2.30 2.30 2.30 2.30 2.30 2.30 2.30 2.30 2.30 2.30 2.30 2.30 2.30 2.30 2.30 2.30 2.30 2.30 2.30 2.30 2.30 2.30 2.30 2.30 2.30
2.30 2.30 2.30 2.30 2.30 2.30 2.30 2.30 2.30 2.30 2.30 2.30 2.30 2.30 2.30 2.30 2.30 2.30 2.30 2.30 2.30 2.30 2.30 2.30 2.31 2.31 2.31 2.31 2.31 2.32 2.32 2.32 2.32 2.32 2.33 2.33 2.33 2.33 2.33 2.33 2.33 2.33 2.33 2.33 2.33 2.32 2.32 2.32 2.32 2.31 2.31 2.31 2.31 2.31 2.30 2.30 2.30 2.30 2.30 2.30 2.30 2.30 2.30 2.30 2.30 2.30 2.30 2.30 2.30 2.30 2.30 2.30 2.30 2.30 2.30 2.30 2.30 2.30 2.30 2.30 2.30 2.30 2.30 2.30
2.30 2.30 2.30 2.30 2.30 2.30 2.30 2.30 2.30 2.30 2.30 2.30 2.30 2.30 2.30 2.30 2.30 2.30 2.30 2.30 2.30 2.30 2.30 2.30 2.31 2.31 2.31 2.31 2.31 2.31 2.32 2.32 2.32 2.32 2.32 2.33 2.33 2.33 2.33 2.33 2.33 2.33 2.33 2.32 2.32 2.32 2.32 2.32 2.32 2.31 2.31 2.31 2.31 2.31 2.30 2.30 2.30 2.30 2.30 2.30 2.30 2.30 2.30 2.30 2.30 2.30 2.30 2.30 2.30 2.30 2.30 2.30 2.30 2.30 2.30 2.30 2.30 2.30 2.30 2.30 2.30 2.30 2.30 2.30
2.30 2.30 2.30 2.30 2.30 2.30 2.30 2.30 2.30 2.30 2.30 2.30 2.30 2.30 2.30 2.30 2.30 2.30 2.30 2.30 2.30 2.30 2.30 2.30 2.31 2.31 2.31 2.31 2.31 2.31 2.32 2.32 2.32 2.32 2.32 2.32 2.32 2.32 2.32 2.32 2.32 2.32 2.32 2.32 2.32 2.32 2.32 2.32 2.31 2.31 2.31 2.31 2.31 2.31 2.31 2.30 2.30 2.30 2.30 2.30 2.30 2.30 2.30 2.30 2.30 2.30 2.30 2.30 2.30 2.30 2.30 2.30 2.30 2.30 2.30 2.30 2.30 2.30 2.30 2.30 2.30 2.30 2.30 2.30
2.30 2.30 2.30 2.30 2.30 2.30 2.30 2.30 2.30 2.30 2.30 2.30 2.30 2.30 2.30 2.30 2.30 2.30 2.30 2.30 2.30 2.30 2.30 2.31 2.31 2.31 2.31 2.31 2.31 2.31 2.31 2.31 2.32 2.32 2.32 2.32 2.32 2.32 2.32 2.32 2.32 2.32 2.32 2.32 2.32 2.32 2.32 2.31 2.31 2.31 2.31 2.31 2.31 2.31 2.31 2.30 2.30 2.30 2.30 2.30 2.30 2.30 2.30 2.30 2.30 2.30 2.30 2.30 2.30 2.30 2.30 2.30 2.30 2.30 2.30 2.30 2.30 2.30 2.30 2.30 2.30 2.30 2.30 2.30
2.30 2.30 2.30 2.30 2.30 2.30 2.30 2.30 2.30 2.30 2.30 2.30 2.30 2.30 2.30 2.30 2.30 2.30 2.30 2.30 2.30 2.30 2.30 2.31 2.31 2.31 2.31 2.31 2.31 2.31 2.31 2.31 2.31 2.32 2.32 2.32 2.32 2.32 2.32 2.32 2.32 2.32 2.32 2.32 2.32 2.31 2.31 2.31 2.31 2.31 2.31 2.31 2.31 2.31 2.31 2.30 2.30 2.30 2.30 2.30 2.30 2.30 2.30 2.30 2.30 2.30 2.30 2.30 2.30 2.30 2.30 2.30 2.30 2.30 2.30 2.30 2.30 2.30 2.30 2.30 2.30 2.30 2.30 2.30
2.30 2.30 2.30 2.30 2.30 2.30 2.30 2.30 2.30 2.30 2.30 2.30 2.30 2.30 2.30 2.30 2.30 2.30 2.30 2.30 2.30 2.30 2.30 2.31 2.31 2.31 2.31 2.31 2.31 2.31 2.31 2.31 2.31 2.31 2.31 2.32 2.32 2.32 2.32 2.32 2.32 2.32 2.32 2.31 2.31 2.31 2.31 2.31 2.31 2.31 2.31 2.31 2.31 2.31 2.31 2.30 2.30 2.30 2.30 2.30 2.30 2.30 2.30 2.30 2.30 2.30 2.30 2.30 2.30 2.30 2.30 2.30 2.30 2.30 2.30 2.30 2.30 2.30 2.30 2.30 2.30 2.30 2.30 2.30
2.30 2.30 2.30 2.30 2.30 2.30 2.30 2.30 2.30 2.30 2.30 2.30 2.30 2.30 2.30 2.30 2.30 2.30 2.30 2.30 2.30 2.30 2.31 2.31 2.31 2.31 2.31 2.31 2.31 2.31 2.31 2.31 2.31 2.31 2.31 2.31 2.31 2.31 2.31 2.31 2.31 2.31 2.31 2.31 2.31 2.31 2.31 2.31 2.31 2.31 2.31 2.31 2.31 2.31 2.31 2.31 2.30 2.30 2.30 2.30 2.30 2.30 2.30 2.30 2.30 2.30 2.30 2.30 2.30 2.30 2.30 2.30 2.30 2.30 2.30 2.30 2.30 2.30 2.30 2.30 2.30 2.30 2.30 2.30
2.31 2.30 2.30 2.30 2.30 2.30 2.30 2.30 2.30 2.30 2.30 2.30 2.30 2.30 2.30 2.30 2.30 2.30 2.30 2.30 2.30 2.30 2.31 2.31 2.31 2.31 2.31 2.31 2.31 2.31 2.31 2.31 2.31 2.31 2.31 2.31 2.31 2.31 2.31 2.31 2.31 2.31 2.31 2.31 2.31 2.31 2.31 2.31 2.31 2.31 2.31 2.31 2.31 2.31 2.31 2.31 2.30 2.30 2.30 2.30 2.30 2.30 2.30 2.30 2.30 2.30 2.30 2.30 2.30 2.30 2.30 2.30 2.30 2.30 2.30 2.30 2.30 2.30 2.30 2.30 2.30 2.30 2.30 2.31
2.31 2.31 2.30 2.30 2.31 2.30 2.30 2.30 2.30 2.30 2.30 2.30 2.30 2.30 2.30 2.30 2.30 2.30 2.30 2.30 2.30 2.31 2.31 2.31 2.31 2.31 2.31 2.31 2.31 2.31 2.31 2.31 2.31 2.31 2.31 2.31 2.31 2.31 2.31 2.31 2.31 2.31 2.31 2.31 2.31 2.31 2.31 2.31 2.31 2.31 2.31 2.31 2.31 2.31 2.31 2.31 2.31 2.30 2.30 2.30 2.30 2.30 2.30 2.30 2.30 2.30 2.30 2.30 2.30 2.30 2.30 2.30 2.30 2.30 2.30 2.30 2.30 2.30 2.30 2.30 2.30 2.31 2.31 2.31
2.31 2.31 2.31 2.31 2.31 2.31 2.30 2.30 2.30 2.30 2.30 2.30 2.30 2.30 2.30 2.30 2.30 2.30 2.30 2.31 2.31 2.31 2.31 2.31 2.31 2.31 2.31 2.31 2.31 2.31 2.31 2.31 2.31 2.31 2.31 2.31 2.31 2.31 2.31 2.31 2.31 2.31 2.31 2.31 2.31 2.31 2.31 2.31 2.31 2.31 2.31 2.31 2.31 2.31 2.31 2.31 2.31 2.31 2.31 2.30 2.30 2.30 2.30 2.30 2.30 2.30 2.30 2.30 2.30 2.30 2.30 2.30 2.30 2.30 2.30 2.30 2.30 2.30 2.30 2.31 2.31 2.31 2.31 2.31
2.31 2.31 2.31 2.31 2.31 2.31 2.31 2.31 2.31 2.30 2.31 2.30 2.30 2.30 2.30 2.31 2.30 2.31 2.31 2.31 2.31 2.31 2.31 2.31 2.31 2.31 2.31 2.31 2.31 2.31 2.31 2.31 2.31 2.31 2.31 2.31 2.31 2.31 2.31 2.31 2.31 2.31 2.31 2.31 2.31 2.31 2.31 2.31 2.31 2.31 2.31 2.31 2.31 2.31 2.31 2.31 2.31 2.31 2.31 2.31 2.31 2.30 2.30 2.30 2.30 2.30 2.30 2.30 2.30 2.30 2.30 2.30 2.30 2.30 2.30 2.30 2.30 2.31 2.31 2.31 2.31 2.31 2.31 2.31
2.31 2.31 2.31 2.31 2.31 2.31 2.31 2.31 2.31 2.31 2.31 2.31 2.31 2.31 2.31 2.31 2.31 2.31 2.31 2.31 2.31 2.31 2.31 2.31 2.31 2.31 2.31 2.31 2.31 2.31 2.31 2.31 2.31 2.31 2.31 2.31 2.31 2.31 2.31 2.31 2.31 2.31 2.31 2.31 2.31 2.31 2.31 2.31 2.31 2.31 2.31 2.31 2.31 2.31 2.31 2.31 2.31 2.31 2.31 2.31 2.31 2.31 2.31 2.31 2.31 2.30 2.30 2.30 2.30 2.30 2.30 2.30 2.31 2.31 2.31 2.31 2.31 2.31 2.31 2.31 2.31 2.31 2.31 2.31
2.31 2.31 2.31 2.31 2.31 2.31 2.31 2.31 2.31 2.31 2.31 2.31 2.31 2.31 2.31 2.31 2.31 2.31 2.31 2.31 2.31 2.31 2.31 2.31 2.31 2.31 2.31 2.31 2.31 2.31 2.31 2.31 2.31 2.31 2.31 2.31 2.31 2.31 2.31 2.31 2.31 2.31 2.31 2.31 2.31 2.31 2.31 2.31 2.31 2.31 2.31 2.31 2.31 2.31 2.31 2.31 2.31 2.31 2.31 2.31 2.31 2.31 2.31 2.31 2.31 2.31 2.31 2.31 2.31 2.31 2.31 2.31 2.31 2.31 2.31 2.31 2.31 2.31 2.31 2.31 2.31 2.31 2.31 2.31
2.31 2.31 2.31 2.31 2.31 2.31 2.31 2.31 2.31 2.31 2.31 2.31 2.31 2.31 2.31 2.31 2.31 2.31 2.31 2.31 2.31 2.31 2.31 2.31 2.31 2.31 2.31 2.31 2.31 2.31 2.31 2.31 2.31 2.31 2.31 2.31 2.31 2.31 2.31 2.31 2.31 2.31 2.31 2.31 2.31 2.31 2.31 2.31 2.31 2.31 2.31 2.31 2.31 2.31 2.31 2.31 2.31 2.31 2.31 2.31 2.31 2.31 2.31 2.31 2.31 2.31 2.31 2.31 2.31 2.31 2.31 2.31 2.31 2.31 2.31 2.31 2.31 2.31 2.31 2.31 2.31 2.31 2.31 2.31
2.31 2.31 2.31 2.31 2.31 2.31 2.31 2.31 2.31 2.31 2.31 2.31 2.31 2.31 2.31 2.31 2.31 2.31 2.31 2.31 2.31 2.31 2.31 2.31 2.31 2.31 2.31 2.31 2.31 2.31 2.31 2.31 2.31 2.31 2.31 2.31 2.31 2.31 2.31 2.31 2.31 2.31 2.31 2.31 2.31 2.31 2.31 2.31 2.31 2.31 2.31 2.31 2.31 2.31 2.31 2.31 2.31 2.31 2.31 2.31 2.31 2.31 2.31 2.31 2.31 2.31 2.31 2.31 2.31 2.31 2.31 2.31 2.31 2.31 2.31 2.31 2.31 2.31 2.31 2.31 2.31 2.31 2.31 2.31
2.31 2.31 2.31 2.31 2.31 2.31 2.31 2.31 2.31 2.31 2.31 2.31 2.31 2.31 2.31 2.31 2.31 2.31 2.31 2.31 2.31 2.31 2.31 2.31 2.31 2.31 2.31 2.31 2.31 2.31 2.31 2.31 2.31 2.31 2.31 2.31 2.31 2.31 2.31 2.31 2.31 2.31 2.31 2.31 2.31 2.31 2.31 2.31 2.31 2.31 2.31 2.31 2.31 2.31 2.31 2.31 2.31 2.31 2.31 2.31 2.31 2.31 2.31 2.31 2.31 2.31 2.31 2.31 2.31 2.31 2.31 2.31 2.31 2.31 2.31 2.31 2.31 2.31 2.31 2.31 2.31 2.31 2.31 2.31
2.31 2.31 2.31 2.31 2.31 2.31 2.31 2.31 2.31 2.31 2.31 2.31 2.31 2.31 2.31 2.31 2.31 2.31 2.31 2.31 2.31 2.31 2.31 2.31 2.31 2.31 2.31 2.31 2.31 2.31 2.31 2.31 2.31 2.31 2.31 2.31 2.31 2.31 2.31 2.31 2.31 2.31 2.31 2.31 2.31 2.31 2.31 2.31 2.31 2.31 2.31 2.31 2.31 2.31 2.31 2.31 2.31 2.31 2.31 2.31 2.31 2.31 2.31 2.31 2.31 2.31 2.31 2.31 2.31 2.31 2.31 2.31 2.31 2.31 2.31 2.31 2.31 2.31 2.31 2.31 2.31 2.31 2.31 2.31
2.31 2.31 2.31 2.31 2.31 2.31 2.31 2.31 2.31 2.31 2.31 2.31 2.31 2.31 2.31 2.31 2.31 2.31 2.31 2.31 2.31 2.31 2.31 2.31 2.31 2.31 2.31 2.31 2.31 2.31 2.31 2.31 2.31 2.31 2.31 2.31 2.31 2.31 2.31 2.31 2.31 2.31 2.31 2.31 2.31 2.31 2.31 2.31 2.31 2.31 2.31 2.31 2.31 2.31 2.31 2.31 2.31 2.31 2.31 2.31 2.31 2.31 2.31 2.31 2.31 2.31 2.31 2.31 2.31 2.31 2.31 2.31 2.31 2.31 2.31 2.31 2.31 2.31 2.31 2.31 2.31 2.31 2.31 2.31
2.31 2.31 2.31 2.31 2.31 2.31 2.31 2.31 2.31 2.31 2.31 2.31 2.31 2.31 2.31 2.31 2.31 2.31 2.31 2.31 2.31 2.31 2.31 2.31 2.31 2.31 2.31 2.31 2.31 2.31 2.31 2.31 2.31 2.31 2.31 2.31 2.31 2.31 2.31 2.31 2.31 2.31 2.31 2.31 2.31 2.31 2.31 2.31 2.31 2.31 2.31 2.31 2.31 2.31 2.31 2.31 2.31 2.31 2.31 2.31 2.31 2.31 2.31 2.31 2.31 2.31 2.31 2.31 2.31 2.31 2.31 2.31 2.31 2.31 2.31 2.31 2.31 2.31 2.31 2.31 2.31 2.31 2.31 2.31
2.31 2.31 2.31 2.31 2.31 2.31 2.31 2.31 2.31 2.31 2.31 2.31 2.31 2.31 2.31 2.31 2.31 2.31 2.31 2.31 2.31 2.31 2.31 2.31 2.31 2.31 2.31 2.31 2.31 2.31 2.31 2.31 2.31 2.31 2.31 2.31 2.31 2.31 2.31 2.31 2.31 2.31 2.31 2.31 2.31 2.31 2.31 2.31 2.31 2.31 2.31 2.31 2.31 2.31 2.31 2.31 2.31 2.31 2.31 2.31 2.31 2.31 2.31 2.31 2.31 2.31 2.31 2.31 2.31 2.31 2.31 2.31 2.31 2.31 2.31 2.31 2.31 2.31 2.31 2.31 2.31 2.31 2.31 2.31
