data/AilsaCraig_270_1_25m_vel_20m.asc
ncols	257
nrows	257
xllcorner	3364200.000000
yllcorner	3669375.000000
cellsize	25.000000
NODATA_value	-1.000000
[rows 76 to 113 of 257, columns 84 to 167 of 257]
1.43 1.43 1.43 1.43 1.43 1.43 1.43 1.43 1.43 1.43 1.43 1.43 1.43 1.43 1.43 1.43 1.43 1.43 1.43 1.43 1.43 1.43 1.43 1.43 1.43 1.43 1.43 1.43 1.43 1.43 1.43 1.43 1.43 1.43 1.43 1.43 1.44 1.44 1.44 1.44 1.44 1.44 1.44 1.44 1.44 1.44 1.44 1.44 1.44 1.44 1.44 1.44 1.43 1.43 1.43 1.43 1.43 1.43 1.43 1.43 1.43 1.43 1.43 1.43 1.43 1.43 1.43 1.43 1.43 1.43 1.43 1.43 1.43 1.43 1.43 1.43 1.43 1.43 1.43 1.43 1.43 1.43 1.43 1.43
1.43 1.43 1.43 1.43 1.43 1.43 1.43 1.43 1.43 1.43 1.43 1.43 1.43 1.43 1.43 1.43 1.43 1.43 1.43 1.43 1.43 1.43 1.43 1.43 1.43 1.43 1.43 1.43 1.43 1.43 1.43 1.43 1.43 1.43 1.43 1.44 1.44 1.44 1.44 1.44 1.44 1.44 1.44 1.44 1.44 1.44 1.44 1.44 1.44 1.44 1.44 1.44 1.44 1.43 1.43 1.43 1.43 1.43 1.43 1.43 1.43 1.43 1.43 1.43 1.43 1.43 1.43 1.43 1.43 1.43 1.43 1.43 1.43 1.43 1.43 1.43 1.43 1.43 1.43 1.43 1.43 1.43 1.43 1.43
1.43 1.43 1.43 1.43 1.43 1.43 1.43 1.43 1.43 1.43 1.43 1.43 1.43 1.43 1.43 1.43 1.43 1.43 1.43 1.43 1.43 1.43 1.43 1.43 1.43 1.43 1.43 1.43 1.43 1.43 1.43 1.43 1.43 1.43 1.44 1.44 1.44 1.44 1.44 1.44 1.44 1.44 1.44 1.44 1.44 1.44 1.44 1.44 1.44 1.44 1.44 1.44 1.44 1.44 1.43 1.43 1.43 1.43 1.43 1.43 1.43 1.43 1.43 1.43 1.43 1.43 1.43 1.43 1.43 1.43 1.43 1.43 1.43 1.43 1.43 1.43 1.43 1.43 1.43 1.43 1.43 1.43 1.43 1.43
1.43 1.43 1.43 1.43 1.43 1.43 1.43 1.43 1.43 1.43 1.43 1.43 1.43 1.43 1.43 1.43 1.43 1.43 1.43 1.43 1.43 1.43 1.43 1.43 1.43 1.43 1.43 1.43 1.43 1.43 1.43 1.43 1.43 1.44 1.44 1.44 1.44 1.44 1.44 1.44 1.44 1.44 1.44 1.44 1.44 1.44 1.44 1.44 1.44 1.44 1.44 1.44 1.44 1.44 1.43 1.43 1.43 1.43 1.43 1.43 1.43 1.43 1.43 1.43 1.43 1.43 1.43 1.43 1.43 1.43 1.43 1.43 1.43 1.43 1.43 1.43 1.43 1.43 1.43 1.43 1.43 1.43 1.43 1.43
1.43 1.43 1.43 1.43 1.43 1.43 1.43 1.43 1.43 1.43 1.43 1.43 1.43 1.43 1.43 1.43 1.43 1.43 1.43 1.43 1.43 1.43 1.43 1.43 1.43 1.43 1.43 1.43 1.43 1.43 1.43 1.43 1.43 1.44 1.44 1.44 1.44 1.44 1.44 1.44 1.44 1.44 1.44 1.44 1.44 1.44 1.44 1.44 1.44 1.44 1.44 1.44 1.44 1.44 1.44 1.43 1.43 1.43 1.43 1.43 1.43 1.43 1.43 1.43 1.43 1.43 1.43 1.43 1.43 1.43 1.43 1.43 1.43 1.43 1.43 1.43 1.43 1.43 1.43 1.43 1.43 1.43 1.43 1.43
1.43 1.43 1.43 1.43 1.43 1.43 1.43 1.43 1.43 1.43 1.43 1.43 1.43 1.43 1.43 1.43 1.43 1.43 1.43 1.43 1.43 1.43 1.43 1.43 1.43 1.43 1.43 1.43 1.43 1.43 1.43 1.43 1.44 1.44 1.44 1.44 1.44 1.44 1.44 1.44 1.44 1.44 1.44 1.44 1.44 1.44 1.44 1.44 1.44 1.44 1.44 1.44 1.44 1.44 1.44 1.44 1.43 1.43 1.43 1.43 1.43 1.43 1.43 1.43 1.43 1.43 1.43 1.43 1.43 1.43 1.43 1.43 1.43 1.43 1.43 1.43 1.43 1.43 1.43 1.43 1.43 1.43 1.43 1.43
1.43 1.43 1.43 1.43 1.43 1.43 1.43 1.43 1.43 1.43 1.43 1.43 1.43 1.43 1.43 1.43 1.43 1.43 1.43 1.43 1.43 1.43 1.43 1.43 1.43 1.43 1.43 1.43 1.43 1.43 1.43 1.43 1.44 1.44 1.44 1.44 1.44 1.44 1.44 1.44 1.44 1.44 1.44 1.44 1.44 1.44 1.44 1.44 1.44 1.44 1.44 1.44 1.44 1.44 1.44 1.44 1.43 1.43 1.43 1.43 1.43 1.43 1.43 1.43 1.43 1.43 1.43 1.43 1.43 1.43 1.43 1.43 1.43 1.43 1.43 1.43 1.43 1.43 1.43 1.43 1.43 1.43 1.43 1.43
1.43 1.43 1.43 1.43 1.43 1.43 1.43 1.43 1.43 1.43 1.43 1.43 1.43 1.43 1.43 1.43 1.43 1.43 1.43 1.43 1.43 1.43 1.43 1.43 1.43 1.43 1.43 1.43 1.43 1.43 1.43 1.43 1.44 1.44 1.44 1.44 1.44 1.44 1.44 1.44 1.44 1.44 1.44 1.44 1.44 1.44 1.44 1.44 1.44 1.44 1.44 1.44 1.44 1.44 1.44 1.44 1.44 1.43 1.43 1.43 1.43 1.43 1.43 1.43 1.43 1.43 1.43 1.43 1.43 1.43 1.43 1.43 1.43 1.43 1.43 1.43 1.43 1.43 1.43 1.43 1.43 1.43 1.43 1.43
1.43 1.43 1.43 1.43 1.43 1.43 1.43 1.43 1.43 1.43 1.43 1.43 1.43 1.43 1.43 1.43 1.43 1.43 1.43 1.43 1.43 1.43 1.43 1.43 1.43 1.43 1.43 1.43 1.43 1.43 1.43 1.43 1.44 1.44 1.44 1.44 1.44 1.44 1.44 1.44 1.44 1.44 1.44 1.44 1.44 1.44 1.44 1.44 1.44 1.44 1.44 1.44 1.44 1.44 1.44 1.44 1.44 1.43 1.43 1.43 1.43 1.43 1.43 1.43 1.43 1.43 1.43 1.43 1.43 1.43 1.43 1.43 1.43 1.43 1.43 1.43 1.43 1.43 1.43 1.43 1.43 1.43 1.43 1.43
1.43 1.43 1.43 1.43 1.43 1.43 1.43 1.43 1.43 1.43 1.43 1.43 1.43 1.43 1.43 1.43 1.43 1.43 1.43 1.43 1.43 1.43 1.43 1.43 1.43 1.43 1.43 1.43 1.43 1.43 1.43 1.44 1.44 1.44 1.44 1.44 1.44 1.44 1.44 1.44 1.44 1.44 1.44 1.44 1.44 1.44 1.44 1.44 1.44 1.44 1.44 1.44 1.44 1.44 1.44 1.44 1.44 1.44 1.43 1.43 1.43 1.43 1.43 1.43 1.43 1.43 1.43 1.43 1.43 1.43 1.43 1.43 1.43 1.43 1.43 1.43 1.43 1.43 1.43 1.43 1.43 1.43 1.43 1.43
1.43 1.43 1.43 1.43 1.43 1.43 1.43 1.43 1.43 1.43 1.43 1.43 1.43 1.43 1.43 1.43 1.43 1.43 1.43 1.43 1.43 1.43 1.43 1.43 1.43 1.43 1.43 1.43 1.43 1.43 1.43 1.44 1.44 1.44 1.44 1.44 1.44 1.44 1.44 1.44 1.44 1.44 1.44 1.44 1.44 1.44 1.44 1.44 1.44 1.44 1.44 1.44 1.44 1.44 1.44 1.44 1.44 1.44 1.43 1.43 1.43 1.43 1.43 1.43 1.43 1.43 1.43 1.43 1.43 1.43 1.43 1.43 1.43 1.43 1.43 1.43 1.43 1.43 1.43 1.43 1.43 1.43 1.43 1.43
1.43 1.43 1.43 1.43 1.43 1.43 1.43 1.43 1.43 1.43 1.43 1.43 1.43 1.43 1.43 1.43 1.43 1.43 1.43 1.43 1.43 1.43 1.43 1.43 1.43 1.43 1.43 1.43 1.43 1.43 1.43 1.44 1.44 1.44 1.44 1.44 1.44 1.44 1.44 1.44 1.44 1.44 1.44 1.44 1.44 1.44 1.44 1.44 1.44 1.44 1.44 1.44 1.44 1.44 1.44 1.44 1.44 1.44 1.43 1.43 1.43 1.43 1.43 1.43 1.43 1.43 1.43 1.43 1.43 1.43 1.43 1.43 1.43 1.43 1.43 1.43 1.43 1.43 1.43 1.43 1.43 1.43 1.43 1.43
1.43 1.43 1.43 1.43 1.43 1.43 1.43 1.43 1.43 1.43 1.43 1.43 1.43 1.43 1.43 1.43 1.43 1.43 1.43 1.43 1.43 1.43 1.43 1.43 1.43 1.43 1.43 1.43 1.43 1.43 1.43 1.44 1.44 1.44 1.44 1.44 1.44 1.44 1.44 1.44 1.44 1.44 1.44 1.44 1.44 1.44 1.44 1.44 1.44 1.44 1.44 1.44 1.44 1.44 1.44 1.44 1.44 1.44 1.43 1.43 1.43 1.43 1.43 1.43 1.43 1.43 1.43 1.43 1.43 1.43 1.43 1.43 1.43 1.43 1.43 1.43 1.43 1.43 1.43 1.43 1.43 1.43 1.43 1.43
1.43 1.43 1.43 1.43 1.43 1.43 1.43 1.43 1.43 1.43 1.43 1.43 1.43 1.43 1.43 1.43 1.43 1.43 1.43 1.43 1.43 1.43 1.43 1.43 1.43 1.43 1.43 1.43 1.43 1.43 1.43 1.44 1.44 1.44 1.44 1.44 1.44 1.44 1.44 1.44 1.45 1.45 1.45 1.45 1.45 1.45 1.45 1.45 1.45 1.44 1.44 1.44 1.44 1.44 1.44 1.44 1.44 1.44 1.43 1.43 1.43 1.43 1.43 1.43 1.43 1.43 1.43 1.43 1.43 1.43 1.43 1.43 1.43 1.43 1.43 1.43 1.43 1.43 1.43 1.43 1.43 1.43 1.43 1.43
1.43 1.43 1.43 1.43 1.43 1.43 1.43 1.43 1.43 1.43 1.43 1.43 1.43 1.43 1.43 1.43 1.43 1.43 1.43 1.43 1.43 1.43 1.43 1.43 1.43 1.43 1.43 1.43 1.43 1.43 1.43 1.44 1.44 1.44 1.44 1.44 1.44 1.44 1.44 1.45 1.45 1.45 1.45 1.45 1.45 1.45 1.45 1.45 1.45 1.45 1.44 1.44 1.44 1.44 1.44 1.44 1.44 1.44 1.43 1.43 1.43 1.43 1.43 1.43 1.43 1.43 1.43 1.43 1.43 1.43 1.43 1.43 1.43 1.43 1.43 1.43 1.43 1.43 1.43 1.43 1.43 1.43 1.43 1.43
1.43 1.43 1.43 1.43 1.43 1.43 1.43 1.43 1.43 1.43 1.43 1.43 1.43 1.43 1.43 1.43 1.43 1.43 1.43 1.43 1.43 1.43 1.43 1.43 1.43 1.43 1.43 1.43 1.43 1.43 1.43 1.44 1.44 1.44 1.44 1.44 1.44 1.45 1.45 1.45 1.45 1.45 1.45 1.45 1.45 1.45 1.45 1.45 1.45 1.45 1.45 1.44 1.44 1.44 1.44 1.44 1.44 1.44 1.43 1.43 1.43 1.43 1.43 1.43 1.43 1.43 1.43 1.43 1.43 1.43 1.43 1.43 1.43 1.43 1.43 1.43 1.43 1.43 1.43 1.43 1.43 1.43 1.43 1.43
1.43 1.43 1.43 1.43 1.43 1.43 1.43 1.43 1.43 1.43 1.43 1.43 1.43 1.43 1.43 1.43 1.43 1.43 1.43 1.43 1.43 1.43 1.43 1.43 1.43 1.43 1.43 1.43 1.43 1.43 1.43 1.44 1.44 1.44 1.44 1.44 1.45 1.45 1.45 1.45 1.45 1.45 1.45 1.45 1.46 1.45 1.45 1.45 1.45 1.45 1.45 1.45 1.44 1.44 1.44 1.44 1.44 1.44 1.43 1.43 1.43 1.43 1.43 1.43 1.43 1.43 1.43 1.43 1.43 1.43 1.43 1.43 1.43 1.43 1.43 1.43 1.43 1.43 1.43 1.43 1.43 1.43 1.43 1.43
1.43 1.43 1.43 1.43 1.43 1.43 1.43 1.43 1.43 1.43 1.43 1.43 1.43 1.43 1.43 1.43 1.43 1.43 1.43 1.43 1.42 1.42 1.43 1.43 1.43 1.43 1.43 1.43 1.43 1.43 1.43 1.44 1.44 1.44 1.44 1.44 1.45 1.45 1.45 1.45 1.46 1.46 1.46 1.46 1.46 1.46 1.46 1.46 1.45 1.45 1.45 1.45 1.45 1.44 1.44 1.44 1.44 1.44 1.43 1.43 1.43 1.43 1.43 1.43 1.43 1.43 1.43 1.43 1.43 1.43 1.43 1.43 1.43 1.43 1.43 1.43 1.43 1.43 1.43 1.43 1.43 1.43 1.43 1.43
1.43 1.43 1.43 1.43 1.43 1.43 1.43 1.43 1.43 1.43 1.43 1.43 1.43 1.43 1.43 1.43 1.43 1.42 1.42 1.42 1.42 1.42 1.42 1.42 1.42 1.42 1.43 1.43 1.43 1.43 1.43 1.43 1.44 1.44 1.44 1.45 1.45 1.45 1.45 1.46 1.46 1.46 1.46 1.46 1.46 1.46 1.46 1.46 1.46 1.46 1.45 1.45 1.45 1.44 1.44 1.44 1.44 1.44 1.43 1.43 1.43 1.43 1.43 1.43 1.43 1.42 1.42 1.42 1.42 1.42 1.42 1.42 1.43 1.43 1.43 1.43 1.43 1.43 1.43 1.43 1.43 1.43 1.43 1.43
1.43 1.43 1.43 1.43 1.43 1.43 1.43 1.43 1.43 1.43 1.43 1.43 1.43 1.43 1.42 1.42 1.42 1.42 1.42 1.42 1.42 1.42 1.42 1.42 1.42 1.42 1.42 1.43 1.43 1.43 1.43 1.43 1.44 1.44 1.44 1.45 1.45 1.46 1.46 1.46 1.46 1.47 1.47 1.47 1.47 1.47 1.47 1.47 1.46 1.46 1.46 1.45 1.45 1.45 1.44 1.44 1.44 1.43 1.43 1.43 1.43 1.43 1.43 1.42 1.42 1.42 1.42 1.42 1.42 1.42 1.42 1.42 1.42 1.42 1.43 1.43 1.43 1.43 1.43 1.43 1.43 1.43 1.43 1.43
1.43 1.43 1.43 1.43 1.43 1.43 1.43 1.43 1.43 1.43 1.43 1.43 1.43 1.42 1.42 1.42 1.42 1.42 1.42 1.42 1.42 1.42 1.42 1.42 1.42 1.42 1.42 1.42 1.43 1.43 1.43 1.43 1.44 1.44 1.45 1.45 1.45 1.46 1.46 1.47 1.47 1.47 1.47 1.48 1.48 1.48 1.47 1.47 1.47 1.46 1.46 1.46 1.45 1.45 1.44 1.44 1.44 1.43 1.43 1.43 1.43 1.43 1.42 1.42 1.42 1.42 1.42 1.42 1.42 1.42 1.42 1.42 1.42 1.42 1.42 1.42 1.42 1.43 1.43 1.43 1.43 1.43 1.43 1.43
1.43 1.43 1.43 1.43 1.43 1.43 1.43 1.43 1.43 1.43 1.43 1.42 1.42 1.42 1.42 1.42 1.42 1.42 1.42 1.42 1.42 1.42 1.42 1.42 1.42 1.42 1.42 1.42 1.42 1.43 1.43 1.43 1.44 1.44 1.45 1.45 1.46 1.46 1.47 1.47 1.47 1.48 1.48 1.48 1.48 1.48 1.48 1.48 1.47 1.47 1.46 1.46 1.45 1.45 1.44 1.44 1.44 1.43 1.43 1.43 1.43 1.42 1.42 1.42 1.42 1.42 1.42 1.42 1.42 1.42 1.42 1.42 1.42 1.42 1.42 1.42 1.42 1.42 1.43 1.43 1.43 1.43 1.43 1.43
1.43 1.43 1.43 1.43 1.43 1.43 1.43 1.43 1.43 1.43 1.42 1.42 1.42 1.42 1.42 1.42 1.42 1.42 1.42 1.41 1.41 1.41 1.41 1.41 1.41 1.42 1.42 1.42 1.42 1.43 1.43 1.43 1.44 1.44 1.45 1.45 1.46 1.46 1.47 1.48 1.48 1.49 1.49 1.49 1.49 1.49 1.49 1.49 1.48 1.48 1.47 1.46 1.46 1.45 1.45 1.44 1.44 1.43 1.43 1.43 1.42 1.42 1.42 1.42 1.42 1.42 1.42 1.42 1.42 1.42 1.42 1.42 1.42 1.42 1.42 1.42 1.42 1.42 1.42 1.43 1.43 1.43 1.43 1.43
1.43 1.43 1.43 1.43 1.43 1.43 1.43 1.43 1.42 1.42 1.42 1.42 1.42 1.42 1.42 1.42 1.42 1.41 1.41 1.41 1.41 1.41 1.41 1.41 1.41 1.41 1.41 1.42 1.42 1.42 1.43 1.43 1.43 1.44 1.45 1.45 1.46 1.47 1.48 1.49 1.49 1.50 1.50 1.51 1.51 1.51 1.50 1.50 1.49 1.48 1.47 1.47 1.46 1.45 1.45 1.44 1.43 1.43 1.43 1.42 1.42 1.42 1.42 1.41 1.41 1.41 1.41 1.41 1.41 1.41 1.42 1.42 1.42 1.42 1.42 1.42 1.42 1.42 1.42 1.42 1.42 1.43 1.43 1.43
1.43 1.43 1.43 1.43 1.43 1.43 1.43 1.42 1.42 1.42 1.42 1.42 1.42 1.42 1.42 1.41 1.41 1.41 1.41 1.41 1.41 1.41 1.41 1.41 1.41 1.41 1.41 1.41 1.42 1.42 1.42 1.43 1.43 1.44 1.45 1.46 1.46 1.47 1.48 1.50 1.51 1.51 1.52 1.52 1.52 1.52 1.52 1.51 1.50 1.49 1.48 1.47 1.46 1.45 1.45 1.44 1.43 1.43 1.42 1.42 1.42 1.42 1.41 1.41 1.41 1.41 1.41 1.41 1.41 1.41 1.41 1.41 1.41 1.42 1.42 1.42 1.42 1.42 1.42 1.42 1.42 1.42 1.43 1.43
1.43 1.43 1.43 1.43 1.43 1.43 1.42 1.42 1.42 1.42 1.42 1.42 1.42 1.42 1.41 1.41 1.41 1.41 1.41 1.41 1.40 1.40 1.40 1.40 1.40 1.41 1.41 1.41 1.41 1.42 1.42 1.42 1.43 1.43 1.44 1.46 1.47 1.48 1.49 1.51 1.52 1.53 1.54 1.54 1.54 1.54 1.54 1.53 1.51 1.50 1.49 1.47 1.46 1.45 1.44 1.44 1.43 1.42 1.42 1.42 1.41 1.41 1.41 1.41 1.41 1.41 1.41 1.41 1.41 1.41 1.41 1.41 1.41 1.41 1.41 1.42 1.42 1.42 1.42 1.42 1.42 1.42 1.42 1.43
1.43 1.43 1.43 1.43 1.43 1.42 1.42 1.42 1.42 1.42 1.42 1.42 1.41 1.41 1.41 1.41 1.41 1.41 1.40 1.40 1.40 1.40 1.40 1.40 1.40 1.40 1.40 1.40 1.41 1.41 1.41 1.42 1.42 1.43 1.44 1.45 1.47 1.48 1.50 1.52 1.54 1.56 1.56 1.57 1.57 1.57 1.56 1.55 1.53 1.51 1.50 1.48 1.46 1.45 1.44 1.43 1.43 1.42 1.42 1.41 1.41 1.41 1.40 1.40 1.40 1.40 1.40 1.40 1.40 1.40 1.41 1.41 1.41 1.41 1.41 1.41 1.41 1.42 1.42 1.42 1.42 1.42 1.42 1.42
1.43 1.43 1.43 1.43 1.42 1.42 1.42 1.42 1.42 1.42 1.42 1.41 1.41 1.41 1.41 1.41 1.40 1.40 1.40 1.40 1.40 1.40 1.39 1.39 1.39 1.40 1.40 1.40 1.40 1.40 1.41 1.41 1.41 1.42 1.44 1.45 1.47 1.49 1.51 1.54 1.56 1.59 1.60 1.61 1.61 1.60 1.59 1.57 1.55 1.53 1.50 1.48 1.46 1.45 1.44 1.43 1.42 1.41 1.41 1.41 1.40 1.40 1.40 1.40 1.40 1.40 1.40 1.40 1.40 1.40 1.40 1.40 1.41 1.41 1.41 1.41 1.41 1.41 1.42 1.42 1.42 1.42 1.42 1.42
1.43 1.43 1.43 1.42 1.42 1.42 1.42 1.42 1.42 1.42 1.41 1.41 1.41 1.41 1.41 1.40 1.40 1.40 1.40 1.39 1.39 1.39 1.39 1.39 1.39 1.39 1.39 1.39 1.40 1.39 1.39 1.40 1.40 1.41 1.43 1.44 1.47 1.49 1.52 1.56 1.59 1.63 1.65 1.65 1.65 1.65 1.63 1.61 1.58 1.54 1.51 1.48 1.46 1.44 1.43 1.42 1.41 1.41 1.40 1.40 1.40 1.39 1.39 1.39 1.39 1.39 1.39 1.39 1.39 1.40 1.40 1.40 1.40 1.40 1.41 1.41 1.41 1.41 1.41 1.42 1.42 1.42 1.42 1.42
1.43 1.43 1.43 1.42 1.42 1.42 1.42 1.42 1.42 1.41 1.41 1.41 1.41 1.40 1.40 1.40 1.40 1.39 1.39 1.39 1.39 1.39 1.38 1.38 1.38 1.38 1.38 1.38 1.38 1.38 1.38 1.38 1.39 1.40 1.41 1.43 1.46 1.49 1.53 1.58 1.64 1.68 1.71 1.72 1.71 1.70 1.69 1.66 1.61 1.56 1.52 1.48 1.45 1.43 1.42 1.41 1.40 1.40 1.39 1.39 1.39 1.39 1.39 1.39 1.39 1.39 1.39 1.39 1.39 1.39 1.39 1.40 1.40 1.40 1.40 1.41 1.41 1.41 1.41 1.41 1.42 1.42 1.42 1.42
1.43 1.43 1.42 1.42 1.42 1.42 1.42 1.42 1.41 1.41 1.41 1.41 1.40 1.40 1.40 1.40 1.39 1.39 1.39 1.38 1.38 1.38 1.38 1.38 1.38 1.37 1.37 1.37 1.37 1.37 1.36 1.37 1.38 1.39 1.40 1.41 1.44 1.48 1.53 1.60 1.70 1.78 1.81 1.80 1.77 1.77 1.77 1.74 1.67 1.59 1.52 1.47 1.44 1.42 1.40 1.39 1.39 1.38 1.38 1.38 1.38 1.38 1.38 1.38 1.38 1.38 1.38 1.38 1.38 1.39 1.39 1.39 1.39 1.40 1.40 1.40 1.40 1.41 1.41 1.41 1.41 1.42 1.42 1.42
1.43 1.42 1.42 1.42 1.42 1.42 1.42 1.42 1.41 1.41 1.41 1.40 1.40 1.40 1.39 1.39 1.39 1.38 1.38 1.38 1.38 1.37 1.37 1.37 1.37 1.36 1.36 1.36 1.35 1.35 1.35 1.35 1.36 1.37 1.37 1.39 1.42 1.46 1.51 1.61 1.78 1.96 1.98 1.89 1.84 1.85 1.88 1.86 1.74 1.60 1.50 1.44 1.41 1.39 1.38 1.38 1.37 1.37 1.37 1.37 1.37 1.37 1.37 1.37 1.37 1.37 1.37 1.38 1.38 1.38 1.38 1.39 1.39 1.39 1.40 1.40 1.40 1.40 1.41 1.41 1.41 1.41 1.42 1.42
1.43 1.42 1.42 1.42 1.42 1.42 1.42 1.41 1.41 1.41 1.40 1.40 1.40 1.39 1.39 1.39 1.38 1.38 1.38 1.37 1.37 1.37 1.37 1.36 1.36 1.35 1.35 1.34 1.34 1.33 1.33 1.33 1.33 1.34 1.35 1.36 1.38 1.42 1.48 1.57 1.80 2.13 2.22 2.04 1.95 1.95 1.99 1.95 1.79 1.58 1.45 1.40 1.38 1.37 1.36 1.36 1.35 1.35 1.35 1.35 1.35 1.35 1.36 1.36 1.36 1.36 1.37 1.37 1.37 1.37 1.38 1.38 1.38 1.39 1.39 1.39 1.40 1.40 1.40 1.41 1.41 1.41 1.41 1.42
1.42 1.42 1.42 1.42 1.42 1.42 1.41 1.41 1.41 1.41 1.40 1.40 1.39 1.39 1.39 1.38 1.38 1.37 1.37 1.37 1.36 1.36 1.36 1.35 1.34 1.34 1.33 1.32 1.32 1.32 1.31 1.31 1.31 1.31 1.31 1.32 1.33 1.37 1.43 1.53 1.78 2.22 2.41 2.29 2.09 2.03 2.05 1.97 1.75 1.47 1.35 1.35 1.34 1.34 1.34 1.34 1.34 1.33 1.33 1.33 1.34 1.34 1.34 1.35 1.35 1.35 1.36 1.36 1.36 1.37 1.37 1.38 1.38 1.38 1.39 1.39 1.40 1.40 1.40 1.41 1.41 1.41 1.41 1.42
1.42 1.42 1.42 1.42 1.42 1.41 1.41 1.41 1.41 1.40 1.40 1.40 1.39 1.39 1.38 1.38 1.37 1.37 1.36 1.36 1.36 1.36 1.35 1.34 1.33 1.32 1.31 1.31 1.30 1.30 1.29 1.28 1.28 1.27 1.27 1.27 1.27 1.29 1.36 1.49 1.81 2.28 2.51 2.37 2.12 2.04 2.04 1.91 1.60 1.27 1.23 1.30 1.32 1.32 1.32 1.32 1.32 1.31 1.31 1.31 1.32 1.32 1.33 1.33 1.34 1.34 1.35 1.35 1.36 1.36 1.37 1.37 1.37 1.38 1.38 1.39 1.39 1.40 1.40 1.40 1.41 1.41 1.41 1.41
1.42 1.42 1.42 1.42 1.42 1.41 1.41 1.41 1.40 1.40 1.40 1.39 1.39 1.38 1.38 1.37 1.37 1.36 1.36 1.35 1.35 1.35 1.34 1.33 1.31 1.30 1.30 1.29 1.28 1.27 1.26 1.25 1.25 1.24 1.23 1.22 1.21 1.19 1.25 1.41 1.81 2.32 2.56 2.38 2.07 1.99 1.99 1.78 1.36 1.09 1.14 1.27 1.33 1.32 1.30 1.30 1.29 1.29 1.29 1.29 1.30 1.30 1.31 1.32 1.32 1.33 1.34 1.34 1.35 1.35 1.36 1.36 1.37 1.37 1.38 1.38 1.39 1.39 1.40 1.40 1.40 1.41 1.41 1.41
1.42 1.42 1.42 1.42 1.41 1.41 1.41 1.41 1.40 1.40 1.39 1.39 1.38 1.38 1.37 1.37 1.36 1.36 1.35 1.35 1.35 1.34 1.32 1.31 1.30 1.29 1.28 1.27 1.26 1.25 1.23 1.22 1.21 1.20 1.19 1.18 1.14 1.10 1.13 1.33 1.76 2.35 2.54 2.32 1.96 1.94 1.92 1.59 1.09 0.98 1.11 1.26 1.34 1.34 1.30 1.28 1.26 1.26 1.26 1.26 1.27 1.28 1.29 1.30 1.31 1.31 1.32 1.33 1.34 1.34 1.35 1.36 1.36 1.37 1.37 1.38 1.38 1.39 1.39 1.40 1.40 1.40 1.41 1.41
1.42 1.42 1.42 1.41 1.41 1.41 1.41 1.40 1.40 1.39 1.39 1.38 1.38 1.37 1.37 1.36 1.36 1.35 1.35 1.34 1.34 1.33 1.31 1.29 1.28 1.27 1.26 1.24 1.23 1.22 1.20 1.19 1.17 1.17 1.17 1.15 1.08 1.01 1.06 1.24 1.72 2.39 2.53 2.24 1.88 1.90 1.85 1.37 0.99 1.00 1.14 1.26 1.36 1.39 1.34 1.27 1.23 1.22 1.22 1.23 1.24 1.25 1.26 1.27 1.29 1.30 1.31 1.32 1.33 1.34 1.34 1.35 1.36 1.36 1.37 1.37 1.38 1.39 1.39 1.39 1.40 1.40 1.41 1.41
