data/AilsaCraig_270_1_25m_vel_50m.asc
ncols	257
nrows	257
xllcorner	3364200.000000
yllcorner	3669375.000000
cellsize	25.000000
NODATA_value	-1.000000
[rows 114 to 151 of 257, columns 84 to 167 of 257]
1.59 1.58 1.58 1.58 1.57 1.57 1.57 1.56 1.56 1.55 1.55 1.54 1.54 1.53 1.53 1.52 1.52 1.51 1.50 1.49 1.48 1.47 1.46 1.45 1.44 1.42 1.41 1.40 1.39 1.37 1.36 1.35 1.34 1.34 1.34 1.32 1.27 1.23 1.32 1.68 2.15 2.36 2.39 2.35 2.23 2.12 2.01 1.79 1.56 1.47 1.49 1.53 1.57 1.59 1.57 1.49 1.43 1.39 1.39 1.39 1.40 1.40 1.41 1.42 1.44 1.45 1.46 1.47 1.48 1.49 1.50 1.51 1.51 1.52 1.53 1.53 1.54 1.54 1.55 1.55 1.56 1.56 1.57 1.57
1.58 1.58 1.58 1.57 1.57 1.57 1.56 1.56 1.55 1.55 1.54 1.54 1.53 1.53 1.52 1.51 1.51 1.50 1.49 1.48 1.47 1.46 1.44 1.43 1.42 1.40 1.39 1.37 1.36 1.34 1.33 1.31 1.30 1.31 1.32 1.31 1.26 1.23 1.36 1.76 2.20 2.38 2.42 2.39 2.26 2.15 2.03 1.87 1.70 1.59 1.57 1.57 1.59 1.60 1.58 1.51 1.40 1.35 1.34 1.35 1.36 1.37 1.38 1.40 1.41 1.43 1.44 1.45 1.47 1.48 1.49 1.50 1.51 1.51 1.52 1.53 1.53 1.54 1.54 1.55 1.55 1.56 1.56 1.57
1.58 1.58 1.58 1.57 1.57 1.56 1.56 1.56 1.55 1.54 1.54 1.53 1.53 1.52 1.52 1.51 1.50 1.49 1.48 1.47 1.46 1.44 1.43 1.41 1.40 1.38 1.36 1.34 1.32 1.30 1.29 1.27 1.27 1.29 1.31 1.30 1.27 1.26 1.45 1.85 2.23 2.38 2.44 2.42 2.31 2.20 2.08 1.96 1.83 1.71 1.64 1.61 1.61 1.61 1.59 1.52 1.38 1.31 1.30 1.30 1.32 1.34 1.35 1.37 1.39 1.40 1.42 1.44 1.45 1.47 1.48 1.49 1.50 1.51 1.52 1.52 1.53 1.53 1.54 1.55 1.55 1.56 1.56 1.57
1.58 1.58 1.57 1.57 1.57 1.56 1.56 1.55 1.55 1.54 1.54 1.53 1.52 1.52 1.51 1.50 1.49 1.48 1.47 1.46 1.44 1.43 1.41 1.39 1.37 1.35 1.33 1.31 1.29 1.26 1.24 1.23 1.25 1.28 1.30 1.30 1.29 1.34 1.55 1.92 2.24 2.38 2.45 2.44 2.35 2.24 2.13 2.01 1.92 1.81 1.71 1.66 1.63 1.62 1.59 1.53 1.40 1.28 1.24 1.25 1.27 1.29 1.32 1.34 1.36 1.38 1.40 1.42 1.44 1.45 1.47 1.48 1.49 1.50 1.51 1.52 1.52 1.53 1.54 1.54 1.55 1.55 1.56 1.56
1.58 1.58 1.57 1.57 1.56 1.56 1.55 1.55 1.54 1.54 1.53 1.52 1.52 1.51 1.50 1.50 1.49 1.48 1.46 1.45 1.43 1.41 1.39 1.37 1.35 1.33 1.30 1.27 1.24 1.22 1.19 1.20 1.24 1.28 1.31 1.31 1.33 1.42 1.64 1.95 2.22 2.37 2.43 2.43 2.36 2.28 2.17 2.06 1.97 1.87 1.77 1.70 1.65 1.62 1.58 1.52 1.43 1.25 1.19 1.19 1.22 1.25 1.28 1.31 1.33 1.36 1.38 1.40 1.42 1.44 1.46 1.47 1.48 1.49 1.50 1.51 1.52 1.53 1.53 1.54 1.55 1.55 1.56 1.56
1.58 1.57 1.57 1.57 1.56 1.56 1.55 1.55 1.54 1.53 1.53 1.52 1.51 1.51 1.50 1.49 1.48 1.47 1.45 1.43 1.42 1.40 1.38 1.35 1.33 1.30 1.27 1.24 1.20 1.16 1.14 1.17 1.22 1.28 1.32 1.34 1.38 1.49 1.70 1.96 2.19 2.34 2.40 2.39 2.36 2.30 2.21 2.11 2.00 1.90 1.82 1.74 1.67 1.62 1.56 1.50 1.42 1.27 1.13 1.12 1.16 1.20 1.24 1.27 1.30 1.33 1.36 1.38 1.41 1.43 1.45 1.46 1.47 1.49 1.50 1.51 1.51 1.52 1.53 1.54 1.54 1.55 1.55 1.56
1.58 1.57 1.57 1.56 1.56 1.55 1.55 1.54 1.54 1.53 1.52 1.52 1.51 1.50 1.49 1.48 1.47 1.46 1.44 1.42 1.40 1.38 1.36 1.33 1.31 1.27 1.24 1.20 1.16 1.11 1.09 1.13 1.20 1.27 1.33 1.37 1.43 1.55 1.73 1.96 2.16 2.30 2.35 2.36 2.34 2.30 2.23 2.13 2.02 1.92 1.83 1.76 1.68 1.62 1.55 1.47 1.40 1.27 1.08 1.05 1.10 1.15 1.20 1.24 1.27 1.31 1.34 1.37 1.39 1.42 1.43 1.45 1.47 1.48 1.49 1.50 1.51 1.52 1.53 1.53 1.54 1.55 1.55 1.56
1.58 1.57 1.57 1.56 1.56 1.55 1.55 1.54 1.53 1.53 1.52 1.51 1.50 1.50 1.49 1.48 1.46 1.45 1.43 1.41 1.39 1.37 1.34 1.31 1.28 1.25 1.21 1.16 1.11 1.06 1.06 1.09 1.16 1.24 1.32 1.39 1.47 1.57 1.74 1.95 2.13 2.25 2.31 2.33 2.32 2.28 2.23 2.14 2.04 1.93 1.84 1.77 1.69 1.62 1.53 1.44 1.35 1.25 1.08 1.01 1.04 1.10 1.15 1.20 1.24 1.28 1.32 1.35 1.38 1.40 1.42 1.44 1.46 1.47 1.49 1.50 1.51 1.52 1.52 1.53 1.54 1.54 1.55 1.56
1.57 1.57 1.57 1.56 1.56 1.55 1.54 1.54 1.53 1.52 1.52 1.51 1.50 1.49 1.48 1.47 1.45 1.44 1.42 1.40 1.37 1.35 1.32 1.29 1.26 1.22 1.18 1.12 1.07 1.02 1.02 1.05 1.13 1.21 1.29 1.38 1.48 1.58 1.74 1.94 2.10 2.22 2.28 2.30 2.29 2.26 2.21 2.14 2.04 1.93 1.84 1.77 1.69 1.60 1.49 1.39 1.29 1.20 1.08 0.98 0.98 1.04 1.11 1.16 1.21 1.26 1.29 1.33 1.36 1.39 1.41 1.43 1.45 1.47 1.48 1.49 1.50 1.51 1.52 1.53 1.54 1.54 1.55 1.55
1.57 1.57 1.56 1.56 1.55 1.55 1.54 1.53 1.53 1.52 1.51 1.50 1.50 1.49 1.47 1.46 1.45 1.43 1.41 1.38 1.36 1.33 1.30 1.27 1.23 1.19 1.15 1.09 1.03 0.99 0.98 1.02 1.10 1.17 1.25 1.35 1.46 1.58 1.74 1.93 2.08 2.18 2.24 2.27 2.27 2.23 2.19 2.12 2.03 1.93 1.84 1.76 1.67 1.56 1.45 1.34 1.24 1.15 1.07 0.97 0.94 0.99 1.06 1.13 1.18 1.23 1.27 1.31 1.35 1.38 1.40 1.42 1.44 1.46 1.48 1.49 1.50 1.51 1.52 1.53 1.53 1.54 1.55 1.55
1.57 1.57 1.56 1.56 1.55 1.55 1.54 1.53 1.52 1.52 1.51 1.50 1.49 1.48 1.47 1.45 1.44 1.42 1.39 1.37 1.35 1.32 1.29 1.25 1.21 1.17 1.12 1.06 1.01 0.97 0.95 0.99 1.07 1.15 1.22 1.32 1.44 1.57 1.75 1.92 2.06 2.16 2.21 2.23 2.23 2.20 2.15 2.09 2.01 1.91 1.83 1.74 1.64 1.52 1.40 1.29 1.19 1.11 1.04 0.99 0.92 0.95 1.02 1.09 1.16 1.21 1.26 1.30 1.33 1.36 1.39 1.42 1.44 1.46 1.47 1.48 1.50 1.51 1.52 1.52 1.53 1.54 1.54 1.55
1.57 1.57 1.56 1.56 1.55 1.54 1.54 1.53 1.52 1.51 1.51 1.50 1.49 1.48 1.46 1.45 1.43 1.41 1.38 1.36 1.33 1.30 1.27 1.23 1.19 1.14 1.09 1.04 0.99 0.95 0.93 0.96 1.04 1.13 1.21 1.30 1.41 1.56 1.73 1.91 2.05 2.14 2.19 2.20 2.20 2.17 2.12 2.06 1.98 1.89 1.81 1.72 1.60 1.47 1.36 1.26 1.16 1.07 1.02 0.98 0.94 0.92 0.98 1.06 1.13 1.19 1.24 1.28 1.32 1.35 1.38 1.41 1.43 1.45 1.47 1.48 1.49 1.50 1.51 1.52 1.53 1.54 1.54 1.55
1.57 1.57 1.56 1.56 1.55 1.54 1.54 1.53 1.52 1.51 1.50 1.49 1.48 1.47 1.46 1.44 1.42 1.40 1.37 1.35 1.32 1.29 1.25 1.21 1.16 1.11 1.06 1.01 0.98 0.95 0.93 0.95 1.02 1.11 1.20 1.29 1.39 1.54 1.73 1.91 2.04 2.13 2.17 2.19 2.18 2.15 2.09 2.02 1.95 1.87 1.80 1.70 1.58 1.45 1.34 1.24 1.13 1.05 0.99 0.97 0.94 0.91 0.95 1.03 1.10 1.17 1.22 1.27 1.31 1.34 1.37 1.40 1.43 1.45 1.46 1.48 1.49 1.50 1.51 1.52 1.53 1.54 1.54 1.55
1.57 1.56 1.56 1.55 1.55 1.54 1.53 1.53 1.52 1.51 1.50 1.49 1.48 1.47 1.45 1.43 1.41 1.39 1.36 1.34 1.31 1.27 1.23 1.19 1.14 1.09 1.03 0.99 0.97 0.95 0.94 0.96 1.01 1.10 1.19 1.28 1.39 1.54 1.73 1.92 2.05 2.12 2.16 2.18 2.17 2.13 2.07 2.00 1.92 1.85 1.78 1.70 1.58 1.45 1.34 1.23 1.12 1.03 0.98 0.95 0.94 0.92 0.94 1.01 1.08 1.15 1.21 1.26 1.30 1.33 1.37 1.40 1.42 1.44 1.46 1.47 1.49 1.50 1.51 1.52 1.53 1.53 1.54 1.55
1.57 1.56 1.56 1.55 1.55 1.54 1.53 1.52 1.52 1.51 1.50 1.49 1.48 1.46 1.45 1.43 1.40 1.38 1.35 1.32 1.29 1.26 1.21 1.17 1.12 1.06 1.00 0.96 0.95 0.95 0.96 0.99 1.03 1.10 1.19 1.28 1.39 1.55 1.76 1.94 2.06 2.13 2.17 2.18 2.17 2.13 2.07 1.98 1.89 1.83 1.77 1.70 1.60 1.48 1.36 1.24 1.12 1.03 0.96 0.93 0.93 0.94 0.94 0.99 1.06 1.14 1.20 1.25 1.29 1.33 1.36 1.39 1.42 1.44 1.46 1.47 1.49 1.50 1.51 1.52 1.53 1.53 1.54 1.55
1.57 1.56 1.56 1.55 1.54 1.54 1.53 1.52 1.51 1.51 1.50 1.49 1.47 1.46 1.44 1.42 1.40 1.37 1.34 1.31 1.28 1.24 1.20 1.15 1.09 1.03 0.98 0.95 0.94 0.96 0.99 1.02 1.05 1.11 1.21 1.30 1.41 1.58 1.79 1.96 2.07 2.13 2.17 2.18 2.16 2.12 2.05 1.96 1.87 1.81 1.76 1.71 1.63 1.53 1.40 1.27 1.14 1.03 0.95 0.92 0.93 0.94 0.95 0.98 1.05 1.12 1.19 1.24 1.28 1.32 1.36 1.39 1.41 1.44 1.46 1.47 1.49 1.50 1.51 1.52 1.53 1.53 1.54 1.55
1.57 1.56 1.56 1.55 1.54 1.54 1.53 1.52 1.51 1.50 1.49 1.48 1.47 1.46 1.44 1.41 1.39 1.36 1.33 1.30 1.27 1.22 1.18 1.12 1.06 1.00 0.95 0.92 0.93 0.96 1.01 1.05 1.08 1.15 1.24 1.33 1.47 1.64 1.83 1.98 2.07 2.13 2.16 2.17 2.15 2.11 2.04 1.94 1.85 1.79 1.75 1.72 1.66 1.56 1.43 1.29 1.16 1.04 0.94 0.92 0.93 0.95 0.97 0.99 1.04 1.12 1.18 1.24 1.28 1.32 1.35 1.38 1.41 1.43 1.45 1.47 1.48 1.50 1.51 1.52 1.53 1.53 1.54 1.55
1.57 1.56 1.56 1.55 1.54 1.54 1.53 1.52 1.51 1.50 1.49 1.48 1.47 1.45 1.43 1.41 1.38 1.36 1.33 1.29 1.25 1.21 1.16 1.10 1.04 0.97 0.91 0.91 0.92 0.97 1.04 1.08 1.13 1.20 1.29 1.40 1.54 1.71 1.88 2.00 2.08 2.13 2.16 2.16 2.15 2.10 2.03 1.92 1.83 1.77 1.75 1.72 1.67 1.58 1.45 1.31 1.18 1.05 0.95 0.92 0.93 0.96 0.98 1.01 1.05 1.11 1.18 1.23 1.28 1.32 1.35 1.38 1.41 1.43 1.45 1.47 1.48 1.50 1.51 1.52 1.53 1.53 1.54 1.55
1.57 1.56 1.56 1.55 1.54 1.54 1.53 1.52 1.51 1.50 1.49 1.48 1.47 1.45 1.43 1.40 1.38 1.35 1.32 1.28 1.24 1.19 1.14 1.08 1.01 0.93 0.88 0.89 0.92 0.99 1.06 1.12 1.18 1.27 1.37 1.49 1.63 1.79 1.93 2.03 2.10 2.14 2.16 2.16 2.14 2.09 2.02 1.92 1.83 1.77 1.75 1.72 1.67 1.58 1.46 1.33 1.21 1.07 0.97 0.93 0.94 0.96 0.99 1.02 1.06 1.12 1.18 1.23 1.28 1.32 1.35 1.38 1.41 1.43 1.45 1.47 1.49 1.50 1.51 1.52 1.53 1.53 1.54 1.55
1.57 1.56 1.56 1.55 1.54 1.54 1.53 1.52 1.51 1.50 1.49 1.48 1.47 1.45 1.43 1.40 1.37 1.34 1.31 1.27 1.23 1.18 1.12 1.05 0.98 0.90 0.86 0.87 0.92 1.00 1.09 1.17 1.24 1.35 1.47 1.59 1.73 1.86 1.98 2.06 2.12 2.15 2.16 2.16 2.13 2.08 2.01 1.92 1.83 1.78 1.75 1.72 1.67 1.58 1.46 1.35 1.23 1.09 0.99 0.95 0.95 0.97 1.01 1.04 1.08 1.13 1.19 1.24 1.28 1.32 1.36 1.39 1.41 1.44 1.46 1.47 1.49 1.50 1.51 1.52 1.53 1.53 1.54 1.55
1.57 1.56 1.56 1.55 1.54 1.54 1.53 1.52 1.51 1.50 1.49 1.48 1.46 1.45 1.42 1.40 1.37 1.34 1.31 1.27 1.22 1.17 1.10 1.03 0.95 0.88 0.85 0.86 0.92 1.01 1.12 1.22 1.32 1.44 1.57 1.70 1.82 1.92 2.02 2.09 2.14 2.16 2.17 2.15 2.13 2.08 2.01 1.93 1.84 1.79 1.75 1.71 1.66 1.58 1.48 1.38 1.26 1.14 1.03 0.96 0.96 0.98 1.02 1.06 1.11 1.15 1.20 1.25 1.29 1.33 1.36 1.39 1.41 1.44 1.46 1.47 1.49 1.50 1.51 1.52 1.53 1.53 1.54 1.55
1.57 1.56 1.56 1.55 1.54 1.54 1.53 1.52 1.51 1.50 1.49 1.48 1.46 1.45 1.42 1.40 1.37 1.34 1.30 1.26 1.21 1.16 1.09 1.01 0.92 0.85 0.83 0.86 0.92 1.03 1.15 1.28 1.40 1.53 1.67 1.79 1.89 1.97 2.05 2.11 2.15 2.16 2.16 2.14 2.12 2.07 2.01 1.93 1.85 1.79 1.74 1.70 1.65 1.59 1.51 1.41 1.31 1.19 1.08 1.00 0.97 1.00 1.04 1.09 1.13 1.18 1.22 1.26 1.30 1.33 1.36 1.39 1.42 1.44 1.46 1.48 1.49 1.50 1.51 1.52 1.53 1.54 1.54 1.55
1.57 1.56 1.56 1.55 1.54 1.54 1.53 1.52 1.51 1.50 1.49 1.48 1.46 1.44 1.42 1.40 1.37 1.34 1.30 1.26 1.21 1.15 1.07 0.99 0.89 0.82 0.82 0.86 0.93 1.05 1.19 1.34 1.48 1.62 1.75 1.85 1.93 2.01 2.07 2.11 2.14 2.15 2.15 2.13 2.10 2.06 2.00 1.93 1.86 1.79 1.73 1.68 1.65 1.61 1.53 1.44 1.34 1.24 1.13 1.03 0.99 1.02 1.06 1.11 1.16 1.20 1.24 1.27 1.31 1.34 1.37 1.40 1.42 1.45 1.46 1.48 1.49 1.50 1.51 1.52 1.53 1.54 1.54 1.55
1.57 1.56 1.56 1.55 1.54 1.54 1.53 1.52 1.51 1.50 1.49 1.48 1.46 1.45 1.42 1.40 1.37 1.34 1.30 1.26 1.21 1.14 1.06 0.97 0.87 0.81 0.82 0.87 0.96 1.08 1.24 1.41 1.56 1.70 1.81 1.89 1.97 2.03 2.08 2.11 2.13 2.13 2.13 2.11 2.08 2.03 1.98 1.92 1.85 1.77 1.71 1.68 1.66 1.62 1.55 1.47 1.38 1.27 1.16 1.06 1.03 1.05 1.09 1.14 1.19 1.23 1.26 1.29 1.32 1.35 1.38 1.41 1.43 1.45 1.47 1.48 1.50 1.51 1.52 1.52 1.53 1.54 1.55 1.55
1.57 1.56 1.56 1.55 1.55 1.54 1.53 1.52 1.52 1.51 1.50 1.48 1.47 1.45 1.43 1.40 1.37 1.34 1.30 1.26 1.21 1.14 1.06 0.96 0.86 0.82 0.84 0.89 0.98 1.13 1.30 1.48 1.63 1.75 1.85 1.92 1.98 2.03 2.07 2.10 2.11 2.11 2.10 2.07 2.04 2.00 1.95 1.90 1.83 1.74 1.69 1.67 1.66 1.63 1.58 1.50 1.41 1.31 1.19 1.10 1.07 1.09 1.13 1.17 1.21 1.25 1.28 1.31 1.33 1.36 1.39 1.42 1.44 1.46 1.47 1.49 1.50 1.51 1.52 1.53 1.53 1.54 1.55 1.55
1.57 1.56 1.56 1.55 1.55 1.54 1.53 1.53 1.52 1.51 1.50 1.48 1.47 1.45 1.43 1.41 1.38 1.35 1.31 1.27 1.21 1.15 1.06 0.96 0.87 0.84 0.86 0.91 1.03 1.19 1.38 1.56 1.69 1.79 1.88 1.94 1.99 2.04 2.07 2.09 2.10 2.09 2.07 2.04 2.00 1.96 1.92 1.87 1.79 1.71 1.67 1.66 1.67 1.65 1.60 1.52 1.44 1.34 1.22 1.13 1.12 1.14 1.17 1.20 1.24 1.27 1.30 1.32 1.35 1.38 1.40 1.43 1.45 1.46 1.48 1.49 1.50 1.51 1.52 1.53 1.54 1.54 1.55 1.55
1.57 1.56 1.56 1.55 1.55 1.54 1.54 1.53 1.52 1.51 1.50 1.49 1.47 1.46 1.44 1.41 1.39 1.36 1.32 1.28 1.22 1.16 1.08 0.98 0.89 0.88 0.89 0.95 1.09 1.26 1.45 1.62 1.74 1.83 1.90 1.96 2.00 2.04 2.07 2.08 2.09 2.08 2.05 2.01 1.96 1.91 1.88 1.83 1.76 1.69 1.66 1.66 1.67 1.66 1.62 1.55 1.47 1.37 1.25 1.17 1.16 1.18 1.21 1.24 1.27 1.29 1.31 1.34 1.37 1.39 1.42 1.44 1.46 1.47 1.49 1.50 1.51 1.52 1.53 1.53 1.54 1.55 1.55 1.56
1.57 1.57 1.56 1.56 1.55 1.54 1.54 1.53 1.52 1.51 1.50 1.49 1.48 1.46 1.44 1.42 1.40 1.37 1.33 1.29 1.24 1.18 1.11 1.02 0.94 0.91 0.94 1.01 1.16 1.34 1.52 1.66 1.77 1.86 1.93 1.98 2.02 2.05 2.07 2.09 2.09 2.08 2.04 1.98 1.91 1.86 1.83 1.79 1.73 1.68 1.66 1.67 1.68 1.67 1.64 1.58 1.50 1.40 1.29 1.22 1.21 1.23 1.25 1.27 1.29 1.31 1.34 1.36 1.39 1.41 1.43 1.45 1.47 1.48 1.49 1.50 1.51 1.52 1.53 1.54 1.54 1.55 1.55 1.56
1.57 1.57 1.56 1.56 1.55 1.55 1.54 1.53 1.52 1.52 1.51 1.50 1.48 1.47 1.45 1.43 1.41 1.38 1.35 1.31 1.27 1.21 1.15 1.08 1.01 0.96 0.99 1.08 1.23 1.40 1.57 1.70 1.80 1.89 1.95 2.00 2.03 2.06 2.09 2.10 2.10 2.09 2.04 1.95 1.84 1.78 1.76 1.73 1.70 1.67 1.66 1.68 1.69 1.69 1.66 1.61 1.53 1.43 1.32 1.26 1.26 1.27 1.29 1.30 1.31 1.33 1.36 1.38 1.40 1.42 1.44 1.46 1.48 1.49 1.50 1.51 1.52 1.53 1.53 1.54 1.55 1.55 1.56 1.56
1.57 1.57 1.56 1.56 1.55 1.55 1.54 1.54 1.53 1.52 1.51 1.50 1.49 1.47 1.46 1.44 1.42 1.39 1.36 1.33 1.29 1.25 1.20 1.14 1.08 1.04 1.02 1.12 1.28 1.45 1.60 1.72 1.83 1.91 1.98 2.02 2.05 2.08 2.10 2.12 2.12 2.10 2.04 1.91 1.76 1.70 1.68 1.67 1.66 1.65 1.66 1.69 1.70 1.70 1.68 1.64 1.57 1.47 1.36 1.31 1.31 1.32 1.32 1.33 1.34 1.36 1.38 1.40 1.42 1.44 1.46 1.47 1.49 1.50 1.51 1.52 1.52 1.53 1.54 1.54 1.55 1.55 1.56 1.56
1.57 1.57 1.57 1.56 1.56 1.55 1.54 1.54 1.53 1.52 1.52 1.51 1.49 1.48 1.47 1.45 1.43 1.41 1.38 1.35 1.32 1.28 1.24 1.20 1.16 1.11 1.08 1.09 1.29 1.48 1.62 1.74 1.85 1.93 1.99 2.03 2.06 2.09 2.13 2.15 2.15 2.12 2.03 1.85 1.69 1.62 1.60 1.60 1.60 1.62 1.65 1.69 1.71 1.72 1.70 1.66 1.60 1.50 1.41 1.36 1.35 1.35 1.35 1.36 1.37 1.39 1.41 1.42 1.44 1.46 1.47 1.48 1.50 1.51 1.51 1.52 1.53 1.53 1.54 1.55 1.55 1.56 1.56 1.56
1.58 1.57 1.57 1.56 1.56 1.55 1.55 1.54 1.53 1.53 1.52 1.51 1.50 1.49 1.48 1.46 1.44 1.42 1.40 1.38 1.35 1.32 1.29 1.25 1.22 1.19 1.15 1.13 1.17 1.49 1.64 1.75 1.85 1.94 2.00 2.04 2.07 2.11 2.15 2.19 2.19 2.14 2.00 1.78 1.62 1.56 1.54 1.52 1.53 1.57 1.63 1.68 1.71 1.72 1.71 1.68 1.62 1.53 1.45 1.40 1.39 1.38 1.38 1.39 1.40 1.42 1.43 1.44 1.46 1.47 1.48 1.49 1.51 1.51 1.52 1.53 1.53 1.54 1.55 1.55 1.55 1.56 1.56 1.57
1.58 1.57 1.57 1.57 1.56 1.56 1.55 1.55 1.54 1.53 1.52 1.52 1.51 1.50 1.49 1.47 1.46 1.44 1.42 1.40 1.38 1.35 1.33 1.30 1.28 1.25 1.23 1.21 1.25 1.48 1.64 1.75 1.86 1.94 2.00 2.04 2.08 2.12 2.18 2.22 2.21 2.14 1.93 1.68 1.55 1.50 1.47 1.44 1.47 1.53 1.60 1.66 1.70 1.72 1.72 1.69 1.64 1.56 1.49 1.44 1.42 1.42 1.42 1.42 1.43 1.44 1.45 1.46 1.47 1.48 1.50 1.51 1.51 1.52 1.53 1.53 1.54 1.54 1.55 1.55 1.56 1.56 1.57 1.57
1.58 1.58 1.57 1.57 1.56 1.56 1.55 1.55 1.54 1.54 1.53 1.52 1.51 1.50 1.49 1.48 1.47 1.46 1.44 1.42 1.40 1.38 1.36 1.35 1.33 1.31 1.30 1.31 1.35 1.43 1.61 1.75 1.85 1.93 1.99 2.05 2.09 2.14 2.20 2.23 2.21 2.11 1.86 1.63 1.51 1.44 1.38 1.35 1.40 1.48 1.56 1.63 1.68 1.71 1.71 1.69 1.65 1.59 1.52 1.47 1.46 1.45 1.45 1.45 1.45 1.46 1.47 1.48 1.49 1.50 1.51 1.51 1.52 1.53 1.53 1.54 1.54 1.55 1.55 1.56 1.56 1.56 1.57 1.57
1.58 1.58 1.57 1.57 1.57 1.56 1.56 1.55 1.55 1.54 1.53 1.53 1.52 1.51 1.50 1.49 1.48 1.47 1.46 1.44 1.43 1.41 1.40 1.38 1.37 1.36 1.37 1.38 1.40 1.45 1.53 1.71 1.83 1.92 1.98 2.05 2.11 2.17 2.22 2.25 2.22 2.09 1.85 1.65 1.52 1.41 1.32 1.29 1.36 1.45 1.52 1.59 1.65 1.68 1.69 1.69 1.65 1.60 1.54 1.50 1.49 1.48 1.47 1.47 1.48 1.48 1.48 1.49 1.50 1.51 1.52 1.52 1.53 1.53 1.54 1.54 1.55 1.55 1.56 1.56 1.56 1.57 1.57 1.57
1.58 1.58 1.58 1.57 1.57 1.56 1.56 1.56 1.55 1.55 1.54 1.53 1.53 1.52 1.51 1.50 1.50 1.49 1.48 1.46 1.45 1.44 1.43 1.42 1.41 1.41 1.42 1.43 1.45 1.48 1.53 1.62 1.79 1.89 1.97 2.05 2.12 2.19 2.24 2.27 2.23 2.07 1.88 1.71 1.57 1.44 1.33 1.31 1.37 1.44 1.50 1.56 1.61 1.64 1.66 1.67 1.65 1.61 1.56 1.53 1.51 1.50 1.50 1.50 1.50 1.50 1.50 1.50 1.51 1.52 1.53 1.53 1.54 1.54 1.55 1.55 1.55 1.56 1.56 1.56 1.57 1.57 1.57 1.58
1.58 1.58 1.58 1.57 1.57 1.57 1.56 1.56 1.55 1.55 1.54 1.54 1.53 1.53 1.52 1.51 1.51 1.50 1.49 1.48 1.47 1.47 1.46 1.45 1.45 1.45 1.46 1.47 1.49 1.52 1.55 1.61 1.70 1.86 1.96 2.04 2.13 2.20 2.25 2.27 2.20 2.06 1.90 1.76 1.61 1.48 1.39 1.38 1.42 1.47 1.51 1.55 1.58 1.61 1.63 1.64 1.63 1.61 1.57 1.55 1.53 1.52 1.52 1.51 1.51 1.51 1.51 1.52 1.52 1.53 1.53 1.54 1.54 1.55 1.55 1.55 1.56 1.56 1.56 1.57 1.57 1.57 1.58 1.58
1.58 1.58 1.58 1.58 1.57 1.57 1.57 1.56 1.56 1.55 1.55 1.55 1.54 1.54 1.53 1.52 1.52 1.51 1.51 1.50 1.49 1.49 1.48 1.48 1.48 1.48 1.49 1.50 1.52 1.55 1.58 1.62 1.69 1.79 1.93 2.03 2.11 2.19 2.24 2.23 2.16 2.04 1.91 1.79 1.65 1.52 1.45 1.44 1.47 1.50 1.53 1.55 1.57 1.59 1.61 1.62 1.62 1.60 1.58 1.56 1.55 1.54 1.53 1.53 1.53 1.53 1.53 1.53 1.53 1.54 1.54 1.55 1.55 1.55 1.56 1.56 1.56 1.56 1.57 1.57 1.57 1.58 1.58 1.58
