data/AilsaCraig_270_1_25m_ang_100m.asc
ncols	257
nrows	257
xllcorner	3364200.000000
yllcorner	3669375.000000
cellsize	25.000000
NODATA_value	-1.000000
[rows 84 to 125 of 257, columns 94 to 187 of 257]
270 270 270 270 270 270 270 270 269 269 269 269 269 269 269 269 269 269 269 269 269 269 269 269 270 270 270 270 270 270 270 270 270 270 270 270 270 270 270 270 270 270 270 270 270 271 271 271 271 271 271 271 271 271 271 271 271 271 271 271 271 270 270 270 270 270 270 270 270 270 270 270 270 270 270 270 270 270 270 270 270 270 270 270 270 270 270 270 270 270 270 270 270 270
270 270 270 270 270 270 269 269 269 269 269 269 269 269 269 269 269 269 269 269 269 269 269 269 269 269 270 270 270 270 270 270 270 270 270 270 270 270 270 270 270 270 270 270 271 271 271 271 271 271 271 271 271 271 271 271 271 271 271 271 271 271 271 270 270 270 270 270 270 270 270 270 270 270 270 270 270 270 270 270 270 270 270 270 270 270 270 270 270 270 270 270 270 270
270 270 270 270 269 269 269 269 269 269 269 269 269 269 269 269 269 269 269 269 269 269 269 269 269 269 269 270 270 270 270 270 270 270 270 270 270 270 270 270 270 270 271 271 271 271 271 271 271 271 271 271 271 271 271 271 271 271 271 271 271 271 271 271 271 270 270 270 270 270 270 270 270 270 270 270 270 270 270 270 270 270 270 270 270 270 270 270 270 270 270 270 270 270
270 270 269 269 269 269 269 269 269 269 269 269 269 269 269 269 269 269 269 269 269 269 269 269 269 269 269 269 270 270 270 270 270 270 270 270 270 270 270 270 270 271 271 271 271 271 271 271 271 271 271 271 271 271 271 271 271 271 271 271 271 271 271 271 271 271 271 270 270 270 270 270 270 270 270 270 270 270 270 270 270 270 270 270 270 270 270 270 270 270 270 270 270 270
270 269 269 269 269 269 269 269 269 269 269 269 269 269 269 269 269 269 269 269 269 269 269 269 269 269 269 269 269 270 270 270 270 270 270 270 270 270 270 270 270 271 271 271 271 271 271 271 271 271 271 271 271 271 271 271 271 271 271 271 271 271 271 271 271 271 271 271 270 270 270 270 270 270 270 270 270 270 270 270 270 270 270 270 270 270 270 270 270 270 270 270 270 270
269 269 269 269 269 269 269 269 269 269 269 269 269 269 269 269 269 269 269 269 269 269 269 269 269 269 269 269 269 269 270 270 270 270 270 270 270 270 270 270 271 271 271 271 271 271 271 271 271 271 271 271 271 271 271 271 271 271 271 271 271 271 271 271 271 271 271 271 271 270 270 270 270 270 270 270 270 270 270 270 270 270 270 270 270 270 270 270 270 270 270 270 270 270
269 269 269 269 269 269 269 269 269 269 269 269 269 269 269 269 269 269 269 269 269 269 269 269 269 269 269 269 269 269 270 270 270 270 270 270 270 270 270 271 271 271 271 271 271 271 271 271 271 271 271 271 271 271 271 271 271 271 271 271 271 271 271 271 271 271 271 271 271 271 270 270 270 270 270 270 270 270 270 270 270 270 270 270 270 270 270 270 270 270 270 270 270 270
269 269 269 269 269 269 269 269 269 269 269 269 269 269 269 269 269 269 269 269 269 269 269 269 269 269 269 269 269 269 269 270 270 270 270 270 270 270 270 271 271 271 271 271 271 271 271 271 271 271 271 271 271 271 271 271 271 271 271 271 271 271 271 271 271 271 271 271 271 271 271 270 270 270 270 270 270 270 270 270 270 270 270 270 270 270 270 270 270 270 270 270 270 270
269 269 269 269 269 269 269 269 269 269 269 269 269 269 269 269 269 269 269 269 269 269 269 269 269 269 269 269 269 269 269 270 270 270 270 270 270 270 271 271 271 271 271 271 271 271 271 271 271 271 271 271 271 271 271 271 271 271 271 271 271 271 271 271 271 271 271 271 271 271 271 271 270 270 270 270 270 270 270 270 270 270 270 270 270 270 270 270 270 270 270 270 270 270
269 269 269 269 269 269 269 269 269 269 269 269 269 269 269 269 269 269 268 268 268 269 269 269 269 269 269 269 269 269 269 269 270 270 270 270 270 271 271 271 271 271 271 271 271 271 271 271 271 271 271 271 271 271 271 271 271 271 271 271 271 271 271 271 271 271 271 271 271 271 271 271 271 270 270 270 270 270 270 270 270 270 270 270 270 270 270 270 270 270 270 270 270 270
269 269 269 269 269 269 269 269 269 269 269 269 269 269 268 268 268 268 268 268 268 268 268 268 268 268 269 269 269 269 269 269 270 270 270 270 270 271 271 271 271 271 271 271 271 272 272 272 272 272 272 272 272 272 271 271 271 271 271 271 271 271 271 271 271 271 271 271 271 271 271 271 271 270 270 270 270 270 270 270 270 270 270 270 270 270 270 270 270 270 270 270 270 270
269 269 269 269 269 269 269 269 269 269 269 269 268 268 268 268 268 268 268 268 268 268 268 268 268 268 268 269 269 269 269 269 269 270 270 270 270 271 271 271 271 271 272 272 272 272 272 272 272 272 272 272 272 272 272 272 271 271 271 271 271 271 271 271 271 271 271 271 271 271 271 271 271 271 270 270 270 270 270 270 270 270 270 270 270 270 270 270 270 270 270 270 270 270
269 269 269 269 269 269 269 269 269 269 268 268 268 268 268 268 268 268 268 268 268 268 268 268 268 268 268 268 268 269 269 269 269 270 270 270 271 271 271 271 271 272 272 272 272 272 272 272 272 272 272 272 272 272 272 272 272 272 271 271 271 271 271 271 271 271 271 271 271 271 271 271 271 271 271 270 270 270 270 270 270 270 270 270 270 270 270 270 270 270 270 270 270 270
269 269 269 269 269 269 269 269 268 268 268 268 268 268 268 268 268 268 268 268 268 268 268 268 268 268 268 268 268 268 269 269 269 270 270 270 271 271 271 271 272 272 272 272 272 272 272 272 272 272 272 272 272 272 272 272 272 272 272 272 271 271 271 271 271 271 271 271 271 271 271 271 271 271 271 270 270 270 270 270 270 270 270 270 270 270 270 270 270 270 270 270 270 270
269 269 269 269 269 269 269 268 268 268 268 268 268 268 268 268 268 268 267 267 267 267 267 267 267 267 268 268 268 268 268 269 269 270 270 270 271 271 271 272 272 272 272 272 272 273 273 272 272 272 272 272 272 272 272 272 272 272 272 272 272 271 271 271 271 271 271 271 271 271 271 271 271 271 271 271 270 270 270 270 270 270 270 270 270 270 270 270 270 270 270 270 270 270
269 269 269 269 269 269 268 268 268 268 268 268 268 268 268 268 267 267 267 267 267 267 267 267 267 267 267 267 268 268 268 269 269 270 270 271 271 271 272 272 272 273 273 273 273 273 273 273 273 273 273 273 272 272 272 272 272 272 272 272 272 272 271 271 271 271 271 271 271 271 271 271 271 271 271 271 270 270 270 270 270 270 270 270 270 270 270 270 270 270 270 270 270 270
269 269 269 269 269 268 268 268 268 268 268 268 268 268 267 267 267 267 267 267 267 267 267 266 266 267 267 267 267 267 268 268 269 269 270 271 271 272 272 272 273 273 273 273 273 273 273 273 273 273 273 273 273 273 272 272 272 272 272 272 272 272 272 271 271 271 271 271 271 271 271 271 271 271 271 271 271 270 270 270 270 270 270 270 270 270 270 270 270 270 270 270 270 270
269 269 269 269 269 268 268 268 268 268 268 268 268 267 267 267 267 267 267 266 266 266 266 266 266 266 266 266 266 267 267 268 269 269 270 271 271 272 273 273 273 274 274 274 274 274 274 274 273 273 273 273 273 273 273 273 272 272 272 272 272 272 272 272 271 271 271 271 271 271 271 271 271 271 271 271 271 270 270 270 270 270 270 270 270 270 270 270 270 270 270 270 270 270
269 269 269 269 268 268 268 268 268 268 268 268 267 267 267 267 267 266 266 266 266 266 265 265 265 265 265 265 266 266 267 268 268 269 270 271 272 273 273 274 274 274 274 274 274 274 274 274 274 274 274 273 273 273 273 273 273 272 272 272 272 272 272 272 271 271 271 271 271 271 271 271 271 271 271 271 271 271 270 270 270 270 270 270 270 270 270 270 270 270 270 270 270 270
269 269 269 268 268 268 268 268 268 268 268 267 267 267 267 267 266 266 266 266 265 265 265 265 265 264 264 265 265 265 266 267 268 269 270 271 272 273 274 274 275 275 275 275 275 275 275 275 274 274 274 274 274 273 273 273 273 273 272 272 272 272 272 272 272 271 271 271 271 271 271 271 271 271 271 271 271 271 270 270 270 270 270 270 270 270 270 270 270 270 270 270 270 270
269 269 269 268 268 268 268 268 268 268 267 267 267 267 267 266 266 266 265 265 265 264 264 264 264 263 263 263 264 264 265 266 268 269 270 272 273 274 275 275 276 276 276 276 276 276 275 275 275 275 274 274 274 274 273 273 273 273 273 272 272 272 272 272 272 272 271 271 271 271 271 271 271 271 271 271 271 271 270 270 270 270 270 270 270 270 270 270 270 270 270 270 270 270
269 269 268 268 268 268 268 268 268 267 267 267 267 267 266 266 266 265 265 265 264 264 263 263 263 262 262 262 262 263 264 265 267 269 271 272 274 275 276 277 277 277 277 277 276 276 276 276 275 275 275 274 274 274 274 273 273 273 273 273 272 272 272 272 272 272 271 271 271 271 271 271 271 271 271 271 271 271 271 270 270 270 270 270 270 270 270 270 270 270 270 270 270 270
269 269 268 268 268 268 268 268 267 267 267 267 267 266 266 266 265 265 264 264 264 263 263 262 262 261 261 260 260 261 262 264 266 269 271 273 275 277 278 278 279 278 278 278 277 277 277 276 276 276 275 275 275 274 274 274 273 273 273 273 272 272 272 272 272 272 272 271 271 271 271 271 271 271 271 271 271 271 271 270 270 270 270 270 270 270 270 270 270 270 270 270 270 270
269 268 268 268 268 268 268 268 267 267 267 267 266 266 266 265 265 264 264 263 263 262 262 261 260 260 259 258 258 258 260 262 266 269 272 275 277 279 280 280 280 280 279 279 278 278 277 277 277 276 276 275 275 275 274 274 274 273 273 273 273 272 272 272 272 272 272 271 271 271 271 271 271 271 271 271 271 271 271 270 270 270 270 270 270 270 270 270 270 270 270 270 270 270
269 268 268 268 268 268 268 267 267 267 267 266 266 266 265 265 264 264 263 263 262 262 261 260 259 258 257 256 255 255 257 261 266 270 273 276 278 280 281 282 282 281 280 280 279 279 278 278 277 277 276 276 275 275 275 274 274 274 273 273 273 272 272 272 272 272 272 271 271 271 271 271 271 271 271 271 271 271 271 270 270 270 270 270 270 270 270 270 270 270 270 270 270 270
269 268 268 268 268 268 268 267 267 267 267 266 266 265 265 265 264 264 263 262 262 261 260 259 258 257 255 254 252 252 255 263 267 271 274 276 278 280 281 283 283 282 282 281 280 280 279 279 278 277 277 276 276 275 275 274 274 274 273 273 273 273 272 272 272 272 272 272 271 271 271 271 271 271 271 271 271 271 271 270 270 270 270 270 270 270 270 270 270 270 270 270 270 270
268 268 268 268 268 268 268 267 267 267 266 266 266 265 265 264 264 263 262 262 261 260 259 258 257 255 253 251 249 252 258 264 268 271 273 275 277 279 282 284 283 283 282 282 281 281 280 279 279 278 278 277 276 276 275 275 274 274 274 273 273 273 272 272 272 272 272 272 271 271 271 271 271 271 271 271 271 271 271 270 270 270 270 270 270 270 270 270 270 270 270 270 270 270
268 268 268 268 268 268 267 267 267 267 266 266 265 265 264 264 263 263 262 261 260 259 258 257 255 253 251 249 249 253 260 265 268 271 273 274 276 278 282 283 283 282 282 282 282 282 281 280 280 279 278 277 277 276 276 275 275 274 274 273 273 273 272 272 272 272 272 272 271 271 271 271 271 271 271 271 271 271 271 270 270 270 270 270 270 270 270 270 270 270 270 270 270 270
268 268 268 268 268 268 267 267 267 266 266 266 265 265 264 264 263 262 261 260 259 258 257 256 254 252 250 248 249 255 262 266 268 270 272 274 275 278 281 283 282 282 282 282 283 283 282 281 281 280 279 278 277 277 276 275 275 274 274 273 273 273 273 272 272 272 272 272 271 271 271 271 271 271 271 271 271 271 271 270 270 270 270 270 270 270 270 270 270 270 270 270 270 270
268 268 268 268 268 268 267 267 267 266 266 266 265 264 264 263 262 262 261 260 259 257 256 255 253 252 250 249 252 258 263 266 268 270 272 273 274 277 279 281 281 282 282 282 283 284 283 283 282 281 280 279 278 277 276 276 275 274 274 274 273 273 273 272 272 272 272 272 271 271 271 271 271 271 271 271 271 271 271 270 270 270 270 270 270 270 270 270 270 270 270 270 270 270
268 268 268 268 268 268 267 267 267 266 266 265 265 264 264 263 262 261 260 259 258 256 255 254 253 252 251 251 254 260 264 267 268 269 271 272 274 276 278 279 280 281 282 282 283 284 285 284 283 282 280 279 278 277 277 276 275 275 274 274 273 273 273 272 272 272 272 272 271 271 271 271 271 271 271 271 271 271 271 270 270 270 270 270 270 270 270 270 270 270 270 270 270 270
268 268 268 268 268 268 267 267 267 266 266 265 265 264 263 263 262 261 260 258 257 255 254 253 252 253 252 253 257 261 264 266 268 269 270 271 273 275 277 278 280 281 282 282 283 284 286 285 284 283 281 280 279 278 277 276 275 275 274 274 273 273 273 272 272 272 272 272 271 271 271 271 271 271 271 271 271 271 271 270 270 270 270 270 270 270 270 270 270 270 270 270 270 270
268 268 268 268 268 267 267 267 267 266 266 265 265 264 263 262 261 260 259 258 256 254 253 253 253 254 254 255 259 262 265 266 267 268 269 271 272 274 276 278 279 280 281 282 283 284 286 286 285 284 282 281 279 278 277 276 276 275 274 274 273 273 273 272 272 272 272 272 271 271 271 271 271 271 271 271 271 271 270 270 270 270 270 270 270 270 270 270 270 270 270 270 270 270
268 268 268 268 268 267 267 267 266 266 266 265 264 264 263 262 261 260 258 257 255 254 253 253 254 254 255 257 260 262 264 266 267 267 269 270 272 274 275 277 279 280 281 282 283 284 286 287 286 285 283 281 280 279 277 276 276 275 274 274 273 273 273 272 272 272 272 271 271 271 271 271 271 271 271 271 271 271 270 270 270 270 270 270 270 270 270 270 270 270 270 270 270 270
269 268 268 268 268 268 267 267 266 266 266 265 264 264 263 262 261 259 258 256 254 253 253 253 254 255 256 258 260 262 264 265 266 267 269 270 272 273 275 276 278 280 281 282 283 284 285 288 287 286 284 282 280 279 278 277 276 275 274 274 273 273 273 272 272 272 272 271 271 271 271 271 271 271 271 271 271 270 270 270 270 270 270 270 270 270 270 270 270 270 270 270 270 270
269 268 268 268 268 268 267 267 266 266 266 265 264 264 263 262 260 259 257 256 254 253 253 254 255 256 257 259 261 262 264 265 266 268 269 270 272 273 275 276 278 279 281 282 283 284 285 287 288 287 284 282 280 279 278 277 276 275 274 274 273 273 272 272 272 272 272 271 271 271 271 271 271 271 271 271 271 270 270 270 270 270 270 270 270 270 270 270 270 270 270 270 270 270
269 268 268 268 268 268 267 267 267 266 266 265 264 264 263 262 260 259 257 255 254 253 253 254 255 256 258 259 261 262 264 265 267 268 269 270 272 273 275 276 277 279 280 282 283 284 284 286 288 287 285 282 281 279 278 277 276 275 274 274 273 273 272 272 272 272 271 271 271 271 271 271 271 271 271 271 270 270 270 270 270 270 270 270 270 270 270 270 270 270 270 270 270 270
269 269 268 268 268 268 267 267 267 266 266 265 264 264 263 262 260 259 257 255 254 254 254 255 256 257 258 259 261 263 264 266 267 268 269 271 272 273 274 276 277 278 279 281 282 283 284 285 286 287 285 282 280 279 277 276 275 275 274 273 273 273 272 272 272 272 271 271 271 271 271 271 271 271 271 271 270 270 270 270 270 270 270 270 270 270 270 270 270 270 270 270 270 270
269 269 268 268 268 268 267 267 267 266 266 265 264 264 263 262 260 259 257 255 254 254 255 255 256 257 259 260 261 263 265 267 268 269 270 271 272 273 274 275 276 278 279 280 281 282 283 284 284 285 284 282 280 279 277 276 275 274 274 273 273 272 272 272 272 271 271 271 271 271 271 271 271 271 271 270 270 270 270 270 270 270 270 270 270 270 270 270 270 270 270 270 270 270
269 269 268 268 268 268 268 267 267 266 266 265 264 264 263 262 260 259 257 256 255 255 255 256 257 258 259 261 262 264 266 267 268 269 270 271 272 273 274 275 276 277 278 279 280 281 282 283 283 284 283 282 280 278 277 276 275 274 274 273 273 272 272 272 272 271 271 271 271 271 271 271 271 271 270 270 270 270 270 270 270 270 270 270 270 270 270 270 270 270 270 270 270 270
269 269 269 268 268 268 268 267 267 266 266 265 265 264 263 262 261 259 258 257 256 256 256 257 258 259 260 262 264 266 267 268 269 270 271 271 272 273 273 274 275 276 277 278 279 280 281 281 281 281 282 281 279 278 276 275 274 274 273 273 272 272 272 272 271 271 271 271 271 271 271 271 271 270 270 270 270 270 270 270 270 270 270 270 270 270 270 270 270 270 270 270 270 270
269 269 269 269 268 268 268 267 267 267 266 265 265 264 263 262 261 259 258 257 257 257 257 258 259 260 262 264 265 267 268 269 270 270 271 272 272 273 273 274 274 275 275 276 277 278 279 279 280 280 279 279 278 277 276 275 274 273 273 272 272 272 272 271 271 271 271 271 271 271 271 270 270 270 270 270 270 270 270 270 270 270 270 270 270 270 270 270 270 270 270 270 270 270
