data/AilsaCraig_270_1_25m_ang_500m.asc
ncols	257
nrows	257
xllcorner	3364200.000000
yllcorner	3669375.000000
cellsize	25.000000
NODATA_value	-1.000000
[rows 126 to 167 of 257, columns 94 to 187 of 257]
268 268 268 268 267 267 266 266 265 264 263 262 260 258 256 252 247 241 240 240 242 245 247 248 250 253 255 256 257 261 264 267 270 272 274 276 278 279 277 276 277 280 282 282 283 285 288 288 288 287 290 299 296 288 283 280 278 276 275 274 274 273 273 272 271 272 272 271 271 271 271 271 271 271 271 270 270 270 270 270 270 270 270 270 270 270 270 270 270 270 270 270 270 270
268 268 268 268 268 267 267 266 265 265 263 262 260 258 255 252 246 241 240 241 245 250 252 252 253 256 258 259 261 264 267 270 272 274 275 277 278 277 275 273 273 273 274 276 278 281 283 284 285 283 283 289 293 287 282 278 276 275 274 273 273 273 272 272 271 271 271 271 271 271 271 271 271 270 270 270 270 270 270 270 270 270 270 270 270 270 270 270 270 270 270 270 270 270
269 269 268 268 268 268 267 267 266 265 264 262 261 258 255 251 244 240 240 242 247 253 257 257 257 260 261 262 265 268 271 273 274 274 276 277 277 275 274 272 269 267 267 271 274 277 279 281 282 281 279 281 287 285 280 277 275 274 273 273 272 272 272 271 271 271 271 271 271 271 271 270 270 270 270 270 270 270 270 270 270 270 270 270 270 270 270 270 270 270 270 270 270 270
269 269 269 268 268 268 267 267 266 265 264 263 261 259 255 250 243 240 241 243 249 256 259 260 262 264 266 268 270 272 274 275 275 275 275 275 274 273 273 271 266 264 265 268 271 273 275 278 278 276 275 276 280 282 278 275 274 273 272 272 272 271 271 271 271 270 270 271 270 270 270 270 270 270 270 270 270 270 270 270 270 270 270 270 270 270 270 270 270 270 270 270 270 270
269 269 269 269 268 268 268 267 266 266 265 263 262 259 256 249 243 241 242 245 252 258 261 264 266 269 272 274 275 276 276 276 275 275 274 273 272 271 270 268 265 264 266 267 268 268 270 273 273 271 271 271 273 276 276 274 273 272 271 271 271 271 271 271 271 270 270 270 270 270 270 270 270 270 270 270 270 270 270 270 270 270 270 270 270 270 270 270 270 270 270 270 270 270
270 269 269 269 269 268 268 267 267 266 265 264 263 260 256 250 242 242 245 249 255 261 264 267 271 274 277 280 281 280 278 277 276 274 272 270 269 269 268 266 266 267 267 266 265 264 265 266 266 266 267 266 267 270 272 272 271 270 270 270 270 270 270 270 270 270 270 270 270 270 270 270 270 270 270 270 270 270 270 270 270 270 270 270 270 270 270 270 270 270 270 270 270 270
270 270 270 269 269 269 269 268 268 267 266 265 264 261 257 250 244 245 247 252 258 263 267 271 275 279 282 284 284 283 280 278 276 273 270 268 266 266 265 266 267 268 266 263 261 261 261 260 261 262 263 263 263 264 268 269 269 269 269 269 269 269 270 270 270 270 270 269 270 270 270 270 270 270 270 270 270 270 270 270 270 270 270 270 270 270 270 270 270 270 270 270 270 270
270 270 270 270 270 269 269 269 269 268 267 266 265 262 257 251 247 249 251 255 260 265 270 274 278 282 286 287 286 285 282 279 276 273 271 268 265 263 264 267 268 266 262 259 258 257 256 257 259 260 259 258 258 259 263 266 268 268 268 269 269 269 269 269 269 269 269 269 269 270 270 270 270 270 270 270 270 270 270 270 270 270 270 270 270 270 270 270 270 270 270 270 270 270
270 270 270 270 270 270 270 270 269 269 268 267 266 263 258 251 249 252 255 258 262 267 272 276 280 284 287 288 287 285 283 279 276 274 272 268 264 263 265 267 267 263 259 256 255 253 252 252 253 255 254 254 254 256 259 263 266 267 268 268 268 268 268 269 269 269 269 269 269 269 269 269 270 270 270 270 270 270 270 270 270 270 270 270 270 270 270 270 270 270 270 270 270 270
271 271 271 271 271 271 271 271 270 270 270 269 267 265 260 253 252 256 260 263 265 269 274 279 282 286 288 288 287 285 283 280 278 276 273 269 265 264 265 265 263 260 257 255 253 251 249 247 247 248 249 250 252 255 259 262 264 266 267 267 267 268 268 268 268 269 269 269 269 269 269 269 269 270 269 270 270 270 270 270 270 270 270 270 270 270 270 270 270 270 270 270 270 270
271 271 271 271 271 271 271 271 271 271 271 271 270 267 263 257 258 262 266 268 270 273 277 281 284 286 287 287 286 285 283 281 279 276 273 269 267 267 265 263 260 258 256 253 252 251 249 247 244 243 244 247 250 253 257 260 262 264 266 266 267 267 267 268 268 268 269 269 269 269 269 269 269 269 269 269 270 270 270 270 270 270 270 270 270 270 270 270 270 270 270 270 270 270
271 271 271 272 272 272 272 272 272 272 272 272 272 270 266 264 266 269 272 274 275 277 280 283 285 286 286 286 285 284 283 281 279 276 273 270 269 267 264 260 259 258 256 253 251 250 249 246 243 239 241 245 248 253 256 259 261 262 264 265 266 266 267 267 268 268 268 269 269 269 269 269 269 269 269 269 269 269 269 270 270 270 270 270 270 270 270 270 270 270 270 270 270 270
271 271 272 272 272 272 273 273 273 274 274 275 275 275 272 274 277 277 278 279 280 281 284 285 285 285 284 284 284 283 281 280 278 276 273 271 269 266 262 258 258 257 255 253 251 249 247 245 241 237 239 244 248 253 257 259 260 261 262 264 265 266 267 267 267 268 268 268 269 269 269 269 269 269 269 269 269 269 269 269 269 270 270 270 270 270 270 270 270 270 270 270 270 270
272 272 272 272 273 273 273 274 274 275 276 277 279 282 284 285 287 286 285 286 286 286 287 286 285 284 284 283 282 281 279 278 277 276 274 271 268 263 258 257 257 256 255 252 250 248 246 244 239 235 239 244 249 253 256 258 259 260 261 263 264 265 266 267 267 268 268 268 268 268 269 269 269 269 269 269 269 269 269 269 269 269 269 270 270 270 270 270 270 270 270 270 270 270
272 272 272 273 273 274 274 275 275 276 278 280 283 290 299 297 296 296 293 292 292 290 288 286 285 284 283 281 280 278 277 276 276 276 274 271 266 260 255 255 255 255 254 251 249 247 245 243 237 235 239 245 249 253 256 257 258 259 261 263 264 265 266 267 267 267 268 268 268 268 268 269 269 269 269 269 269 269 269 269 269 269 269 269 269 270 270 270 270 270 270 270 270 270
272 272 273 273 273 274 275 275 276 277 279 282 286 294 306 308 304 302 299 297 295 291 287 285 284 282 281 279 277 276 275 275 275 274 273 270 265 258 254 253 254 254 253 250 248 246 244 241 236 235 241 246 250 253 254 255 257 260 261 263 264 265 266 266 267 267 267 268 268 268 268 268 269 269 269 269 269 269 269 269 269 269 269 269 269 269 270 270 270 270 270 270 270 270
272 273 273 273 274 275 275 276 277 278 280 283 287 295 305 311 310 304 301 298 295 290 287 285 283 281 279 277 276 274 274 274 272 268 269 268 263 259 255 252 253 254 252 250 248 246 244 240 236 237 243 248 251 252 253 255 258 260 262 263 264 265 266 266 267 267 267 268 268 268 268 268 269 269 269 269 269 269 269 269 269 269 269 269 269 269 269 270 270 270 270 270 270 270
273 273 273 273 274 275 276 277 278 279 281 284 288 294 301 308 311 307 301 297 293 289 287 284 281 279 278 277 276 275 274 273 268 262 264 265 262 260 257 254 254 254 252 251 249 246 244 240 236 239 245 249 250 251 253 256 259 260 262 263 264 265 265 266 267 267 267 268 268 268 268 268 269 269 269 269 269 269 269 269 269 269 269 269 269 269 269 269 270 270 270 270 270 270
273 273 273 274 274 275 276 277 278 280 281 284 288 292 299 305 311 311 305 295 292 290 288 284 281 278 277 277 276 275 274 270 263 257 260 261 260 259 257 256 256 255 253 251 249 247 244 240 238 242 247 249 249 251 255 258 259 261 262 263 264 265 265 266 267 267 267 267 268 268 268 268 269 269 269 269 269 269 269 269 269 269 269 269 269 269 269 269 269 270 270 270 270 270
273 273 274 274 274 275 276 277 279 280 282 284 287 291 297 303 310 319 323 299 292 290 288 284 280 278 277 277 277 276 273 267 259 257 259 259 258 258 257 257 258 256 254 252 250 248 245 241 240 245 248 249 250 253 256 258 260 261 262 263 264 265 265 266 266 267 267 267 268 268 268 268 268 269 269 269 269 269 269 269 269 269 269 269 269 269 269 269 269 269 270 270 270 270
273 273 274 274 275 275 276 277 278 280 282 284 286 290 294 300 307 320 323 306 295 290 287 284 280 278 277 277 277 276 270 261 256 258 260 260 258 258 258 259 259 257 255 253 251 249 246 243 243 247 249 250 253 255 258 259 261 262 263 264 264 265 266 266 266 267 267 267 267 268 268 268 268 269 269 269 269 269 269 269 269 269 269 269 269 269 269 269 269 269 269 270 270 270
273 274 274 274 275 275 276 277 278 280 282 283 286 289 292 297 303 311 313 309 300 291 287 283 281 279 278 276 277 275 267 253 251 255 258 260 259 260 262 262 262 260 258 255 252 250 247 245 246 248 250 253 255 257 259 260 261 262 263 264 264 265 266 266 266 267 267 267 267 268 268 268 268 269 269 269 269 269 269 269 269 269 269 269 269 269 269 269 269 269 269 269 270 270
273 274 274 274 275 275 276 277 278 279 281 283 285 287 290 294 299 303 307 309 308 297 287 283 281 280 278 277 276 273 262 249 247 249 251 253 253 257 263 264 264 264 261 258 255 252 250 248 248 250 253 255 257 258 259 261 262 263 263 264 265 265 266 266 266 267 267 267 267 268 268 268 268 268 269 269 269 269 269 269 269 269 269 269 269 269 269 269 269 269 269 269 270 270
273 274 274 275 275 275 276 277 278 279 280 282 284 286 288 291 295 298 302 306 309 307 293 284 282 281 279 277 274 268 258 250 248 247 246 245 245 251 260 262 264 265 263 260 258 256 253 251 251 253 255 257 258 259 260 261 262 263 264 264 265 265 266 266 266 267 267 267 268 268 268 268 268 268 269 269 269 269 269 269 269 269 269 269 269 269 269 269 269 269 269 269 269 270
273 274 274 275 275 275 276 277 277 278 280 281 283 285 287 289 291 294 297 300 305 307 304 291 284 282 279 276 271 263 255 252 251 248 245 242 242 248 256 260 262 263 262 261 260 259 256 255 254 256 257 258 259 260 261 262 263 263 264 265 265 265 266 266 266 267 267 267 268 268 268 268 268 268 269 269 269 269 269 269 269 269 269 269 269 269 269 269 269 269 269 269 269 270
273 274 274 274 275 275 276 276 277 278 279 280 282 283 285 287 288 291 293 296 299 302 305 302 290 283 279 276 270 261 253 253 252 248 244 241 243 249 255 258 260 261 261 261 261 261 259 258 258 258 259 260 261 261 262 263 263 264 264 265 265 266 266 266 266 267 267 267 268 268 268 268 268 268 269 269 269 269 269 269 269 269 269 269 269 269 269 269 269 269 269 269 269 270
273 274 274 274 275 275 276 276 277 278 278 279 281 282 284 285 286 288 290 292 294 296 299 301 297 286 280 277 272 262 254 254 253 248 244 243 246 251 255 257 259 260 261 261 262 262 261 260 260 260 260 261 262 262 263 263 264 264 265 265 266 266 266 266 267 267 267 268 268 268 268 268 268 269 269 269 269 269 269 269 269 269 269 269 269 269 269 269 269 269 269 269 269 269
273 274 274 274 275 275 276 276 277 277 278 279 280 281 282 283 284 286 287 288 289 291 292 295 294 288 284 280 274 264 258 256 253 249 246 246 250 254 256 258 259 260 261 262 262 262 262 261 261 261 261 262 262 263 263 264 264 265 265 265 266 266 266 266 267 267 267 268 268 268 268 268 268 269 269 269 269 269 269 269 269 269 269 269 269 269 269 269 269 269 269 269 269 269
273 273 274 274 275 275 275 276 276 277 277 278 279 280 281 282 283 284 284 285 286 287 288 288 287 286 285 282 276 269 263 259 255 250 249 251 254 256 258 259 260 261 262 263 263 263 262 262 262 262 262 263 263 263 264 264 265 265 265 266 266 266 266 267 267 267 267 268 268 268 268 268 268 268 268 269 269 269 269 269 269 269 269 269 269 269 269 269 269 269 269 269 269 269
273 273 274 274 274 275 275 276 276 276 277 277 278 279 279 280 281 282 283 283 283 284 284 284 283 283 282 279 277 273 267 262 257 253 252 254 256 258 259 261 262 262 263 263 263 263 263 263 263 263 263 263 264 264 264 265 265 265 266 266 266 266 267 267 267 267 267 268 268 268 268 268 268 268 269 269 269 269 269 269 269 269 269 269 269 269 269 269 269 269 269 269 269 269
273 273 273 274 274 275 275 275 276 276 277 277 277 278 278 279 280 280 281 281 281 281 281 281 280 279 278 276 275 272 269 265 260 258 257 257 259 260 261 262 262 263 263 263 263 263 263 263 263 264 264 264 264 264 265 265 265 266 266 266 266 267 267 267 267 267 267 268 268 268 268 268 268 268 269 269 269 269 269 269 269 269 269 269 269 269 269 269 269 269 269 269 269 269
273 273 273 274 274 274 275 275 275 276 276 276 277 277 278 278 278 279 279 279 280 280 279 279 278 277 276 274 273 271 268 266 263 261 261 260 261 262 262 263 263 263 263 264 264 264 264 264 264 264 265 265 265 265 265 265 266 266 266 266 267 267 267 267 267 267 267 268 268 268 268 268 268 269 269 269 269 269 269 269 269 269 269 269 269 269 269 269 269 269 269 269 269 269
273 273 273 273 274 274 274 275 275 275 276 276 276 277 277 277 277 278 278 278 278 278 278 277 276 276 274 273 272 270 268 267 265 264 263 263 263 263 263 264 264 264 264 264 264 264 264 265 265 265 265 265 265 265 265 266 266 266 266 267 267 267 267 267 267 267 268 268 268 268 268 268 268 269 269 269 269 269 269 269 269 269 269 269 269 269 269 269 269 269 269 269 269 269
273 273 273 273 274 274 274 274 275 275 275 276 276 276 276 276 277 277 277 277 277 277 276 276 275 275 274 272 271 270 269 267 266 265 265 264 264 264 264 264 265 265 265 265 265 265 265 265 265 265 266 266 265 265 266 266 266 266 267 267 267 267 267 267 267 268 268 268 268 268 268 268 268 269 269 269 269 269 269 269 269 269 269 269 269 269 269 269 269 269 269 269 269 269
272 273 273 273 273 274 274 274 274 275 275 275 275 275 276 276 276 276 276 276 276 276 275 275 274 274 273 272 271 270 269 268 267 267 266 266 265 265 265 265 265 265 265 265 265 266 266 266 266 266 266 266 266 266 266 266 267 267 267 267 267 267 267 267 268 268 268 268 268 268 268 268 268 269 269 269 269 269 269 269 269 269 269 269 269 269 269 269 269 269 269 269 269 269
272 272 273 273 273 273 274 274 274 274 274 275 275 275 275 275 275 275 275 275 275 275 274 274 274 273 273 272 271 270 269 269 268 267 267 266 266 266 266 266 266 266 266 266 266 266 266 266 266 266 266 266 266 266 266 267 267 267 267 267 267 267 268 268 268 268 268 268 268 268 268 268 268 269 269 269 269 269 269 269 269 269 269 269 269 269 269 269 269 269 269 269 269 269
272 272 273 273 273 273 273 273 274 274 274 274 274 275 275 275 275 275 275 274 274 274 274 273 273 273 272 271 271 270 270 269 268 268 267 267 267 267 267 266 266 266 266 266 266 266 266 266 266 266 266 266 266 267 267 267 267 267 267 267 267 268 268 268 268 268 268 268 268 268 268 268 269 269 269 269 269 269 269 269 269 269 269 269 269 269 269 269 269 269 269 269 269 269
272 272 272 273 273 273 273 273 273 274 274 274 274 274 274 274 274 274 274 274 274 274 273 273 273 272 272 271 271 270 270 269 269 268 268 268 267 267 267 267 267 267 267 267 267 267 267 267 267 266 266 266 267 267 267 267 267 267 267 268 268 268 268 268 268 268 268 268 268 268 268 268 269 269 269 269 269 269 269 269 269 269 269 269 269 269 269 269 269 269 269 269 269 269
272 272 272 272 273 273 273 273 273 273 273 274 274 274 274 274 274 274 274 274 273 273 273 273 272 272 271 271 271 270 270 269 269 269 268 268 268 267 267 267 267 267 267 267 267 267 267 267 267 267 266 267 267 267 267 267 267 267 268 268 268 268 268 268 268 268 268 268 268 268 268 269 269 269 269 269 269 269 269 269 269 269 269 269 269 269 269 269 269 269 269 269 269 269
272 272 272 272 272 272 273 273 273 273 273 273 273 273 273 273 273 273 273 273 273 273 273 272 272 272 271 271 271 270 270 269 269 269 269 268 268 268 268 268 267 267 267 267 267 267 267 267 267 267 267 267 267 267 267 267 268 268 268 268 268 268 268 268 268 268 268 268 268 268 269 269 269 269 269 269 269 269 269 269 269 269 269 269 269 269 269 269 269 269 269 269 269 269
272 272 272 272 272 272 272 272 273 273 273 273 273 273 273 273 273 273 273 273 273 273 272 272 272 271 271 271 270 270 270 270 269 269 269 268 268 268 268 268 268 268 267 267 267 267 267 267 267 267 267 267 267 268 268 268 268 268 268 268 268 268 268 268 268 268 268 268 268 268 269 269 269 269 269 269 269 269 269 269 269 269 269 269 269 269 269 269 269 269 269 269 269 269
272 272 272 272 272 272 272 272 272 272 273 273 273 273 273 273 273 273 273 273 272 272 272 272 272 271 271 271 270 270 270 270 269 269 269 269 268 268 268 268 268 268 268 267 267 267 267 267 267 267 268 268 268 268 268 268 268 268 268 268 268 268 268 268 268 268 268 268 268 269 269 269 269 269 269 269 269 269 269 269 269 269 269 269 269 269 269 269 269 269 269 269 269 270
