data/AilsaCraig_315_1_25m_ang_2m.asc
ncols	257
nrows	257
xllcorner	3364200.000000
yllcorner	3669375.000000
cellsize	25.000000
NODATA_value	-1.000000
[rows 84 to 125 of 257, columns 94 to 187 of 257]
315 315 315 315 315 315 315 315 315 315 315 315 315 315 315 315 315 315 315 315 315 315 315 315 315 315 315 315 315 315 315 314 314 315 315 315 315 315 315 315 315 315 315 315 315 315 315 315 315 315 315 315 315 315 315 315 315 315 315 315 315 315 315 315 315 315 315 315 315 315 315 315 315 315 315 315 315 315 315 315 315 315 315 315 315 315 315 315 315 315 315 315 315 315
315 315 315 315 315 315 315 315 315 315 315 315 315 315 315 315 315 315 315 315 315 315 315 315 315 315 315 314 314 314 314 314 314 314 314 314 314 314 314 314 315 315 315 315 315 315 315 315 315 315 315 315 315 315 315 315 315 315 315 315 315 315 315 315 315 315 315 315 315 315 315 315 315 315 315 315 315 315 315 315 315 315 315 315 315 315 315 315 315 315 315 315 315 315
315 315 315 315 315 315 315 315 315 315 315 315 315 315 315 315 315 315 315 315 315 315 315 315 314 314 314 314 314 314 314 314 314 314 314 314 314 314 314 314 314 314 314 315 315 315 315 315 315 315 315 315 315 315 315 315 315 315 315 315 315 315 315 315 315 315 315 315 315 315 315 315 315 315 315 315 315 315 315 315 315 315 315 315 315 315 315 315 315 315 315 315 315 315
315 315 315 315 315 315 315 315 315 315 315 315 315 315 315 315 315 315 315 315 315 315 314 314 314 314 314 314 314 314 314 314 314 314 314 314 314 314 314 314 314 314 314 314 314 315 315 315 315 315 315 315 315 315 315 315 315 315 315 315 315 315 315 315 315 315 315 315 315 315 315 315 315 315 315 315 315 315 315 315 315 315 315 315 315 315 315 315 315 315 315 315 315 315
315 315 315 315 315 315 315 315 315 315 315 315 315 315 315 315 315 315 315 315 315 314 314 314 314 314 314 314 314 314 314 314 314 314 314 314 314 314 314 314 314 314 314 314 314 314 315 315 315 315 315 315 315 315 315 315 315 315 315 315 315 315 315 315 315 315 315 315 315 315 315 315 315 315 315 315 315 315 315 315 315 315 315 315 315 315 315 315 315 315 315 315 315 315
315 315 315 315 315 315 315 315 315 315 315 315 315 315 315 315 315 315 315 315 314 314 314 314 314 314 314 314 314 314 314 314 314 314 314 314 314 314 314 314 314 314 314 314 314 314 314 315 315 315 315 315 315 315 315 315 315 315 315 315 315 315 315 315 315 315 315 315 315 315 315 315 315 315 315 315 315 315 315 315 315 315 315 315 315 315 315 315 315 315 315 315 315 315
315 315 315 315 315 315 315 315 315 315 315 315 315 315 315 315 315 315 315 314 314 314 314 314 314 314 314 314 314 314 314 314 314 314 314 314 314 314 314 314 314 314 314 314 314 314 314 314 315 315 315 315 315 315 315 315 315 315 315 315 315 315 315 315 315 315 315 315 315 315 315 315 315 315 315 315 315 315 315 315 315 315 315 315 315 315 315 315 315 315 315 315 315 315
315 315 315 315 315 315 315 315 315 315 315 315 315 315 315 315 315 315 314 314 314 314 314 314 314 314 314 314 314 314 314 313 313 313 313 313 314 314 314 314 314 314 314 314 314 314 314 314 314 315 315 315 315 315 315 315 315 315 315 315 315 315 315 315 315 315 315 315 315 315 315 315 315 315 315 315 315 315 315 315 315 315 315 315 315 315 315 315 315 315 315 315 315 315
315 315 315 315 315 315 315 315 315 315 315 315 315 315 315 315 315 314 314 314 314 314 314 314 314 314 314 313 313 313 313 313 313 313 313 313 313 313 313 314 314 314 314 314 314 314 314 314 314 314 315 315 315 315 315 315 315 315 315 315 315 315 315 315 315 315 315 315 315 315 315 315 315 315 315 315 315 315 315 315 315 315 315 315 315 315 315 315 315 315 315 315 315 315
315 315 315 315 315 315 315 315 315 315 315 315 315 315 315 315 315 314 314 314 314 314 314 314 314 313 313 313 313 313 313 313 313 313 313 313 313 313 313 313 313 314 314 314 314 314 314 314 314 314 315 315 315 315 315 315 315 315 315 315 315 315 315 315 315 315 315 315 315 315 315 315 315 315 315 315 315 315 315 315 315 315 315 315 315 315 315 315 315 315 315 315 315 315
315 315 315 315 315 315 315 315 315 315 315 315 315 315 315 315 314 314 314 314 314 314 314 314 313 313 313 313 313 313 313 313 313 313 313 313 313 313 313 313 313 313 314 314 314 314 314 314 314 314 314 315 315 315 315 315 315 315 315 315 315 315 315 315 315 315 315 315 315 315 315 315 315 315 315 315 315 315 315 315 315 315 315 315 315 315 315 315 315 315 315 315 315 315
315 315 315 315 315 315 315 315 315 315 315 315 315 315 315 315 314 314 314 314 314 314 314 313 313 313 313 313 313 312 312 312 312 312 312 312 312 313 313 313 313 313 313 314 314 314 314 314 314 314 314 315 315 315 315 315 315 315 315 315 315 315 315 315 315 315 315 315 315 315 315 315 315 315 315 315 315 315 315 315 315 315 315 315 315 315 315 315 315 315 315 315 315 315
315 315 315 315 315 315 315 315 315 315 315 315 315 315 315 314 314 314 314 314 314 314 313 313 313 313 313 312 312 312 312 312 312 312 312 312 312 312 312 312 313 313 313 313 314 314 314 314 314 314 314 315 315 315 315 315 315 315 315 315 315 315 315 315 315 315 315 315 315 315 315 315 315 315 315 315 315 315 315 315 315 315 315 315 315 315 315 315 315 315 315 315 315 315
315 315 315 315 315 315 315 315 315 315 315 315 315 315 315 314 314 314 314 314 314 313 313 313 313 312 312 312 312 311 311 311 311 311 311 311 311 312 312 312 312 313 313 313 313 314 314 314 314 314 314 315 315 315 315 315 315 315 315 315 315 315 315 315 315 315 315 315 315 315 315 315 315 315 315 315 315 315 315 315 315 315 315 315 315 315 315 315 315 315 315 315 315 315
315 315 315 315 315 315 315 315 315 315 315 315 315 315 315 314 314 314 314 314 313 313 313 313 313 312 312 312 311 311 311 311 310 310 311 311 311 311 311 312 312 312 313 313 313 314 314 314 314 314 314 315 315 315 315 315 315 315 315 315 315 315 315 315 315 315 315 315 315 315 315 315 315 315 315 315 315 315 315 315 315 315 315 315 315 315 315 315 315 315 315 315 315 315
315 315 315 315 315 315 315 315 315 315 315 315 315 315 315 314 314 314 314 314 313 313 313 313 312 312 311 311 311 310 310 310 310 310 310 310 310 310 311 311 312 312 312 313 313 313 314 314 314 314 314 315 315 315 315 315 315 315 315 315 315 315 315 315 315 315 315 315 315 315 315 315 315 315 315 315 315 315 315 315 315 315 315 315 315 315 315 315 315 315 315 315 315 315
315 315 315 315 315 315 315 315 315 315 315 315 315 315 315 314 314 314 314 314 313 313 313 312 312 311 311 310 310 309 309 308 308 308 308 309 309 310 310 311 311 312 312 313 313 313 314 314 314 314 314 315 315 315 315 315 315 315 315 315 315 315 315 315 315 315 315 315 315 315 315 315 315 315 315 315 315 315 315 315 315 315 315 315 315 315 315 315 315 315 315 315 315 315
315 315 315 315 315 315 315 315 315 315 315 315 315 315 315 315 314 314 314 314 313 313 313 312 312 311 310 310 309 308 308 307 307 307 307 307 308 308 309 310 311 311 312 312 313 313 314 314 314 314 314 315 315 315 315 315 315 315 315 315 315 315 315 315 315 315 315 315 315 315 315 315 315 315 315 315 315 315 315 315 315 315 315 315 315 315 315 315 315 315 315 315 315 315
315 315 315 315 315 315 315 315 315 315 315 315 315 315 315 315 314 314 314 314 313 313 313 312 311 310 309 308 307 306 305 305 304 305 305 305 306 307 308 309 310 311 312 312 313 313 314 314 314 314 315 315 315 315 315 315 315 315 315 315 315 315 315 315 315 315 315 315 315 315 315 315 315 315 315 315 315 315 315 315 315 315 315 315 315 315 315 315 315 315 315 315 315 315
315 315 315 315 315 315 315 315 315 315 315 315 315 315 315 315 314 314 314 314 313 313 312 312 311 309 308 307 305 304 303 302 301 302 302 303 304 305 307 308 309 311 311 312 313 313 314 314 314 314 315 315 315 315 315 315 315 315 315 315 315 315 315 315 315 315 315 315 315 315 315 315 315 315 315 315 315 315 315 315 315 315 315 315 315 315 315 315 315 315 315 315 315 315
315 315 315 315 315 315 315 315 315 315 315 315 315 315 315 315 315 314 314 314 313 313 312 311 310 309 307 306 304 302 301 299 298 298 299 300 301 303 305 307 309 310 311 312 313 313 314 314 314 314 315 315 315 315 315 315 315 315 315 315 315 315 315 315 315 315 315 315 315 315 315 315 315 315 315 315 315 315 315 315 315 315 315 315 315 315 315 315 315 315 315 315 315 315
315 315 315 315 315 315 315 315 315 315 315 315 315 315 315 315 315 315 314 314 313 313 312 311 310 308 306 304 301 298 296 294 293 293 294 295 297 300 303 306 309 310 311 312 313 313 314 314 314 315 315 315 315 315 315 315 315 315 316 316 316 316 315 315 315 315 315 315 315 315 315 315 315 315 315 315 315 315 315 315 315 315 315 315 315 315 315 315 315 315 315 315 315 315
315 315 315 315 315 315 315 315 315 315 315 315 315 315 315 315 315 315 314 314 314 313 312 311 310 308 306 302 298 292 287 285 285 285 286 287 290 295 301 306 309 310 312 312 313 313 314 314 314 315 315 315 315 315 315 316 316 316 316 316 316 316 316 316 316 315 315 315 315 315 315 315 315 315 315 315 315 315 315 315 315 315 315 315 315 315 315 315 315 315 315 315 315 315
315 315 315 315 315 316 316 316 316 316 316 316 316 315 315 315 315 315 315 314 314 313 312 311 310 308 305 301 294 284 273 271 276 278 279 280 284 291 299 306 309 311 312 313 313 314 314 314 315 315 315 315 315 316 316 316 316 316 316 316 316 316 316 316 316 316 316 315 315 315 315 315 315 315 315 315 315 315 315 315 315 315 315 315 315 315 315 315 315 315 315 315 315 315
315 315 315 316 316 316 316 316 316 316 316 316 316 316 316 316 315 315 315 315 314 314 313 312 310 307 304 299 290 274 259 262 273 279 283 286 292 298 305 310 312 312 313 313 313 314 314 315 315 315 315 316 316 316 316 316 316 316 316 316 316 316 316 316 316 316 316 316 315 315 315 315 315 315 315 315 315 315 315 315 315 315 315 315 315 315 315 315 315 315 315 315 315 315
315 316 316 316 316 316 316 316 316 316 316 316 316 316 316 316 316 316 316 315 315 314 313 312 311 308 304 298 285 268 256 265 279 292 297 297 300 307 316 321 317 314 313 313 313 314 314 315 315 315 316 316 316 316 316 316 316 316 316 316 316 316 316 316 316 316 316 316 316 315 315 315 315 315 315 315 315 315 315 315 315 315 315 315 315 315 315 315 315 315 315 315 315 315
316 316 316 316 316 316 316 316 316 316 316 316 316 316 316 316 316 316 316 316 315 315 314 314 312 310 305 298 287 276 268 272 285 299 306 304 305 313 324 330 321 314 312 312 313 314 315 315 316 316 316 316 316 316 316 316 316 316 316 316 316 316 316 316 316 316 316 316 316 316 315 315 315 315 315 315 315 315 315 315 315 315 315 315 315 315 315 315 315 315 315 315 315 315
316 316 316 316 316 316 316 316 316 316 316 316 316 316 317 317 317 317 317 317 316 316 316 315 314 312 309 306 303 293 279 278 291 306 313 309 311 319 331 331 321 312 310 313 314 314 315 316 316 316 317 317 317 317 317 317 317 317 317 317 316 316 316 316 316 316 316 316 316 316 316 315 315 315 315 315 315 315 315 315 315 315 315 315 315 315 315 315 315 315 315 315 315 315
316 316 316 316 316 316 316 316 316 316 316 316 316 317 317 317 317 318 318 318 318 317 317 317 316 314 315 320 320 302 290 286 297 311 318 311 313 326 335 327 318 311 309 312 314 315 316 316 317 317 317 317 317 317 317 317 317 317 317 317 317 316 316 316 316 316 316 316 316 316 316 316 315 315 315 315 315 315 315 315 315 315 315 315 315 315 315 315 315 315 315 315 315 315
316 316 316 316 316 316 316 316 317 317 317 317 317 317 318 318 318 318 319 319 319 319 319 320 321 319 320 329 326 311 298 292 299 314 320 311 313 327 328 318 313 308 305 306 311 316 317 318 318 318 318 318 318 318 318 318 317 317 317 317 317 317 317 316 316 316 316 316 316 316 316 316 316 315 315 315 315 315 315 315 315 315 315 315 315 315 315 315 315 315 315 315 315 315
316 316 316 316 316 316 317 317 317 317 317 317 317 318 318 318 319 319 320 320 321 322 324 325 325 324 326 333 325 315 301 294 299 312 315 308 310 317 317 312 309 307 304 305 309 316 320 321 320 319 319 319 319 318 318 318 318 318 317 317 317 317 317 317 316 316 316 316 316 316 316 316 316 315 315 315 315 315 315 315 315 315 315 315 315 315 315 315 315 315 315 315 315 315
316 316 316 316 316 317 317 317 317 317 317 317 318 318 319 319 320 321 322 322 324 326 329 330 328 326 330 336 324 316 301 293 296 307 306 302 305 307 310 310 309 309 307 307 310 317 326 325 321 321 320 320 320 319 319 319 318 318 318 317 317 317 317 317 317 316 316 316 316 316 316 316 316 316 315 315 315 315 315 315 315 315 315 315 315 315 315 315 315 315 315 315 315 315
316 316 316 316 317 317 317 317 317 317 317 318 319 319 319 320 321 322 323 325 328 332 335 334 330 327 332 335 323 315 300 292 293 300 297 298 303 302 305 310 310 310 309 309 310 315 328 328 324 323 322 321 321 320 320 319 319 318 318 318 318 317 317 317 317 317 316 316 316 316 316 316 316 316 315 315 315 315 315 315 315 315 315 315 315 315 315 315 315 315 315 315 315 315
316 316 316 317 317 317 317 317 317 317 318 318 319 319 320 321 322 323 325 328 332 338 339 335 329 327 332 329 320 312 299 291 290 294 295 298 303 302 304 310 312 311 310 310 311 312 321 328 326 324 323 322 322 321 320 320 319 319 318 318 318 318 317 317 317 317 317 316 316 316 316 316 316 316 316 315 315 315 315 315 315 315 315 315 315 315 315 315 315 315 315 315 315 315
316 316 317 317 317 317 317 317 317 318 318 319 319 320 321 322 323 325 328 332 339 343 341 334 328 327 329 325 317 309 297 290 289 293 297 300 303 304 307 311 311 311 312 311 313 314 318 330 329 326 325 323 323 322 321 320 320 319 319 318 318 318 318 317 317 317 317 316 316 316 316 316 316 316 316 315 315 315 315 315 315 315 315 315 315 315 315 315 315 315 315 315 315 315
316 316 317 317 317 317 317 318 318 318 319 319 320 321 322 323 325 327 330 337 344 345 342 335 330 330 327 322 315 306 296 290 290 294 299 301 303 306 309 311 310 313 315 313 316 317 318 328 332 329 326 325 324 323 322 321 320 320 319 319 318 318 318 317 317 317 317 317 316 316 316 316 316 316 316 316 315 315 315 315 315 315 315 315 315 315 315 315 315 315 315 315 315 315
316 317 317 317 317 317 318 318 318 319 319 320 320 321 323 324 326 329 333 341 346 345 342 336 333 331 326 320 314 304 296 293 294 297 300 302 303 306 309 311 311 314 315 314 317 320 320 326 332 329 327 326 325 324 323 322 321 320 320 319 319 318 318 318 317 317 317 317 316 316 316 316 316 316 316 316 315 315 315 315 315 315 315 315 315 315 315 315 315 315 315 315 315 315
317 317 317 317 317 318 318 318 318 319 320 320 321 322 324 325 327 331 336 343 345 343 339 334 332 329 323 319 313 304 299 297 297 299 301 303 304 307 310 312 312 312 314 317 320 322 325 329 333 331 330 328 327 325 324 323 322 321 320 319 319 319 318 318 318 317 317 317 317 316 316 316 316 316 316 316 315 315 315 315 315 315 315 315 315 315 315 315 315 315 315 315 315 315
317 317 317 317 318 318 318 318 319 319 320 321 322 323 324 326 328 333 338 342 344 342 336 330 328 326 321 319 314 306 302 301 301 302 304 305 306 309 311 313 313 314 316 321 324 326 328 332 334 335 334 330 328 326 325 324 322 321 321 320 319 319 318 318 318 317 317 317 317 316 316 316 316 316 316 316 316 315 315 315 315 315 315 315 315 315 315 315 315 315 315 315 315 315
317 317 317 317 318 318 318 319 319 320 321 321 322 324 325 327 330 335 339 341 342 341 334 328 325 323 320 319 316 309 306 304 304 305 306 307 308 310 313 314 314 316 320 324 327 329 330 332 334 335 334 331 329 327 326 324 323 322 321 320 320 319 319 318 318 318 317 317 317 317 316 316 316 316 316 316 316 315 315 315 315 315 315 315 315 315 315 315 315 315 315 315 315 315
317 317 317 318 318 318 318 319 319 320 321 322 323 325 326 329 332 336 340 341 341 339 333 328 326 323 322 321 318 312 309 307 307 308 309 310 311 313 315 315 316 319 322 326 329 330 333 335 335 335 334 332 331 329 327 325 324 322 321 321 320 319 319 318 318 318 317 317 317 317 316 316 316 316 316 316 316 315 315 315 315 315 315 315 315 315 315 315 315 315 315 315 315 315
317 317 318 318 318 318 319 319 320 321 322 323 324 326 328 330 334 339 341 341 341 338 334 330 328 326 323 321 318 312 310 309 309 311 312 312 314 316 318 318 318 321 324 328 329 331 333 336 337 338 338 336 333 330 328 326 324 323 322 321 320 319 319 318 318 318 317 317 317 317 316 316 316 316 316 316 316 315 315 315 315 315 315 315 315 315 315 315 315 315 315 315 315 315
