data/AilsaCraig_270_1_25m_vel_5m.asc
ncols	257
nrows	257
xllcorner	3364200.000000
yllcorner	3669375.000000
cellsize	25.000000
NODATA_value	-1.000000
[rows 114 to 151 of 257, columns 84 to 167 of 257]
1.16 1.16 1.16 1.15 1.15 1.15 1.14 1.14 1.14 1.13 1.13 1.12 1.12 1.11 1.10 1.10 1.09 1.09 1.08 1.08 1.08 1.06 1.03 1.01 1.01 1.00 0.97 0.96 0.94 0.93 0.91 0.89 0.89 0.89 0.92 0.93 0.82 0.69 0.78 0.94 1.34 2.49 2.67 1.69 1.41 1.76 1.54 0.93 0.74 0.82 0.92 1.00 1.13 1.24 1.19 1.01 0.95 0.93 0.93 0.94 0.95 0.96 0.98 0.99 1.01 1.02 1.04 1.05 1.06 1.07 1.08 1.08 1.09 1.10 1.10 1.11 1.12 1.12 1.13 1.13 1.14 1.14 1.14 1.15
1.16 1.16 1.15 1.15 1.15 1.15 1.14 1.14 1.13 1.13 1.12 1.12 1.11 1.11 1.10 1.09 1.09 1.08 1.08 1.08 1.06 1.04 1.01 1.00 1.00 0.97 0.95 0.93 0.91 0.89 0.87 0.85 0.84 0.86 0.91 0.94 0.81 0.65 0.77 0.93 1.47 2.63 2.62 1.58 1.53 1.78 1.46 1.15 0.95 0.92 1.01 1.06 1.16 1.27 1.27 1.12 0.90 0.84 0.89 0.90 0.91 0.93 0.95 0.97 0.99 1.00 1.02 1.04 1.05 1.06 1.07 1.08 1.08 1.09 1.10 1.11 1.11 1.12 1.12 1.13 1.13 1.14 1.14 1.14
1.16 1.16 1.15 1.15 1.15 1.14 1.14 1.14 1.13 1.13 1.12 1.11 1.11 1.10 1.09 1.09 1.08 1.08 1.07 1.07 1.05 1.02 1.00 0.99 0.98 0.95 0.92 0.90 0.88 0.86 0.83 0.81 0.81 0.83 0.89 0.93 0.82 0.69 0.81 0.98 1.63 2.65 2.53 1.63 1.68 1.81 1.46 1.35 1.24 1.05 1.08 1.13 1.20 1.26 1.28 1.13 0.79 0.78 0.84 0.84 0.87 0.89 0.91 0.94 0.96 0.98 1.00 1.02 1.04 1.05 1.06 1.07 1.08 1.09 1.09 1.10 1.11 1.11 1.12 1.13 1.13 1.14 1.14 1.14
1.16 1.15 1.15 1.15 1.15 1.14 1.14 1.13 1.13 1.12 1.12 1.11 1.10 1.10 1.09 1.08 1.08 1.07 1.07 1.06 1.03 1.01 0.99 0.98 0.95 0.92 0.90 0.87 0.84 0.81 0.78 0.77 0.80 0.84 0.88 0.91 0.82 0.76 0.87 1.08 1.74 2.56 2.48 1.86 1.83 1.84 1.50 1.42 1.47 1.23 1.11 1.15 1.21 1.25 1.22 1.16 0.89 0.75 0.76 0.79 0.82 0.85 0.87 0.90 0.93 0.96 0.98 1.01 1.02 1.04 1.05 1.06 1.07 1.08 1.09 1.10 1.10 1.11 1.12 1.12 1.13 1.13 1.14 1.14
1.16 1.15 1.15 1.15 1.14 1.14 1.14 1.13 1.13 1.12 1.11 1.11 1.10 1.09 1.08 1.08 1.07 1.07 1.06 1.04 1.02 0.99 0.98 0.96 0.93 0.90 0.87 0.84 0.80 0.76 0.74 0.74 0.80 0.86 0.90 0.88 0.82 0.83 0.96 1.21 1.77 2.38 2.41 2.11 1.97 1.84 1.59 1.50 1.52 1.33 1.19 1.19 1.19 1.24 1.19 1.17 1.06 0.72 0.69 0.74 0.77 0.81 0.84 0.87 0.90 0.94 0.97 0.99 1.01 1.03 1.04 1.05 1.07 1.08 1.08 1.09 1.10 1.11 1.11 1.12 1.13 1.13 1.14 1.14
1.15 1.15 1.15 1.15 1.14 1.14 1.13 1.13 1.12 1.12 1.11 1.10 1.10 1.09 1.08 1.07 1.07 1.06 1.05 1.03 1.00 0.98 0.97 0.94 0.91 0.88 0.84 0.80 0.75 0.70 0.69 0.72 0.79 0.90 0.95 0.89 0.86 0.91 1.05 1.31 1.76 2.16 2.27 2.18 2.02 1.84 1.69 1.62 1.49 1.32 1.33 1.26 1.15 1.22 1.19 1.11 1.07 0.77 0.64 0.67 0.71 0.76 0.80 0.83 0.87 0.91 0.95 0.98 1.00 1.02 1.03 1.05 1.06 1.07 1.08 1.09 1.10 1.10 1.11 1.12 1.12 1.13 1.13 1.14
1.15 1.15 1.15 1.14 1.14 1.14 1.13 1.13 1.12 1.11 1.11 1.10 1.09 1.08 1.08 1.07 1.06 1.06 1.04 1.01 0.99 0.98 0.95 0.91 0.88 0.85 0.81 0.76 0.71 0.64 0.63 0.68 0.77 0.91 0.98 0.95 0.95 1.00 1.11 1.37 1.71 1.98 2.13 2.13 2.00 1.86 1.77 1.67 1.49 1.36 1.39 1.32 1.17 1.22 1.17 1.07 1.07 0.84 0.57 0.60 0.66 0.71 0.76 0.80 0.84 0.89 0.93 0.96 0.98 1.01 1.02 1.04 1.05 1.06 1.07 1.08 1.09 1.10 1.11 1.11 1.12 1.13 1.13 1.14
1.15 1.15 1.15 1.14 1.14 1.13 1.13 1.12 1.12 1.11 1.10 1.10 1.09 1.08 1.07 1.06 1.06 1.05 1.03 1.00 0.98 0.96 0.93 0.89 0.86 0.83 0.78 0.72 0.65 0.59 0.59 0.64 0.72 0.86 0.95 1.00 1.05 1.06 1.14 1.38 1.67 1.89 2.03 2.02 1.93 1.86 1.80 1.68 1.50 1.39 1.37 1.34 1.28 1.22 1.15 1.07 1.02 0.86 0.59 0.57 0.61 0.65 0.72 0.77 0.81 0.86 0.91 0.94 0.97 0.99 1.01 1.03 1.05 1.06 1.07 1.08 1.09 1.10 1.11 1.11 1.12 1.13 1.13 1.14
1.15 1.15 1.15 1.14 1.14 1.13 1.13 1.12 1.11 1.11 1.10 1.09 1.08 1.08 1.07 1.06 1.05 1.04 1.02 0.99 0.96 0.95 0.91 0.87 0.84 0.80 0.75 0.68 0.61 0.55 0.55 0.59 0.69 0.81 0.88 0.99 1.10 1.10 1.15 1.39 1.64 1.83 1.94 1.91 1.84 1.82 1.79 1.68 1.51 1.40 1.38 1.37 1.34 1.23 1.10 1.03 0.92 0.77 0.62 0.54 0.55 0.59 0.67 0.73 0.78 0.83 0.88 0.92 0.95 0.98 1.01 1.02 1.04 1.05 1.07 1.08 1.09 1.09 1.10 1.11 1.12 1.12 1.13 1.13
1.15 1.15 1.14 1.14 1.14 1.13 1.13 1.12 1.11 1.10 1.10 1.09 1.08 1.07 1.06 1.05 1.05 1.03 1.01 0.97 0.95 0.94 0.90 0.86 0.82 0.77 0.72 0.64 0.58 0.53 0.51 0.55 0.68 0.79 0.82 0.93 1.09 1.12 1.18 1.41 1.62 1.77 1.85 1.82 1.75 1.75 1.75 1.66 1.51 1.42 1.41 1.40 1.32 1.18 1.05 0.95 0.84 0.74 0.64 0.49 0.47 0.53 0.62 0.70 0.76 0.80 0.85 0.90 0.94 0.97 1.00 1.02 1.03 1.05 1.06 1.07 1.08 1.09 1.10 1.11 1.12 1.12 1.13 1.13
1.15 1.15 1.14 1.14 1.13 1.13 1.12 1.12 1.11 1.10 1.09 1.09 1.08 1.07 1.06 1.05 1.04 1.03 0.99 0.96 0.94 0.92 0.88 0.84 0.80 0.75 0.69 0.61 0.56 0.52 0.49 0.51 0.66 0.79 0.82 0.90 1.04 1.11 1.21 1.45 1.61 1.71 1.78 1.74 1.68 1.67 1.68 1.61 1.51 1.45 1.43 1.39 1.27 1.11 0.99 0.90 0.79 0.69 0.63 0.54 0.45 0.49 0.57 0.66 0.74 0.78 0.83 0.89 0.93 0.96 0.99 1.01 1.03 1.05 1.06 1.07 1.08 1.09 1.10 1.11 1.11 1.12 1.13 1.13
1.15 1.15 1.14 1.14 1.13 1.13 1.12 1.12 1.11 1.10 1.09 1.08 1.07 1.06 1.06 1.05 1.04 1.02 0.98 0.95 0.93 0.90 0.86 0.82 0.77 0.72 0.65 0.59 0.56 0.52 0.48 0.50 0.62 0.77 0.84 0.89 0.99 1.06 1.20 1.47 1.60 1.67 1.72 1.67 1.61 1.61 1.61 1.55 1.49 1.47 1.43 1.34 1.19 1.04 0.95 0.86 0.75 0.65 0.61 0.57 0.47 0.43 0.51 0.62 0.71 0.76 0.81 0.87 0.91 0.95 0.98 1.00 1.03 1.04 1.06 1.07 1.08 1.09 1.10 1.10 1.11 1.12 1.13 1.13
1.15 1.15 1.14 1.14 1.13 1.13 1.12 1.11 1.11 1.10 1.09 1.08 1.07 1.06 1.05 1.04 1.03 1.01 0.96 0.93 0.92 0.89 0.84 0.80 0.75 0.69 0.61 0.57 0.57 0.54 0.50 0.51 0.60 0.73 0.83 0.91 0.99 1.04 1.20 1.46 1.58 1.65 1.67 1.60 1.56 1.58 1.56 1.47 1.43 1.48 1.45 1.31 1.13 1.00 0.94 0.84 0.73 0.64 0.58 0.56 0.49 0.39 0.46 0.58 0.67 0.74 0.79 0.84 0.89 0.94 0.97 1.00 1.02 1.04 1.05 1.06 1.08 1.09 1.09 1.10 1.11 1.12 1.12 1.13
1.15 1.15 1.14 1.14 1.13 1.13 1.12 1.11 1.10 1.09 1.09 1.08 1.07 1.06 1.05 1.04 1.02 0.99 0.95 0.92 0.91 0.87 0.82 0.78 0.72 0.66 0.58 0.53 0.56 0.56 0.54 0.55 0.60 0.71 0.81 0.92 0.98 1.04 1.23 1.47 1.58 1.65 1.64 1.57 1.54 1.57 1.52 1.40 1.38 1.48 1.48 1.32 1.12 1.02 0.95 0.83 0.72 0.63 0.57 0.54 0.51 0.43 0.43 0.53 0.64 0.72 0.78 0.83 0.88 0.93 0.96 0.99 1.02 1.03 1.05 1.06 1.07 1.08 1.09 1.10 1.11 1.12 1.12 1.13
1.15 1.14 1.14 1.13 1.13 1.12 1.12 1.11 1.10 1.09 1.08 1.07 1.06 1.05 1.05 1.04 1.02 0.98 0.94 0.91 0.90 0.85 0.80 0.76 0.70 0.63 0.55 0.52 0.54 0.57 0.58 0.60 0.64 0.70 0.81 0.93 0.98 1.05 1.29 1.49 1.61 1.65 1.61 1.55 1.55 1.56 1.46 1.33 1.36 1.45 1.48 1.38 1.21 1.09 0.98 0.82 0.71 0.63 0.55 0.51 0.51 0.48 0.42 0.49 0.61 0.70 0.77 0.82 0.87 0.92 0.96 0.99 1.01 1.03 1.05 1.06 1.07 1.08 1.09 1.10 1.11 1.12 1.12 1.13
1.15 1.14 1.14 1.13 1.13 1.12 1.12 1.11 1.10 1.09 1.08 1.07 1.06 1.05 1.04 1.04 1.01 0.97 0.93 0.91 0.88 0.83 0.78 0.73 0.67 0.59 0.52 0.51 0.53 0.56 0.63 0.67 0.67 0.72 0.82 0.95 0.99 1.07 1.34 1.53 1.63 1.64 1.58 1.54 1.56 1.54 1.39 1.31 1.35 1.39 1.46 1.46 1.33 1.17 1.02 0.85 0.73 0.61 0.52 0.50 0.51 0.51 0.46 0.47 0.58 0.68 0.76 0.82 0.86 0.91 0.95 0.98 1.01 1.03 1.05 1.06 1.07 1.08 1.09 1.10 1.11 1.12 1.12 1.13
1.15 1.14 1.14 1.13 1.13 1.12 1.11 1.11 1.10 1.09 1.08 1.07 1.06 1.05 1.04 1.03 1.00 0.95 0.92 0.90 0.87 0.81 0.76 0.71 0.64 0.54 0.49 0.50 0.52 0.55 0.66 0.71 0.71 0.76 0.86 0.95 1.02 1.15 1.39 1.56 1.64 1.62 1.55 1.53 1.57 1.53 1.36 1.30 1.32 1.33 1.42 1.51 1.42 1.22 1.04 0.88 0.75 0.61 0.49 0.49 0.50 0.52 0.50 0.47 0.55 0.67 0.75 0.82 0.85 0.90 0.95 0.98 1.01 1.03 1.05 1.06 1.07 1.08 1.09 1.10 1.11 1.11 1.12 1.13
1.15 1.14 1.14 1.13 1.13 1.12 1.11 1.11 1.10 1.09 1.08 1.07 1.06 1.05 1.04 1.02 0.99 0.94 0.91 0.89 0.85 0.80 0.74 0.68 0.61 0.50 0.45 0.49 0.51 0.56 0.69 0.75 0.75 0.82 0.91 0.99 1.08 1.25 1.44 1.58 1.64 1.61 1.54 1.52 1.56 1.53 1.38 1.29 1.28 1.29 1.41 1.53 1.44 1.22 1.05 0.91 0.78 0.61 0.50 0.50 0.51 0.52 0.53 0.51 0.54 0.65 0.75 0.82 0.86 0.90 0.95 0.98 1.01 1.03 1.05 1.06 1.07 1.08 1.09 1.10 1.11 1.11 1.12 1.13
1.15 1.14 1.14 1.13 1.13 1.12 1.11 1.10 1.10 1.09 1.08 1.07 1.06 1.05 1.04 1.02 0.98 0.93 0.90 0.88 0.83 0.78 0.72 0.65 0.58 0.46 0.41 0.47 0.51 0.59 0.72 0.78 0.80 0.87 0.97 1.07 1.18 1.35 1.52 1.60 1.64 1.61 1.55 1.52 1.56 1.56 1.43 1.28 1.25 1.30 1.43 1.52 1.40 1.20 1.06 0.94 0.80 0.62 0.53 0.51 0.51 0.52 0.55 0.55 0.57 0.64 0.74 0.81 0.86 0.90 0.94 0.98 1.01 1.03 1.05 1.06 1.07 1.08 1.09 1.10 1.11 1.12 1.12 1.13
1.15 1.14 1.14 1.13 1.13 1.12 1.11 1.10 1.10 1.09 1.08 1.07 1.06 1.05 1.04 1.01 0.97 0.93 0.90 0.87 0.82 0.76 0.71 0.62 0.54 0.44 0.39 0.44 0.51 0.61 0.75 0.83 0.86 0.93 1.04 1.17 1.31 1.46 1.58 1.63 1.64 1.62 1.55 1.52 1.56 1.58 1.46 1.31 1.28 1.34 1.43 1.46 1.36 1.20 1.07 0.98 0.82 0.64 0.54 0.52 0.51 0.53 0.56 0.59 0.61 0.66 0.74 0.81 0.87 0.90 0.94 0.98 1.01 1.03 1.05 1.06 1.07 1.08 1.09 1.10 1.11 1.12 1.12 1.13
1.15 1.14 1.14 1.13 1.13 1.12 1.11 1.10 1.10 1.09 1.08 1.07 1.06 1.05 1.03 1.01 0.96 0.92 0.90 0.86 0.81 0.75 0.69 0.60 0.49 0.41 0.39 0.43 0.50 0.62 0.78 0.88 0.92 1.00 1.14 1.29 1.44 1.55 1.62 1.65 1.64 1.60 1.55 1.53 1.57 1.58 1.47 1.37 1.36 1.37 1.38 1.38 1.35 1.23 1.11 1.02 0.87 0.69 0.56 0.50 0.50 0.54 0.57 0.62 0.66 0.70 0.75 0.81 0.87 0.91 0.94 0.98 1.01 1.03 1.05 1.06 1.07 1.08 1.09 1.10 1.11 1.12 1.12 1.13
1.15 1.14 1.14 1.13 1.13 1.12 1.11 1.10 1.10 1.09 1.08 1.07 1.06 1.05 1.03 1.00 0.96 0.92 0.90 0.85 0.80 0.74 0.66 0.57 0.44 0.37 0.38 0.43 0.50 0.61 0.78 0.92 1.00 1.09 1.25 1.42 1.54 1.61 1.65 1.66 1.63 1.59 1.55 1.55 1.58 1.55 1.47 1.45 1.42 1.35 1.31 1.34 1.35 1.26 1.15 1.07 0.94 0.77 0.62 0.51 0.50 0.55 0.58 0.64 0.70 0.74 0.78 0.82 0.87 0.91 0.94 0.98 1.01 1.03 1.05 1.07 1.08 1.09 1.09 1.10 1.11 1.12 1.12 1.13
1.15 1.14 1.14 1.13 1.13 1.12 1.11 1.10 1.10 1.09 1.08 1.07 1.06 1.05 1.02 1.00 0.95 0.92 0.89 0.84 0.79 0.73 0.64 0.54 0.40 0.32 0.37 0.44 0.51 0.63 0.79 0.95 1.06 1.19 1.38 1.54 1.61 1.63 1.65 1.65 1.62 1.58 1.55 1.56 1.56 1.50 1.48 1.51 1.44 1.29 1.25 1.32 1.36 1.29 1.18 1.09 0.98 0.84 0.68 0.55 0.52 0.57 0.60 0.66 0.74 0.78 0.81 0.83 0.87 0.91 0.95 0.98 1.01 1.04 1.05 1.07 1.08 1.09 1.10 1.10 1.11 1.12 1.12 1.13
1.15 1.14 1.14 1.13 1.13 1.12 1.11 1.11 1.10 1.09 1.08 1.07 1.06 1.04 1.02 0.99 0.96 0.92 0.89 0.84 0.78 0.72 0.63 0.51 0.37 0.29 0.35 0.44 0.53 0.65 0.81 0.97 1.13 1.30 1.49 1.61 1.63 1.63 1.64 1.64 1.61 1.57 1.54 1.55 1.52 1.48 1.51 1.53 1.38 1.23 1.22 1.30 1.37 1.32 1.21 1.11 1.01 0.88 0.72 0.58 0.57 0.60 0.63 0.70 0.77 0.80 0.83 0.86 0.88 0.92 0.96 0.99 1.02 1.04 1.06 1.07 1.08 1.09 1.10 1.11 1.11 1.12 1.13 1.13
1.15 1.14 1.14 1.13 1.13 1.12 1.11 1.11 1.10 1.09 1.08 1.07 1.06 1.04 1.02 1.00 0.97 0.93 0.89 0.84 0.78 0.71 0.61 0.48 0.35 0.29 0.36 0.45 0.54 0.68 0.84 1.03 1.22 1.40 1.55 1.62 1.63 1.63 1.64 1.63 1.60 1.56 1.53 1.52 1.48 1.46 1.53 1.50 1.30 1.17 1.19 1.29 1.37 1.34 1.24 1.14 1.04 0.91 0.74 0.62 0.62 0.65 0.67 0.73 0.80 0.83 0.85 0.88 0.90 0.93 0.97 1.00 1.03 1.05 1.06 1.07 1.08 1.09 1.10 1.11 1.12 1.12 1.13 1.13
1.15 1.14 1.14 1.13 1.13 1.12 1.11 1.11 1.10 1.09 1.08 1.07 1.06 1.04 1.02 1.00 0.97 0.93 0.89 0.84 0.79 0.72 0.61 0.45 0.33 0.32 0.39 0.45 0.57 0.70 0.88 1.13 1.33 1.47 1.57 1.61 1.63 1.64 1.64 1.62 1.58 1.55 1.54 1.50 1.44 1.44 1.51 1.43 1.22 1.13 1.17 1.28 1.37 1.34 1.26 1.17 1.07 0.93 0.76 0.64 0.67 0.70 0.72 0.77 0.82 0.84 0.86 0.89 0.92 0.95 0.98 1.01 1.04 1.06 1.07 1.08 1.09 1.10 1.10 1.11 1.12 1.12 1.13 1.13
1.15 1.14 1.14 1.13 1.13 1.12 1.12 1.11 1.10 1.09 1.08 1.07 1.06 1.05 1.03 1.01 0.98 0.94 0.90 0.85 0.79 0.73 0.63 0.47 0.36 0.38 0.43 0.47 0.63 0.76 0.96 1.24 1.41 1.51 1.58 1.62 1.63 1.63 1.63 1.61 1.58 1.58 1.58 1.48 1.35 1.37 1.44 1.38 1.21 1.12 1.15 1.28 1.37 1.35 1.28 1.21 1.10 0.95 0.77 0.67 0.71 0.76 0.77 0.80 0.84 0.85 0.87 0.91 0.95 0.97 1.00 1.03 1.05 1.06 1.07 1.08 1.09 1.10 1.11 1.11 1.12 1.13 1.13 1.14
1.15 1.14 1.14 1.14 1.13 1.12 1.12 1.11 1.10 1.10 1.09 1.08 1.06 1.05 1.03 1.01 0.98 0.95 0.92 0.87 0.81 0.74 0.66 0.55 0.47 0.46 0.48 0.54 0.70 0.86 1.09 1.31 1.43 1.53 1.61 1.64 1.62 1.61 1.63 1.64 1.62 1.65 1.64 1.41 1.21 1.28 1.34 1.31 1.23 1.14 1.15 1.29 1.38 1.36 1.32 1.25 1.13 0.97 0.80 0.71 0.76 0.81 0.82 0.84 0.85 0.87 0.89 0.94 0.97 0.99 1.02 1.04 1.06 1.07 1.08 1.09 1.09 1.10 1.11 1.12 1.12 1.13 1.13 1.14
1.15 1.14 1.14 1.14 1.13 1.13 1.12 1.11 1.11 1.10 1.09 1.08 1.07 1.05 1.04 1.02 1.00 0.97 0.93 0.88 0.83 0.77 0.71 0.64 0.58 0.58 0.58 0.62 0.76 0.97 1.19 1.33 1.43 1.55 1.66 1.65 1.60 1.60 1.64 1.69 1.69 1.73 1.67 1.31 1.07 1.18 1.21 1.20 1.22 1.15 1.17 1.31 1.38 1.38 1.36 1.30 1.17 0.99 0.82 0.76 0.81 0.85 0.86 0.85 0.87 0.89 0.92 0.96 0.99 1.01 1.03 1.05 1.07 1.08 1.08 1.09 1.10 1.10 1.11 1.12 1.12 1.13 1.13 1.14
1.15 1.15 1.14 1.14 1.13 1.13 1.12 1.11 1.11 1.10 1.09 1.08 1.07 1.06 1.04 1.03 1.01 0.98 0.94 0.90 0.86 0.81 0.76 0.70 0.66 0.66 0.66 0.68 0.81 1.03 1.23 1.32 1.42 1.59 1.69 1.66 1.60 1.60 1.66 1.75 1.81 1.82 1.64 1.20 1.02 1.11 1.10 1.10 1.14 1.12 1.19 1.32 1.37 1.38 1.39 1.34 1.22 1.02 0.84 0.82 0.87 0.89 0.89 0.87 0.90 0.93 0.95 0.98 1.01 1.03 1.04 1.06 1.08 1.08 1.09 1.09 1.10 1.11 1.12 1.12 1.13 1.13 1.14 1.14
1.15 1.15 1.14 1.14 1.13 1.13 1.12 1.12 1.11 1.10 1.10 1.09 1.08 1.06 1.05 1.04 1.02 0.99 0.96 0.93 0.89 0.85 0.80 0.76 0.73 0.71 0.69 0.68 0.82 1.05 1.24 1.33 1.45 1.62 1.69 1.65 1.62 1.62 1.69 1.84 1.94 1.86 1.52 1.11 1.01 1.05 1.01 1.00 1.03 1.07 1.19 1.33 1.37 1.39 1.41 1.37 1.26 1.05 0.87 0.87 0.92 0.92 0.91 0.90 0.93 0.96 0.98 1.00 1.03 1.04 1.06 1.08 1.08 1.08 1.09 1.10 1.11 1.12 1.12 1.12 1.13 1.13 1.14 1.14
1.15 1.15 1.14 1.14 1.14 1.13 1.13 1.12 1.11 1.11 1.10 1.09 1.08 1.07 1.06 1.04 1.03 1.00 0.98 0.95 0.92 0.89 0.85 0.81 0.79 0.76 0.75 0.67 0.63 1.08 1.25 1.34 1.48 1.62 1.66 1.65 1.65 1.66 1.72 1.93 2.07 1.83 1.34 1.05 0.99 1.00 0.95 0.91 0.93 1.01 1.16 1.30 1.36 1.39 1.42 1.39 1.29 1.08 0.92 0.92 0.95 0.94 0.93 0.95 0.97 0.99 1.00 1.02 1.04 1.06 1.07 1.08 1.09 1.09 1.10 1.11 1.11 1.12 1.12 1.13 1.13 1.14 1.14 1.14
1.15 1.15 1.15 1.14 1.14 1.13 1.13 1.12 1.12 1.11 1.10 1.10 1.09 1.08 1.07 1.05 1.04 1.02 1.00 0.98 0.95 0.92 0.89 0.86 0.84 0.82 0.80 0.77 0.84 1.09 1.26 1.34 1.50 1.58 1.62 1.64 1.68 1.70 1.75 2.03 2.14 1.70 1.17 1.00 0.94 0.93 0.87 0.80 0.85 0.96 1.10 1.24 1.33 1.38 1.41 1.41 1.32 1.13 0.99 0.96 0.98 0.97 0.97 0.99 1.00 1.01 1.02 1.04 1.06 1.07 1.08 1.09 1.09 1.09 1.11 1.11 1.12 1.12 1.13 1.13 1.13 1.14 1.14 1.14
1.15 1.15 1.15 1.14 1.14 1.14 1.13 1.13 1.12 1.11 1.11 1.10 1.09 1.08 1.07 1.06 1.05 1.03 1.02 1.00 0.98 0.95 0.93 0.91 0.89 0.87 0.86 0.89 0.98 1.03 1.16 1.34 1.49 1.55 1.58 1.63 1.71 1.75 1.81 2.11 2.15 1.56 1.14 1.00 0.89 0.84 0.72 0.64 0.79 0.92 1.02 1.16 1.28 1.34 1.38 1.41 1.34 1.18 1.05 1.00 1.00 1.00 1.00 1.02 1.02 1.03 1.04 1.06 1.08 1.09 1.09 1.09 1.10 1.10 1.11 1.12 1.12 1.12 1.13 1.13 1.14 1.14 1.14 1.15
1.15 1.15 1.15 1.14 1.14 1.14 1.13 1.13 1.12 1.12 1.11 1.10 1.10 1.09 1.08 1.07 1.06 1.05 1.03 1.02 1.00 0.98 0.97 0.95 0.93 0.92 0.92 0.95 0.97 0.99 1.03 1.25 1.45 1.52 1.56 1.62 1.72 1.80 1.92 2.16 2.09 1.59 1.30 1.12 0.92 0.79 0.63 0.58 0.77 0.91 0.95 1.09 1.21 1.25 1.31 1.38 1.35 1.21 1.08 1.03 1.03 1.04 1.04 1.04 1.05 1.05 1.05 1.07 1.09 1.10 1.09 1.10 1.11 1.11 1.12 1.12 1.12 1.13 1.13 1.14 1.14 1.14 1.15 1.15
1.15 1.15 1.15 1.15 1.14 1.14 1.14 1.13 1.13 1.12 1.12 1.11 1.10 1.10 1.09 1.08 1.07 1.06 1.05 1.04 1.02 1.01 1.00 0.98 0.97 0.97 0.97 0.98 1.00 1.03 1.05 1.11 1.34 1.48 1.54 1.62 1.73 1.87 2.05 2.16 1.95 1.62 1.46 1.26 1.02 0.85 0.69 0.66 0.81 0.93 0.96 1.06 1.13 1.15 1.23 1.33 1.32 1.22 1.11 1.07 1.07 1.06 1.06 1.06 1.07 1.06 1.07 1.09 1.10 1.10 1.10 1.11 1.12 1.12 1.12 1.12 1.13 1.13 1.14 1.14 1.14 1.14 1.15 1.15
1.16 1.15 1.15 1.15 1.14 1.14 1.14 1.13 1.13 1.12 1.12 1.11 1.11 1.10 1.10 1.09 1.08 1.07 1.06 1.05 1.04 1.03 1.02 1.01 1.01 1.00 1.01 1.02 1.03 1.05 1.08 1.13 1.19 1.38 1.54 1.64 1.74 1.89 2.12 2.12 1.75 1.57 1.55 1.34 1.10 0.92 0.80 0.80 0.88 0.96 1.01 1.06 1.09 1.11 1.18 1.27 1.27 1.20 1.13 1.10 1.09 1.09 1.08 1.08 1.08 1.07 1.09 1.10 1.11 1.10 1.11 1.12 1.12 1.12 1.13 1.13 1.13 1.13 1.14 1.14 1.14 1.15 1.15 1.15
1.16 1.15 1.15 1.15 1.15 1.14 1.14 1.14 1.13 1.13 1.12 1.12 1.11 1.11 1.10 1.10 1.09 1.08 1.08 1.07 1.06 1.05 1.05 1.04 1.04 1.04 1.04 1.05 1.06 1.08 1.11 1.14 1.18 1.27 1.52 1.65 1.71 1.81 2.07 2.10 1.70 1.55 1.57 1.37 1.13 0.96 0.89 0.91 0.96 1.00 1.04 1.07 1.09 1.10 1.15 1.22 1.23 1.18 1.15 1.12 1.11 1.10 1.10 1.10 1.09 1.09 1.10 1.11 1.11 1.11 1.12 1.12 1.13 1.13 1.13 1.13 1.13 1.14 1.14 1.14 1.15 1.15 1.15 1.15
