data/AilsaCraig_270_1_25m_ang_mm.asc
ncols	257
nrows	257
xllcorner	3364200.000000
yllcorner	3669375.000000
cellsize	25.000000
NODATA_value	-9999.000000
[rows 84 to 125 of 257, columns 95 to 189 of 257]
266 266 266 266 266 266 266 266 265 265 265 265 265 265 265 265 265 265 265 265 265 265 265 265 265 265 265 265 265 265 265 265 266 266 266 266 266 266 267 267 267 267 268 268 268 268 269 269 269 269 270 270 270 270 270 271 271 271 271 272 272 272 272 272 273 273 273 273 273 273 274 274 274 274 274 274 275 275 275 275 275 275 275 275 275 275 275 275 276 276 276 276 276 276 276
266 266 266 266 266 266 266 265 265 265 265 265 265 265 265 265 264 264 264 264 264 264 264 264 264 264 264 265 265 265 265 265 265 265 266 266 266 266 267 267 267 267 267 268 268 268 269 269 269 269 270 270 270 270 270 271 271 271 271 272 272 272 272 272 273 273 273 273 273 274 274 274 274 274 274 274 275 275 275 275 275 275 275 275 275 275 275 275 275 275 275 275 275 275 275
266 266 266 266 266 266 265 265 265 265 265 265 265 264 264 264 264 264 264 264 264 264 264 264 264 264 264 264 264 264 265 265 265 265 265 266 266 266 266 267 267 267 267 268 268 268 268 269 269 269 269 270 270 270 270 271 271 271 271 272 272 272 272 272 273 273 273 273 273 274 274 274 274 274 274 274 274 275 275 275 275 275 275 275 275 275 275 275 275 275 275 275 275 275 275
266 266 266 266 266 265 265 265 265 265 265 264 264 264 264 264 264 264 264 264 264 264 264 264 264 264 264 264 264 264 264 264 265 265 265 265 266 266 266 266 267 267 267 267 268 268 268 269 269 269 269 270 270 270 270 271 271 271 271 272 272 272 272 272 273 273 273 273 273 274 274 274 274 274 274 274 274 275 275 275 275 275 275 275 275 275 275 275 275 275 275 275 275 275 275
266 266 266 266 265 265 265 265 265 265 264 264 264 264 264 264 264 263 263 263 263 263 263 263 263 263 263 264 264 264 264 264 264 265 265 265 265 266 266 266 266 267 267 267 268 268 268 269 269 269 269 270 270 270 270 271 271 271 271 272 272 272 272 273 273 273 273 273 273 274 274 274 274 274 274 274 274 275 275 275 275 275 275 275 275 275 275 275 275 275 275 275 275 275 275
266 266 266 265 265 265 265 265 265 264 264 264 264 264 264 263 263 263 263 263 263 263 263 263 263 263 263 263 263 263 264 264 264 264 264 265 265 265 266 266 266 267 267 267 268 268 268 268 269 269 269 270 270 270 271 271 271 271 272 272 272 272 272 273 273 273 273 273 274 274 274 274 274 274 274 274 275 275 275 275 275 275 275 275 275 275 275 275 275 275 275 275 275 275 275
266 266 265 265 265 265 265 264 264 264 264 264 264 263 263 263 263 263 263 263 262 262 262 262 262 262 262 263 263 263 263 263 264 264 264 264 265 265 265 266 266 266 267 267 267 268 268 268 269 269 269 270 270 270 271 271 271 271 272 272 272 272 272 273 273 273 273 273 274 274 274 274 274 274 274 274 275 275 275 275 275 275 275 275 275 275 275 275 275 275 275 275 275 275 275
266 265 265 265 265 265 264 264 264 264 264 263 263 263 263 263 262 262 262 262 262 262 262 262 262 262 262 262 262 262 263 263 263 263 264 264 264 265 265 265 266 266 267 267 267 268 268 268 269 269 269 270 270 270 271 271 271 271 272 272 272 272 273 273 273 273 273 273 274 274 274 274 274 274 274 274 275 275 275 275 275 275 275 275 275 275 275 275 275 275 275 275 275 275 275
266 265 265 265 265 264 264 264 264 264 263 263 263 263 262 262 262 262 262 262 261 261 261 261 261 261 261 261 262 262 262 262 263 263 263 264 264 264 265 265 266 266 266 267 267 268 268 268 269 269 269 270 270 270 271 271 271 271 272 272 272 272 273 273 273 273 273 274 274 274 274 274 274 274 274 275 275 275 275 275 275 275 275 275 275 275 275 275 275 275 275 275 275 275 275
265 265 265 265 264 264 264 264 263 263 263 263 262 262 262 262 262 261 261 261 261 261 261 261 261 261 261 261 261 261 261 262 262 262 263 263 264 264 264 265 265 266 266 267 267 267 268 268 269 269 269 270 270 270 271 271 271 272 272 272 272 273 273 273 273 273 274 274 274 274 274 274 274 274 275 275 275 275 275 275 275 275 275 275 275 275 275 275 275 275 275 275 275 275 275
265 265 265 265 264 264 264 263 263 263 263 262 262 262 261 261 261 261 260 260 260 260 260 260 260 260 260 260 260 260 261 261 261 262 262 263 263 264 264 265 265 266 266 266 267 267 268 268 269 269 269 270 270 270 271 271 271 272 272 272 272 273 273 273 273 273 274 274 274 274 274 274 274 275 275 275 275 275 275 275 275 275 275 275 275 275 275 275 275 275 275 275 275 275 275
265 265 265 264 264 264 263 263 263 263 262 262 262 261 261 261 260 260 260 260 259 259 259 259 259 259 259 259 259 260 260 260 261 261 262 262 263 263 264 264 265 265 266 266 267 267 268 268 269 269 269 270 270 270 271 271 271 272 272 272 273 273 273 273 273 274 274 274 274 274 274 274 275 275 275 275 275 275 275 275 275 275 275 275 275 275 275 275 275 275 275 275 275 275 275
265 265 264 264 264 264 263 263 263 262 262 261 261 261 260 260 260 259 259 259 259 258 258 258 258 258 258 258 259 259 259 260 260 261 261 262 262 263 263 264 265 265 266 266 267 267 268 268 269 269 269 270 270 270 271 271 271 272 272 272 273 273 273 273 273 274 274 274 274 274 274 275 275 275 275 275 275 275 275 275 275 275 275 275 275 275 275 275 275 275 275 275 275 275 275
265 265 264 264 264 263 263 263 262 262 261 261 261 260 260 259 259 259 258 258 258 257 257 257 257 257 257 257 257 258 258 259 259 260 261 261 262 263 263 264 264 265 266 266 267 267 268 268 269 269 269 270 270 271 271 271 272 272 272 273 273 273 273 273 274 274 274 274 274 274 274 275 275 275 275 275 275 275 275 275 275 275 275 275 275 275 275 275 275 275 275 275 275 274 274
265 264 264 264 263 263 263 262 262 261 261 261 260 260 259 259 258 258 257 257 257 256 256 256 256 256 256 256 256 257 257 258 259 259 260 261 261 262 263 263 264 265 265 266 266 267 267 268 268 269 269 270 270 271 271 271 272 272 272 273 273 273 273 273 274 274 274 274 274 274 275 275 275 275 275 275 275 275 275 275 275 275 275 275 275 275 275 275 275 275 275 275 274 274 274
265 264 264 263 263 263 262 262 261 261 260 260 259 259 258 258 257 257 256 256 255 255 255 254 254 254 254 255 255 255 256 257 258 259 259 260 261 262 263 263 264 265 265 266 266 267 267 268 268 269 269 270 270 271 271 271 272 272 272 273 273 273 273 274 274 274 274 274 274 275 275 275 275 275 275 275 275 275 275 275 275 275 275 275 275 275 275 275 275 275 275 274 274 274 274
264 264 264 263 263 262 262 262 261 260 260 259 259 258 258 257 256 256 255 255 254 254 253 253 253 253 253 253 254 254 255 256 257 258 259 260 261 261 262 263 264 264 265 265 266 267 267 268 268 269 269 269 270 270 271 271 271 272 272 272 273 273 273 273 273 274 274 274 274 274 274 274 274 275 275 275 275 275 275 275 275 275 275 275 275 275 274 274 274 274 274 274 274 274 274
264 264 263 263 263 262 262 261 261 260 259 259 258 257 257 256 255 255 254 253 253 252 252 251 251 251 251 251 252 253 254 255 256 257 258 259 260 261 262 263 264 264 265 266 266 267 267 268 268 269 269 270 270 271 271 271 272 272 272 273 273 273 273 273 274 274 274 274 274 274 274 274 274 274 275 275 275 275 275 275 274 274 274 274 274 274 274 274 274 274 274 274 274 274 273
264 264 263 263 262 262 261 261 260 259 259 258 257 257 256 255 254 253 252 252 251 250 250 249 249 249 249 249 250 251 252 253 255 256 258 259 260 261 262 263 264 265 266 266 267 267 268 269 269 270 270 271 271 271 272 272 273 273 273 273 274 274 274 274 274 274 274 275 275 275 275 275 275 275 275 275 275 275 275 275 275 274 274 274 274 274 274 274 274 274 274 274 273 273 273
264 263 263 263 262 262 261 260 260 259 258 257 257 256 255 254 253 252 251 250 249 248 248 247 247 247 247 247 247 248 250 252 254 256 257 259 261 262 264 265 266 267 267 268 269 269 270 270 271 271 272 272 273 273 273 274 274 274 274 274 275 275 275 275 275 275 275 275 275 275 275 275 275 275 275 275 275 275 275 275 275 275 275 275 274 274 274 274 274 274 274 274 273 273 273
264 263 263 262 262 261 261 260 259 258 258 257 256 255 254 253 251 250 249 248 247 246 245 245 245 244 244 244 244 246 249 252 255 258 259 261 263 265 267 268 269 269 270 271 271 272 272 273 273 274 274 274 275 275 275 275 276 276 276 276 276 276 276 276 276 276 276 276 276 276 276 276 276 276 276 276 276 276 276 275 275 275 275 275 275 275 274 274 274 274 274 274 273 273 273
264 263 263 262 261 261 260 259 259 258 257 256 255 254 252 251 250 249 247 246 245 244 243 242 242 242 242 241 241 243 246 249 254 257 259 261 265 267 270 272 273 273 274 275 275 276 276 276 277 277 277 277 277 278 278 278 278 278 278 278 278 278 278 278 278 278 278 278 278 278 277 277 277 277 277 277 277 276 276 276 276 276 276 275 275 275 275 275 274 274 274 274 274 273 273
263 263 262 262 261 261 260 259 258 257 256 255 254 252 251 250 248 247 245 244 242 241 240 240 239 239 239 238 238 241 244 249 254 257 259 259 263 267 271 275 278 279 280 280 280 280 281 281 281 281 281 281 281 281 281 281 281 281 281 281 281 281 280 280 280 280 280 280 280 280 279 279 279 279 279 278 278 278 278 278 277 277 277 277 276 276 276 276 275 275 275 275 274 274 274
263 263 262 262 261 260 259 258 257 256 255 254 253 251 250 248 246 245 243 241 240 238 237 236 236 236 237 238 239 239 242 244 252 254 256 259 259 264 270 277 285 286 286 286 286 286 286 286 286 285 285 285 285 285 285 284 284 284 284 284 284 283 283 283 283 283 282 282 282 282 281 281 281 281 280 280 280 280 279 279 279 279 278 278 278 277 277 277 277 276 276 276 275 275 275
263 263 262 261 261 260 259 258 257 256 254 253 251 250 248 246 244 242 240 239 237 235 234 233 232 235 239 241 244 244 248 244 251 251 253 253 249 250 262 281 298 297 296 295 294 293 292 292 291 291 290 290 289 289 289 288 288 288 287 287 287 287 286 286 286 286 285 285 285 284 284 284 283 283 283 282 282 282 281 281 281 280 280 280 279 279 279 278 278 278 277 277 277 277 276
263 263 262 261 260 260 259 257 256 255 254 252 250 248 246 244 242 240 238 236 233 232 231 228 228 232 238 242 244 251 251 250 250 239 229 213 195 164 141 93 338 315 307 304 303 301 300 299 298 297 296 295 295 294 293 293 292 292 291 291 291 290 290 289 289 289 288 288 288 287 287 286 286 286 285 285 284 284 284 283 283 282 282 282 281 281 280 280 280 279 279 279 278 278 278
263 262 262 261 260 259 258 257 256 254 253 251 249 247 245 242 240 237 235 232 230 228 227 223 224 224 238 242 248 244 243 245 247 138 135 142 141 128 120 109 76 359 325 318 315 311 309 308 306 305 304 303 301 300 299 298 298 297 296 296 295 294 294 293 293 292 292 291 291 290 290 289 289 288 288 287 287 286 286 285 285 284 284 283 283 283 282 282 281 281 280 280 280 279 279
263 262 262 261 260 259 258 256 255 253 252 250 248 245 243 240 237 235 232 229 227 226 225 223 223 224 230 237 240 241 246 246 249 106 133 130 130 123 118 111 98 70 7 340 331 325 322 319 317 315 313 311 310 308 306 305 304 303 302 301 300 299 298 297 296 296 295 294 294 293 292 292 291 291 290 289 289 288 288 287 287 286 286 285 284 284 283 283 282 282 281 281 281 280 280
263 262 261 261 260 259 257 256 254 253 251 249 246 244 241 238 235 232 229 225 223 224 224 221 221 230 232 232 239 246 250 248 249 100 100 129 126 121 116 112 103 91 66 26 360 348 340 336 333 329 326 323 320 317 315 313 311 309 308 306 305 304 303 302 301 300 299 298 297 296 295 295 294 293 292 292 291 290 290 289 288 288 287 286 286 285 285 284 284 283 282 282 281 281 280
263 262 261 260 259 258 257 255 254 252 250 247 245 242 239 236 232 229 226 222 220 221 222 219 219 219 231 230 240 249 253 250 253 100 100 123 123 121 116 113 109 104 95 77 46 28 13 2 354 348 342 337 332 328 324 321 319 316 314 312 311 309 307 306 305 303 302 301 300 299 298 297 296 295 294 293 292 292 291 290 289 289 288 287 286 286 285 285 284 283 283 282 282 281 281
263 262 261 260 259 258 257 255 253 251 249 246 243 240 237 233 229 226 222 217 216 218 219 215 215 230 230 231 244 253 256 253 256 102 119 119 119 118 115 113 111 109 105 97 78 67 53 37 22 13 5 356 349 343 338 333 329 325 322 319 317 314 312 310 308 307 305 303 302 301 299 298 297 296 295 294 293 292 291 290 289 288 287 287 286 285 284 284 283 282 282 281 280 280 279
263 262 261 260 259 258 256 255 252 250 248 245 241 238 234 230 226 223 219 213 213 217 217 215 214 214 225 232 248 256 257 255 257 105 113 115 115 113 110 109 109 109 107 104 94 86 79 67 51 42 33 25 17 9 2 354 348 342 337 333 328 324 321 318 315 312 310 307 305 303 302 300 298 297 295 294 293 292 290 289 288 287 286 285 284 283 282 282 281 280 279 279 278 277 277
263 262 261 260 259 258 256 254 252 249 247 243 240 236 232 228 224 220 217 211 211 211 217 218 218 220 229 236 249 250 259 255 259 121 109 110 111 109 106 105 105 105 104 102 98 96 94 88 76 71 66 62 58 54 50 45 41 35 30 24 16 9 1 354 347 341 334 329 323 319 315 311 307 304 301 299 296 294 292 291 289 287 286 284 283 281 280 279 278 277 276 275 274 273 272
263 262 261 260 259 258 256 254 251 249 246 242 238 234 229 225 221 218 216 210 211 211 217 220 220 224 232 238 250 250 251 254 259 255 107 105 105 104 102 101 100 100 100 100 100 99 99 97 90 87 85 84 83 83 82 82 81 81 80 80 79 79 78 78 78 77 77 76 76 76 75 75 75 75 74 74 74 74 72 71 70 68 273 260 257 256 256 256 255 255 255 255 255 255 255
263 262 261 260 259 257 256 253 251 248 245 241 236 231 227 221 217 215 213 208 210 210 217 221 224 229 236 248 251 251 252 254 259 258 244 97 98 100 98 97 96 96 97 97 99 99 99 98 96 94 94 93 93 93 93 94 94 94 94 95 95 95 96 96 97 98 99 100 102 103 105 107 111 114 119 124 132 141 153 165 180 192 203 211 218 223 227 230 233 235 237 238 240 241 242
263 263 262 260 259 257 256 253 251 247 244 239 234 229 224 216 213 213 212 208 210 210 223 223 227 233 239 249 251 252 252 254 258 258 258 349 86 92 93 94 94 95 97 99 102 99 101 101 103 103 104 104 105 106 107 108 110 111 113 114 117 118 121 124 128 131 134 138 144 149 155 160 167 173 179 185 190 196 201 205 209 213 216 219 221 224 226 228 229 231 232 233 234 235 236
264 263 262 261 259 258 256 253 250 247 243 238 233 226 220 211 210 211 211 208 210 219 225 230 230 235 245 250 252 253 254 255 258 258 259 282 64 84 87 90 92 97 101 105 109 110 110 112 117 118 121 123 125 127 130 132 134 137 140 143 146 149 153 156 160 164 168 171 175 179 182 186 189 193 196 199 202 205 207 210 212 214 216 218 220 222 223 225 226 227 228 229 231 231 232
264 263 262 261 260 258 256 253 250 247 242 237 231 224 218 207 207 210 211 208 212 221 227 232 237 242 242 250 253 254 255 257 259 259 259 275 37 74 79 85 91 97 104 109 114 118 121 129 134 134 137 140 142 145 147 150 153 155 158 161 163 166 169 172 175 178 180 183 185 188 191 193 196 198 200 203 205 207 209 211 212 214 216 217 219 220 222 223 224 225 226 228 229 229 230
264 264 263 261 260 258 256 253 250 246 242 236 230 222 215 204 205 209 212 211 214 223 229 234 239 243 243 250 254 255 257 259 261 260 261 273 12 67 74 83 89 97 104 110 117 124 130 141 146 146 149 152 154 156 159 161 163 165 168 170 172 175 177 179 181 184 186 188 190 192 194 196 198 200 202 204 206 208 209 211 212 214 215 217 218 220 221 222 223 224 225 226 227 228 229
265 264 263 262 260 259 256 254 250 246 241 235 228 220 213 201 203 210 210 213 216 225 231 236 240 244 244 251 255 257 259 260 262 262 263 273 355 59 67 78 87 95 103 110 118 127 135 148 152 153 156 159 161 163 165 167 169 171 173 175 177 179 181 183 185 187 189 191 193 195 196 198 200 202 204 205 207 208 210 211 213 214 216 217 218 219 221 222 223 224 225 226 227 228 229
265 264 263 262 261 259 257 254 251 247 241 235 227 219 211 199 202 212 212 218 219 228 228 234 243 246 249 253 257 259 260 262 264 264 265 274 330 49 59 71 82 91 100 108 117 128 138 151 156 157 160 163 166 167 169 171 173 175 177 179 180 182 184 186 188 190 191 193 195 197 198 200 202 203 205 206 208 209 211 212 214 215 216 218 219 220 221 222 223 224 225 226 227 228 229
266 265 264 263 262 260 258 255 251 247 242 235 227 218 211 199 204 204 214 218 223 231 231 237 246 249 253 256 260 262 263 264 266 266 267 274 338 45 45 54 79 88 97 105 114 127 139 153 158 159 162 167 169 170 172 174 176 178 179 181 183 185 187 188 190 192 194 195 197 199 200 202 203 205 207 208 209 211 212 214 215 216 217 219 220 221 222 223 224 225 226 227 228 229 230
