data/AilsaCraig_270_1_25m_vel_50m.asc
ncols	257
nrows	257
xllcorner	3364200.000000
yllcorner	3669375.000000
cellsize	25.000000
NODATA_value	-1.000000
[rows 152 to 189 of 257, columns 84 to 167 of 257]
1.59 1.58 1.58 1.58 1.58 1.57 1.57 1.57 1.56 1.56 1.55 1.55 1.55 1.54 1.54 1.53 1.53 1.52 1.52 1.51 1.51 1.51 1.50 1.50 1.51 1.51 1.52 1.53 1.55 1.57 1.60 1.64 1.69 1.78 1.89 2.00 2.07 2.15 2.20 2.19 2.12 2.02 1.92 1.81 1.67 1.56 1.51 1.50 1.51 1.53 1.54 1.56 1.57 1.59 1.60 1.61 1.61 1.60 1.58 1.57 1.56 1.55 1.54 1.54 1.54 1.54 1.54 1.54 1.54 1.55 1.55 1.55 1.56 1.56 1.56 1.56 1.57 1.57 1.57 1.57 1.58 1.58 1.58 1.58
1.59 1.59 1.58 1.58 1.58 1.58 1.57 1.57 1.57 1.56 1.56 1.56 1.55 1.55 1.54 1.54 1.54 1.53 1.53 1.53 1.53 1.52 1.52 1.52 1.53 1.53 1.54 1.55 1.57 1.59 1.62 1.66 1.70 1.77 1.85 1.93 2.00 2.08 2.14 2.15 2.09 2.01 1.92 1.81 1.69 1.60 1.56 1.54 1.55 1.55 1.56 1.57 1.58 1.59 1.60 1.60 1.60 1.59 1.59 1.58 1.57 1.56 1.55 1.55 1.55 1.55 1.55 1.55 1.55 1.55 1.56 1.56 1.56 1.56 1.56 1.57 1.57 1.57 1.57 1.58 1.58 1.58 1.58 1.58
1.59 1.59 1.59 1.58 1.58 1.58 1.58 1.57 1.57 1.57 1.56 1.56 1.56 1.55 1.55 1.55 1.55 1.54 1.54 1.54 1.54 1.54 1.54 1.54 1.54 1.55 1.56 1.57 1.59 1.61 1.63 1.67 1.71 1.75 1.81 1.87 1.93 2.00 2.05 2.07 2.04 1.98 1.90 1.81 1.70 1.63 1.60 1.58 1.57 1.57 1.58 1.58 1.59 1.59 1.59 1.60 1.60 1.59 1.59 1.58 1.57 1.57 1.56 1.56 1.56 1.55 1.55 1.55 1.56 1.56 1.56 1.56 1.56 1.57 1.57 1.57 1.57 1.57 1.58 1.58 1.58 1.58 1.58 1.59
1.59 1.59 1.59 1.58 1.58 1.58 1.58 1.58 1.57 1.57 1.57 1.57 1.56 1.56 1.56 1.56 1.55 1.55 1.55 1.55 1.55 1.55 1.55 1.55 1.56 1.57 1.57 1.59 1.60 1.62 1.64 1.67 1.70 1.74 1.78 1.83 1.87 1.92 1.96 1.98 1.97 1.93 1.87 1.79 1.71 1.66 1.62 1.60 1.60 1.59 1.59 1.59 1.59 1.60 1.59 1.59 1.59 1.59 1.59 1.58 1.58 1.57 1.57 1.57 1.56 1.56 1.56 1.56 1.56 1.56 1.57 1.57 1.57 1.57 1.57 1.57 1.58 1.58 1.58 1.58 1.58 1.58 1.59 1.59
1.59 1.59 1.59 1.59 1.58 1.58 1.58 1.58 1.58 1.57 1.57 1.57 1.57 1.57 1.56 1.56 1.56 1.56 1.56 1.56 1.56 1.56 1.56 1.57 1.57 1.58 1.59 1.60 1.61 1.63 1.65 1.67 1.70 1.73 1.76 1.79 1.82 1.85 1.88 1.89 1.89 1.87 1.82 1.77 1.72 1.67 1.64 1.62 1.61 1.61 1.60 1.60 1.60 1.60 1.60 1.60 1.60 1.60 1.59 1.59 1.58 1.58 1.57 1.57 1.57 1.57 1.57 1.57 1.57 1.57 1.57 1.57 1.57 1.57 1.58 1.58 1.58 1.58 1.58 1.58 1.58 1.59 1.59 1.59
1.59 1.59 1.59 1.59 1.59 1.58 1.58 1.58 1.58 1.58 1.58 1.57 1.57 1.57 1.57 1.57 1.57 1.57 1.57 1.57 1.57 1.57 1.57 1.58 1.58 1.59 1.60 1.61 1.62 1.63 1.65 1.67 1.69 1.71 1.74 1.76 1.79 1.81 1.82 1.83 1.82 1.81 1.78 1.75 1.71 1.68 1.65 1.64 1.62 1.62 1.61 1.61 1.60 1.60 1.60 1.60 1.60 1.60 1.59 1.59 1.59 1.58 1.58 1.58 1.57 1.57 1.57 1.57 1.57 1.57 1.57 1.58 1.58 1.58 1.58 1.58 1.58 1.58 1.58 1.59 1.59 1.59 1.59 1.59
1.60 1.59 1.59 1.59 1.59 1.59 1.59 1.58 1.58 1.58 1.58 1.58 1.58 1.57 1.57 1.57 1.57 1.57 1.57 1.57 1.58 1.58 1.58 1.58 1.59 1.60 1.60 1.61 1.62 1.63 1.65 1.67 1.68 1.70 1.72 1.74 1.76 1.77 1.78 1.78 1.78 1.77 1.75 1.73 1.70 1.68 1.66 1.64 1.63 1.62 1.62 1.61 1.61 1.60 1.60 1.60 1.60 1.60 1.60 1.59 1.59 1.59 1.58 1.58 1.58 1.58 1.58 1.58 1.58 1.58 1.58 1.58 1.58 1.58 1.58 1.58 1.58 1.59 1.59 1.59 1.59 1.59 1.59 1.59
1.60 1.60 1.59 1.59 1.59 1.59 1.59 1.59 1.58 1.58 1.58 1.58 1.58 1.58 1.58 1.58 1.58 1.58 1.58 1.58 1.58 1.58 1.59 1.59 1.60 1.60 1.61 1.62 1.63 1.64 1.65 1.66 1.68 1.69 1.71 1.72 1.73 1.74 1.75 1.75 1.75 1.74 1.72 1.71 1.69 1.67 1.66 1.65 1.63 1.63 1.62 1.62 1.61 1.61 1.61 1.60 1.60 1.60 1.60 1.59 1.59 1.59 1.59 1.58 1.58 1.58 1.58 1.58 1.58 1.58 1.58 1.58 1.58 1.58 1.58 1.59 1.59 1.59 1.59 1.59 1.59 1.59 1.59 1.59
1.60 1.60 1.60 1.59 1.59 1.59 1.59 1.59 1.59 1.59 1.59 1.58 1.58 1.58 1.58 1.58 1.58 1.58 1.58 1.58 1.59 1.59 1.59 1.60 1.60 1.61 1.61 1.62 1.63 1.64 1.65 1.66 1.67 1.68 1.69 1.70 1.71 1.72 1.72 1.72 1.72 1.71 1.71 1.69 1.68 1.67 1.66 1.65 1.64 1.63 1.62 1.62 1.61 1.61 1.61 1.61 1.61 1.60 1.60 1.60 1.59 1.59 1.59 1.59 1.59 1.58 1.58 1.58 1.58 1.58 1.58 1.58 1.59 1.59 1.59 1.59 1.59 1.59 1.59 1.59 1.59 1.59 1.60 1.60
1.60 1.60 1.60 1.60 1.59 1.59 1.59 1.59 1.59 1.59 1.59 1.59 1.59 1.59 1.59 1.59 1.59 1.59 1.59 1.59 1.59 1.59 1.60 1.60 1.60 1.61 1.61 1.62 1.63 1.64 1.64 1.65 1.66 1.67 1.68 1.69 1.70 1.70 1.70 1.70 1.70 1.70 1.69 1.68 1.67 1.66 1.65 1.64 1.64 1.63 1.63 1.62 1.62 1.61 1.61 1.61 1.61 1.60 1.60 1.60 1.60 1.59 1.59 1.59 1.59 1.59 1.59 1.59 1.59 1.59 1.59 1.59 1.59 1.59 1.59 1.59 1.59 1.59 1.59 1.59 1.59 1.60 1.60 1.60
1.60 1.60 1.60 1.60 1.60 1.59 1.59 1.59 1.59 1.59 1.59 1.59 1.59 1.59 1.59 1.59 1.59 1.59 1.59 1.59 1.59 1.60 1.60 1.60 1.61 1.61 1.62 1.62 1.63 1.63 1.64 1.65 1.66 1.66 1.67 1.68 1.68 1.69 1.69 1.69 1.69 1.68 1.68 1.67 1.66 1.66 1.65 1.64 1.64 1.63 1.63 1.62 1.62 1.61 1.61 1.61 1.61 1.61 1.60 1.60 1.60 1.60 1.59 1.59 1.59 1.59 1.59 1.59 1.59 1.59 1.59 1.59 1.59 1.59 1.59 1.59 1.59 1.59 1.59 1.60 1.60 1.60 1.60 1.60
1.60 1.60 1.60 1.60 1.60 1.60 1.60 1.59 1.59 1.59 1.59 1.59 1.59 1.59 1.59 1.59 1.59 1.59 1.59 1.59 1.60 1.60 1.60 1.60 1.61 1.61 1.62 1.62 1.63 1.63 1.64 1.64 1.65 1.66 1.66 1.67 1.67 1.67 1.68 1.68 1.67 1.67 1.67 1.66 1.66 1.65 1.65 1.64 1.64 1.63 1.63 1.62 1.62 1.62 1.61 1.61 1.61 1.61 1.60 1.60 1.60 1.60 1.60 1.59 1.59 1.59 1.59 1.59 1.59 1.59 1.59 1.59 1.59 1.59 1.59 1.59 1.59 1.60 1.60 1.60 1.60 1.60 1.60 1.60
1.60 1.60 1.60 1.60 1.60 1.60 1.60 1.60 1.60 1.59 1.59 1.59 1.59 1.59 1.59 1.59 1.59 1.60 1.60 1.60 1.60 1.60 1.60 1.61 1.61 1.61 1.62 1.62 1.63 1.63 1.64 1.64 1.65 1.65 1.66 1.66 1.66 1.66 1.67 1.67 1.67 1.66 1.66 1.66 1.65 1.65 1.64 1.64 1.63 1.63 1.63 1.62 1.62 1.62 1.61 1.61 1.61 1.61 1.60 1.60 1.60 1.60 1.60 1.60 1.60 1.59 1.59 1.59 1.59 1.59 1.59 1.59 1.59 1.59 1.60 1.60 1.60 1.60 1.60 1.60 1.60 1.60 1.60 1.60
1.60 1.60 1.60 1.60 1.60 1.60 1.60 1.60 1.60 1.60 1.60 1.60 1.60 1.60 1.60 1.60 1.60 1.60 1.60 1.60 1.60 1.60 1.61 1.61 1.61 1.61 1.62 1.62 1.62 1.63 1.63 1.64 1.64 1.65 1.65 1.65 1.66 1.66 1.66 1.66 1.66 1.66 1.65 1.65 1.65 1.64 1.64 1.64 1.63 1.63 1.63 1.62 1.62 1.62 1.61 1.61 1.61 1.61 1.61 1.60 1.60 1.60 1.60 1.60 1.60 1.60 1.60 1.60 1.60 1.60 1.60 1.60 1.60 1.60 1.60 1.60 1.60 1.60 1.60 1.60 1.60 1.60 1.60 1.60
1.60 1.60 1.60 1.60 1.60 1.60 1.60 1.60 1.60 1.60 1.60 1.60 1.60 1.60 1.60 1.60 1.60 1.60 1.60 1.60 1.60 1.60 1.61 1.61 1.61 1.61 1.62 1.62 1.62 1.63 1.63 1.63 1.64 1.64 1.64 1.65 1.65 1.65 1.65 1.65 1.65 1.65 1.65 1.65 1.64 1.64 1.64 1.63 1.63 1.63 1.62 1.62 1.62 1.62 1.61 1.61 1.61 1.61 1.61 1.60 1.60 1.60 1.60 1.60 1.60 1.60 1.60 1.60 1.60 1.60 1.60 1.60 1.60 1.60 1.60 1.60 1.60 1.60 1.60 1.60 1.60 1.60 1.60 1.60
1.60 1.60 1.60 1.60 1.60 1.60 1.60 1.60 1.60 1.60 1.60 1.60 1.60 1.60 1.60 1.60 1.60 1.60 1.60 1.60 1.60 1.61 1.61 1.61 1.61 1.61 1.62 1.62 1.62 1.63 1.63 1.63 1.63 1.64 1.64 1.64 1.64 1.64 1.65 1.65 1.65 1.64 1.64 1.64 1.64 1.64 1.63 1.63 1.63 1.63 1.62 1.62 1.62 1.62 1.61 1.61 1.61 1.61 1.61 1.61 1.60 1.60 1.60 1.60 1.60 1.60 1.60 1.60 1.60 1.60 1.60 1.60 1.60 1.60 1.60 1.60 1.60 1.60 1.60 1.60 1.60 1.60 1.60 1.60
1.60 1.60 1.60 1.60 1.60 1.60 1.60 1.60 1.60 1.60 1.60 1.60 1.60 1.60 1.60 1.60 1.60 1.60 1.60 1.60 1.61 1.61 1.61 1.61 1.61 1.61 1.62 1.62 1.62 1.62 1.63 1.63 1.63 1.63 1.64 1.64 1.64 1.64 1.64 1.64 1.64 1.64 1.64 1.64 1.64 1.63 1.63 1.63 1.63 1.62 1.62 1.62 1.62 1.62 1.61 1.61 1.61 1.61 1.61 1.61 1.61 1.60 1.60 1.60 1.60 1.60 1.60 1.60 1.60 1.60 1.60 1.60 1.60 1.60 1.60 1.60 1.60 1.60 1.60 1.60 1.60 1.60 1.60 1.60
1.61 1.60 1.60 1.60 1.60 1.60 1.60 1.60 1.60 1.60 1.60 1.60 1.60 1.60 1.60 1.60 1.60 1.60 1.60 1.61 1.61 1.61 1.61 1.61 1.61 1.61 1.62 1.62 1.62 1.62 1.62 1.63 1.63 1.63 1.63 1.63 1.64 1.64 1.64 1.64 1.64 1.64 1.63 1.63 1.63 1.63 1.63 1.63 1.63 1.62 1.62 1.62 1.62 1.62 1.61 1.61 1.61 1.61 1.61 1.61 1.61 1.60 1.60 1.60 1.60 1.60 1.60 1.60 1.60 1.60 1.60 1.60 1.60 1.60 1.60 1.60 1.60 1.60 1.60 1.60 1.60 1.60 1.60 1.61
1.61 1.61 1.61 1.60 1.60 1.60 1.60 1.60 1.60 1.60 1.60 1.60 1.60 1.60 1.60 1.60 1.60 1.60 1.61 1.61 1.61 1.61 1.61 1.61 1.61 1.61 1.62 1.62 1.62 1.62 1.62 1.63 1.63 1.63 1.63 1.63 1.63 1.63 1.63 1.63 1.63 1.63 1.63 1.63 1.63 1.63 1.63 1.63 1.62 1.62 1.62 1.62 1.62 1.62 1.61 1.61 1.61 1.61 1.61 1.61 1.61 1.61 1.61 1.60 1.60 1.60 1.60 1.60 1.60 1.60 1.60 1.60 1.60 1.60 1.60 1.60 1.60 1.60 1.60 1.60 1.60 1.60 1.61 1.61
1.61 1.61 1.61 1.61 1.61 1.61 1.61 1.61 1.60 1.60 1.60 1.60 1.60 1.60 1.60 1.61 1.61 1.61 1.61 1.61 1.61 1.61 1.61 1.61 1.61 1.61 1.62 1.62 1.62 1.62 1.62 1.62 1.62 1.63 1.63 1.63 1.63 1.63 1.63 1.63 1.63 1.63 1.63 1.63 1.63 1.63 1.62 1.62 1.62 1.62 1.62 1.62 1.62 1.61 1.61 1.61 1.61 1.61 1.61 1.61 1.61 1.61 1.61 1.61 1.60 1.60 1.60 1.60 1.60 1.60 1.60 1.60 1.60 1.60 1.60 1.60 1.60 1.60 1.60 1.61 1.61 1.61 1.61 1.61
1.61 1.61 1.61 1.61 1.61 1.61 1.61 1.61 1.61 1.61 1.61 1.61 1.61 1.61 1.61 1.61 1.61 1.61 1.61 1.61 1.61 1.61 1.61 1.61 1.61 1.61 1.62 1.62 1.62 1.62 1.62 1.62 1.62 1.62 1.63 1.63 1.63 1.63 1.63 1.63 1.63 1.63 1.63 1.63 1.63 1.62 1.62 1.62 1.62 1.62 1.62 1.62 1.62 1.61 1.61 1.61 1.61 1.61 1.61 1.61 1.61 1.61 1.61 1.61 1.61 1.61 1.60 1.60 1.60 1.60 1.60 1.60 1.60 1.60 1.60 1.60 1.61 1.61 1.61 1.61 1.61 1.61 1.61 1.61
1.61 1.61 1.61 1.61 1.61 1.61 1.61 1.61 1.61 1.61 1.61 1.61 1.61 1.61 1.61 1.61 1.61 1.61 1.61 1.61 1.61 1.61 1.61 1.61 1.61 1.61 1.62 1.62 1.62 1.62 1.62 1.62 1.62 1.62 1.62 1.62 1.62 1.62 1.63 1.63 1.63 1.63 1.62 1.62 1.62 1.62 1.62 1.62 1.62 1.62 1.62 1.62 1.61 1.61 1.61 1.61 1.61 1.61 1.61 1.61 1.61 1.61 1.61 1.61 1.61 1.61 1.61 1.61 1.61 1.61 1.61 1.61 1.61 1.61 1.61 1.61 1.61 1.61 1.61 1.61 1.61 1.61 1.61 1.61
1.61 1.61 1.61 1.61 1.61 1.61 1.61 1.61 1.61 1.61 1.61 1.61 1.61 1.61 1.61 1.61 1.61 1.61 1.61 1.61 1.61 1.61 1.61 1.61 1.61 1.61 1.61 1.62 1.62 1.62 1.62 1.62 1.62 1.62 1.62 1.62 1.62 1.62 1.62 1.62 1.62 1.62 1.62 1.62 1.62 1.62 1.62 1.62 1.62 1.62 1.62 1.62 1.61 1.61 1.61 1.61 1.61 1.61 1.61 1.61 1.61 1.61 1.61 1.61 1.61 1.61 1.61 1.61 1.61 1.61 1.61 1.61 1.61 1.61 1.61 1.61 1.61 1.61 1.61 1.61 1.61 1.61 1.61 1.61
1.61 1.61 1.61 1.61 1.61 1.61 1.61 1.61 1.61 1.61 1.61 1.61 1.61 1.61 1.61 1.61 1.61 1.61 1.61 1.61 1.61 1.61 1.61 1.61 1.61 1.61 1.61 1.62 1.62 1.62 1.62 1.62 1.62 1.62 1.62 1.62 1.62 1.62 1.62 1.62 1.62 1.62 1.62 1.62 1.62 1.62 1.62 1.62 1.62 1.62 1.62 1.61 1.61 1.61 1.61 1.61 1.61 1.61 1.61 1.61 1.61 1.61 1.61 1.61 1.61 1.61 1.61 1.61 1.61 1.61 1.61 1.61 1.61 1.61 1.61 1.61 1.61 1.61 1.61 1.61 1.61 1.61 1.61 1.61
1.61 1.61 1.61 1.61 1.61 1.61 1.61 1.61 1.61 1.61 1.61 1.61 1.61 1.61 1.61 1.61 1.61 1.61 1.61 1.61 1.61 1.61 1.61 1.61 1.61 1.61 1.61 1.61 1.62 1.62 1.62 1.62 1.62 1.62 1.62 1.62 1.62 1.62 1.62 1.62 1.62 1.62 1.62 1.62 1.62 1.62 1.62 1.62 1.62 1.62 1.62 1.61 1.61 1.61 1.61 1.61 1.61 1.61 1.61 1.61 1.61 1.61 1.61 1.61 1.61 1.61 1.61 1.61 1.61 1.61 1.61 1.61 1.61 1.61 1.61 1.61 1.61 1.61 1.61 1.61 1.61 1.61 1.61 1.61
1.61 1.61 1.61 1.61 1.61 1.61 1.61 1.61 1.61 1.61 1.61 1.61 1.61 1.61 1.61 1.61 1.61 1.61 1.61 1.61 1.61 1.61 1.61 1.61 1.61 1.61 1.61 1.61 1.61 1.62 1.62 1.62 1.62 1.62 1.62 1.62 1.62 1.62 1.62 1.62 1.62 1.62 1.62 1.62 1.62 1.62 1.62 1.62 1.62 1.62 1.61 1.61 1.61 1.61 1.61 1.61 1.61 1.61 1.61 1.61 1.61 1.61 1.61 1.61 1.61 1.61 1.61 1.61 1.61 1.61 1.61 1.61 1.61 1.61 1.61 1.61 1.61 1.61 1.61 1.61 1.61 1.61 1.61 1.61
1.61 1.61 1.61 1.61 1.61 1.61 1.61 1.61 1.61 1.61 1.61 1.61 1.61 1.61 1.61 1.61 1.61 1.61 1.61 1.61 1.61 1.61 1.61 1.61 1.61 1.61 1.61 1.61 1.61 1.61 1.62 1.62 1.62 1.62 1.62 1.62 1.62 1.62 1.62 1.62 1.62 1.62 1.62 1.62 1.62 1.62 1.62 1.62 1.62 1.61 1.61 1.61 1.61 1.61 1.61 1.61 1.61 1.61 1.61 1.61 1.61 1.61 1.61 1.61 1.61 1.61 1.61 1.61 1.61 1.61 1.61 1.61 1.61 1.61 1.61 1.61 1.61 1.61 1.61 1.61 1.61 1.61 1.61 1.61
1.61 1.61 1.61 1.61 1.61 1.61 1.61 1.61 1.61 1.61 1.61 1.61 1.61 1.61 1.61 1.61 1.61 1.61 1.61 1.61 1.61 1.61 1.61 1.61 1.61 1.61 1.61 1.61 1.61 1.61 1.61 1.62 1.62 1.62 1.62 1.62 1.62 1.62 1.62 1.62 1.62 1.62 1.62 1.62 1.62 1.62 1.62 1.62 1.61 1.61 1.61 1.61 1.61 1.61 1.61 1.61 1.61 1.61 1.61 1.61 1.61 1.61 1.61 1.61 1.61 1.61 1.61 1.61 1.61 1.61 1.61 1.61 1.61 1.61 1.61 1.61 1.61 1.61 1.61 1.61 1.61 1.61 1.61 1.61
1.61 1.61 1.61 1.61 1.61 1.61 1.61 1.61 1.61 1.61 1.61 1.61 1.61 1.61 1.61 1.61 1.61 1.61 1.61 1.61 1.61 1.61 1.61 1.61 1.61 1.61 1.61 1.61 1.61 1.61 1.61 1.61 1.62 1.62 1.62 1.62 1.62 1.62 1.62 1.62 1.62 1.62 1.62 1.62 1.62 1.62 1.61 1.61 1.61 1.61 1.61 1.61 1.61 1.61 1.61 1.61 1.61 1.61 1.61 1.61 1.61 1.61 1.61 1.61 1.61 1.61 1.61 1.61 1.61 1.61 1.61 1.61 1.61 1.61 1.61 1.61 1.61 1.61 1.61 1.61 1.61 1.61 1.61 1.61
1.61 1.61 1.61 1.61 1.61 1.61 1.61 1.61 1.61 1.61 1.61 1.61 1.61 1.61 1.61 1.61 1.61 1.61 1.61 1.61 1.61 1.61 1.61 1.61 1.61 1.61 1.61 1.61 1.61 1.61 1.61 1.61 1.61 1.61 1.61 1.62 1.62 1.62 1.62 1.62 1.62 1.62 1.62 1.62 1.61 1.61 1.61 1.61 1.61 1.61 1.61 1.61 1.61 1.61 1.61 1.61 1.61 1.61 1.61 1.61 1.61 1.61 1.61 1.61 1.61 1.61 1.61 1.61 1.61 1.61 1.61 1.61 1.61 1.61 1.61 1.61 1.61 1.61 1.61 1.61 1.61 1.61 1.61 1.61
1.61 1.61 1.61 1.61 1.61 1.61 1.61 1.61 1.61 1.61 1.61 1.61 1.61 1.61 1.61 1.61 1.61 1.61 1.61 1.61 1.61 1.61 1.61 1.61 1.61 1.61 1.61 1.61 1.61 1.61 1.61 1.61 1.61 1.61 1.61 1.61 1.61 1.61 1.61 1.61 1.61 1.61 1.61 1.61 1.61 1.61 1.61 1.61 1.61 1.61 1.61 1.61 1.61 1.61 1.61 1.61 1.61 1.61 1.61 1.61 1.61 1.61 1.61 1.61 1.61 1.61 1.61 1.61 1.61 1.61 1.61 1.61 1.61 1.61 1.61 1.61 1.61 1.61 1.61 1.61 1.61 1.61 1.61 1.61
1.61 1.61 1.61 1.61 1.61 1.61 1.61 1.61 1.61 1.61 1.61 1.61 1.61 1.61 1.61 1.61 1.61 1.61 1.61 1.61 1.61 1.61 1.61 1.61 1.61 1.61 1.61 1.61 1.61 1.61 1.61 1.61 1.61 1.61 1.61 1.61 1.61 1.61 1.61 1.61 1.61 1.61 1.61 1.61 1.61 1.61 1.61 1.61 1.61 1.61 1.61 1.61 1.61 1.61 1.61 1.61 1.61 1.61 1.61 1.61 1.61 1.61 1.61 1.61 1.61 1.61 1.61 1.61 1.61 1.61 1.61 1.61 1.61 1.61 1.61 1.61 1.61 1.61 1.61 1.61 1.61 1.61 1.61 1.61
1.61 1.61 1.61 1.61 1.61 1.61 1.61 1.61 1.61 1.61 1.61 1.61 1.61 1.61 1.61 1.61 1.61 1.61 1.61 1.61 1.61 1.61 1.61 1.61 1.61 1.61 1.61 1.61 1.61 1.61 1.61 1.61 1.61 1.61 1.61 1.61 1.61 1.61 1.61 1.61 1.61 1.61 1.61 1.61 1.61 1.61 1.61 1.61 1.61 1.61 1.61 1.61 1.61 1.61 1.61 1.61 1.61 1.61 1.61 1.61 1.61 1.61 1.61 1.61 1.61 1.61 1.61 1.61 1.61 1.61 1.61 1.61 1.61 1.61 1.61 1.61 1.61 1.61 1.61 1.61 1.61 1.61 1.61 1.61
1.61 1.61 1.61 1.61 1.61 1.61 1.61 1.61 1.61 1.61 1.61 1.61 1.61 1.61 1.61 1.61 1.61 1.61 1.61 1.61 1.61 1.61 1.61 1.61 1.61 1.61 1.61 1.61 1.61 1.61 1.61 1.61 1.61 1.61 1.61 1.61 1.61 1.61 1.61 1.61 1.61 1.61 1.61 1.61 1.61 1.61 1.61 1.61 1.61 1.61 1.61 1.61 1.61 1.61 1.61 1.61 1.61 1.61 1.61 1.61 1.61 1.61 1.61 1.61 1.61 1.61 1.61 1.61 1.61 1.61 1.61 1.61 1.61 1.61 1.61 1.61 1.61 1.61 1.61 1.61 1.61 1.61 1.61 1.61
1.61 1.61 1.61 1.61 1.61 1.61 1.61 1.61 1.61 1.61 1.61 1.61 1.61 1.61 1.61 1.61 1.61 1.61 1.61 1.61 1.61 1.61 1.61 1.61 1.61 1.61 1.61 1.61 1.61 1.61 1.61 1.61 1.61 1.61 1.61 1.61 1.61 1.61 1.61 1.61 1.61 1.61 1.61 1.61 1.61 1.61 1.61 1.61 1.61 1.61 1.61 1.61 1.61 1.61 1.61 1.61 1.61 1.61 1.61 1.61 1.61 1.61 1.61 1.61 1.61 1.61 1.61 1.61 1.61 1.61 1.61 1.61 1.61 1.61 1.61 1.61 1.61 1.61 1.61 1.61 1.61 1.61 1.61 1.61
1.61 1.61 1.61 1.61 1.61 1.61 1.61 1.61 1.61 1.61 1.61 1.61 1.61 1.61 1.61 1.61 1.61 1.61 1.61 1.61 1.61 1.61 1.61 1.61 1.61 1.61 1.61 1.61 1.61 1.61 1.61 1.61 1.61 1.61 1.61 1.61 1.61 1.61 1.61 1.61 1.61 1.61 1.61 1.61 1.61 1.61 1.61 1.61 1.61 1.61 1.61 1.61 1.61 1.61 1.61 1.61 1.61 1.61 1.61 1.61 1.61 1.61 1.61 1.61 1.61 1.61 1.61 1.61 1.61 1.61 1.61 1.61 1.61 1.61 1.61 1.61 1.61 1.61 1.61 1.61 1.61 1.61 1.61 1.61
1.61 1.61 1.61 1.61 1.61 1.61 1.61 1.61 1.61 1.61 1.61 1.61 1.61 1.61 1.61 1.61 1.61 1.61 1.61 1.61 1.61 1.61 1.61 1.61 1.61 1.61 1.61 1.61 1.61 1.61 1.61 1.61 1.61 1.61 1.61 1.61 1.61 1.61 1.61 1.61 1.61 1.61 1.61 1.61 1.61 1.61 1.61 1.61 1.61 1.61 1.61 1.61 1.61 1.61 1.61 1.61 1.61 1.61 1.61 1.61 1.61 1.61 1.61 1.61 1.61 1.61 1.61 1.61 1.61 1.61 1.61 1.61 1.61 1.61 1.61 1.61 1.61 1.61 1.61 1.61 1.61 1.61 1.61 1.61
1.61 1.61 1.61 1.61 1.61 1.61 1.61 1.61 1.61 1.61 1.61 1.61 1.61 1.61 1.61 1.61 1.61 1.61 1.61 1.61 1.61 1.61 1.61 1.61 1.61 1.61 1.61 1.61 1.61 1.61 1.61 1.61 1.61 1.61 1.61 1.61 1.61 1.61 1.61 1.61 1.61 1.61 1.61 1.61 1.61 1.61 1.61 1.61 1.61 1.61 1.61 1.61 1.61 1.61 1.61 1.61 1.61 1.61 1.61 1.61 1.61 1.61 1.61 1.61 1.61 1.61 1.61 1.61 1.61 1.61 1.61 1.61 1.61 1.61 1.61 1.61 1.61 1.61 1.61 1.61 1.61 1.61 1.61 1.61
