data/AilsaCraig_270_1_25m_vel_20m.asc
ncols	257
nrows	257
xllcorner	3364200.000000
yllcorner	3669375.000000
cellsize	25.000000
NODATA_value	-1.000000
[rows 152 to 189 of 257, columns 84 to 167 of 257]
1.86 1.86 1.85 1.85 1.84 1.84 1.84 1.83 1.82 1.82 1.81 1.80 1.80 1.79 1.78 1.78 1.77 1.76 1.75 1.75 1.74 1.73 1.73 1.72 1.72 1.72 1.73 1.74 1.76 1.79 1.83 1.88 1.93 2.03 2.31 2.57 2.55 2.70 3.09 3.21 2.81 2.57 2.53 2.21 1.84 1.63 1.58 1.62 1.65 1.69 1.72 1.76 1.78 1.80 1.84 1.90 1.92 1.89 1.85 1.82 1.80 1.79 1.78 1.78 1.78 1.77 1.78 1.79 1.80 1.80 1.81 1.81 1.81 1.82 1.82 1.82 1.83 1.83 1.84 1.84 1.84 1.85 1.85 1.85
1.86 1.86 1.86 1.85 1.85 1.84 1.84 1.83 1.83 1.82 1.82 1.81 1.81 1.80 1.79 1.79 1.78 1.77 1.77 1.76 1.76 1.76 1.75 1.75 1.75 1.76 1.76 1.78 1.80 1.82 1.86 1.91 1.97 2.04 2.25 2.36 2.33 2.55 2.87 3.00 2.83 2.66 2.55 2.21 1.85 1.70 1.69 1.71 1.73 1.73 1.76 1.79 1.80 1.82 1.83 1.87 1.90 1.87 1.85 1.83 1.81 1.80 1.80 1.80 1.80 1.79 1.79 1.81 1.81 1.81 1.82 1.82 1.82 1.82 1.83 1.83 1.83 1.84 1.84 1.84 1.85 1.85 1.85 1.86
1.86 1.86 1.86 1.85 1.85 1.85 1.84 1.84 1.83 1.83 1.82 1.82 1.81 1.81 1.80 1.80 1.79 1.79 1.78 1.78 1.78 1.78 1.78 1.78 1.78 1.79 1.79 1.81 1.83 1.85 1.88 1.93 1.98 2.06 2.16 2.19 2.29 2.42 2.52 2.70 2.71 2.64 2.51 2.21 1.90 1.77 1.77 1.77 1.77 1.78 1.79 1.82 1.83 1.82 1.82 1.86 1.89 1.87 1.85 1.84 1.81 1.81 1.81 1.82 1.81 1.80 1.80 1.82 1.82 1.82 1.82 1.82 1.83 1.83 1.83 1.83 1.84 1.84 1.84 1.85 1.85 1.85 1.86 1.86
1.86 1.86 1.86 1.86 1.85 1.85 1.85 1.84 1.84 1.83 1.83 1.82 1.82 1.82 1.81 1.81 1.80 1.80 1.80 1.79 1.79 1.79 1.79 1.80 1.80 1.81 1.82 1.83 1.85 1.87 1.90 1.94 1.99 2.05 2.10 2.15 2.24 2.29 2.34 2.45 2.49 2.50 2.40 2.19 1.99 1.85 1.82 1.81 1.81 1.82 1.82 1.84 1.85 1.82 1.83 1.86 1.88 1.87 1.85 1.84 1.82 1.82 1.83 1.83 1.82 1.81 1.81 1.82 1.83 1.83 1.83 1.83 1.83 1.83 1.84 1.84 1.84 1.84 1.85 1.85 1.85 1.86 1.86 1.86
1.87 1.86 1.86 1.86 1.86 1.85 1.85 1.85 1.84 1.84 1.83 1.83 1.83 1.82 1.82 1.82 1.81 1.81 1.81 1.81 1.81 1.81 1.81 1.81 1.82 1.83 1.84 1.85 1.87 1.89 1.91 1.94 1.98 2.03 2.07 2.12 2.17 2.20 2.25 2.28 2.30 2.32 2.25 2.13 2.02 1.93 1.86 1.84 1.85 1.85 1.84 1.85 1.84 1.83 1.85 1.87 1.88 1.87 1.85 1.84 1.83 1.83 1.83 1.83 1.82 1.82 1.82 1.83 1.83 1.83 1.83 1.83 1.84 1.84 1.84 1.84 1.85 1.85 1.85 1.85 1.86 1.86 1.86 1.86
1.87 1.87 1.86 1.86 1.86 1.86 1.85 1.85 1.85 1.84 1.84 1.84 1.83 1.83 1.83 1.82 1.82 1.82 1.82 1.82 1.82 1.82 1.82 1.83 1.83 1.84 1.85 1.86 1.88 1.90 1.92 1.95 1.97 2.00 2.05 2.08 2.11 2.15 2.17 2.18 2.19 2.18 2.13 2.07 2.02 1.96 1.90 1.87 1.88 1.87 1.86 1.86 1.84 1.84 1.86 1.88 1.88 1.86 1.85 1.85 1.84 1.84 1.84 1.84 1.83 1.83 1.83 1.84 1.84 1.84 1.84 1.84 1.84 1.84 1.84 1.85 1.85 1.85 1.85 1.86 1.86 1.86 1.86 1.86
1.87 1.87 1.86 1.86 1.86 1.86 1.86 1.85 1.85 1.85 1.84 1.84 1.84 1.84 1.83 1.83 1.83 1.83 1.83 1.83 1.83 1.83 1.83 1.84 1.84 1.85 1.86 1.87 1.89 1.90 1.92 1.94 1.97 1.99 2.02 2.05 2.07 2.09 2.11 2.11 2.11 2.10 2.07 2.03 2.00 1.96 1.92 1.89 1.88 1.89 1.88 1.86 1.85 1.86 1.87 1.88 1.87 1.86 1.86 1.85 1.84 1.84 1.84 1.84 1.84 1.83 1.84 1.84 1.84 1.84 1.84 1.84 1.85 1.85 1.85 1.85 1.85 1.85 1.86 1.86 1.86 1.86 1.86 1.87
1.87 1.87 1.87 1.86 1.86 1.86 1.86 1.86 1.85 1.85 1.85 1.85 1.84 1.84 1.84 1.84 1.84 1.84 1.83 1.84 1.84 1.84 1.84 1.85 1.85 1.86 1.87 1.88 1.89 1.91 1.92 1.94 1.96 1.98 1.99 2.01 2.04 2.05 2.06 2.06 2.06 2.05 2.03 2.00 1.98 1.95 1.93 1.90 1.89 1.90 1.89 1.86 1.86 1.87 1.88 1.88 1.87 1.86 1.86 1.85 1.85 1.85 1.85 1.84 1.84 1.84 1.84 1.84 1.85 1.85 1.85 1.85 1.85 1.85 1.85 1.85 1.86 1.86 1.86 1.86 1.86 1.86 1.87 1.87
1.87 1.87 1.87 1.87 1.86 1.86 1.86 1.86 1.86 1.85 1.85 1.85 1.85 1.85 1.84 1.84 1.84 1.84 1.84 1.84 1.85 1.84 1.85 1.85 1.86 1.87 1.87 1.88 1.89 1.90 1.92 1.93 1.95 1.97 1.98 1.99 2.01 2.02 2.02 2.02 2.02 2.01 2.00 1.98 1.96 1.95 1.93 1.91 1.90 1.90 1.89 1.87 1.87 1.88 1.88 1.88 1.87 1.86 1.86 1.86 1.85 1.85 1.85 1.85 1.85 1.85 1.85 1.85 1.85 1.85 1.85 1.85 1.85 1.85 1.86 1.86 1.86 1.86 1.86 1.86 1.87 1.87 1.87 1.87
1.87 1.87 1.87 1.87 1.87 1.86 1.86 1.86 1.86 1.86 1.86 1.85 1.85 1.85 1.85 1.85 1.85 1.85 1.85 1.85 1.85 1.85 1.85 1.86 1.86 1.87 1.88 1.88 1.90 1.91 1.91 1.93 1.94 1.95 1.97 1.98 1.98 1.99 2.00 2.00 1.99 1.99 1.98 1.97 1.95 1.94 1.92 1.91 1.91 1.90 1.89 1.88 1.88 1.88 1.88 1.88 1.87 1.87 1.86 1.86 1.86 1.85 1.85 1.85 1.85 1.85 1.85 1.85 1.85 1.85 1.85 1.86 1.86 1.86 1.86 1.86 1.86 1.86 1.86 1.87 1.87 1.87 1.87 1.87
1.87 1.87 1.87 1.87 1.87 1.87 1.86 1.86 1.86 1.86 1.86 1.86 1.86 1.85 1.85 1.85 1.85 1.85 1.85 1.86 1.85 1.86 1.86 1.86 1.87 1.87 1.88 1.89 1.89 1.91 1.91 1.92 1.93 1.94 1.95 1.96 1.97 1.97 1.97 1.98 1.97 1.97 1.96 1.95 1.94 1.93 1.92 1.91 1.91 1.90 1.89 1.88 1.88 1.88 1.88 1.88 1.87 1.87 1.86 1.86 1.86 1.86 1.86 1.86 1.85 1.86 1.86 1.86 1.86 1.86 1.86 1.86 1.86 1.86 1.86 1.86 1.86 1.87 1.87 1.87 1.87 1.87 1.87 1.87
1.87 1.87 1.87 1.87 1.87 1.87 1.87 1.87 1.86 1.86 1.86 1.86 1.86 1.86 1.86 1.86 1.86 1.86 1.86 1.86 1.86 1.86 1.87 1.87 1.87 1.88 1.88 1.89 1.90 1.90 1.91 1.92 1.92 1.94 1.94 1.95 1.95 1.96 1.96 1.96 1.96 1.95 1.95 1.94 1.94 1.92 1.92 1.91 1.90 1.90 1.89 1.89 1.89 1.88 1.88 1.88 1.87 1.87 1.87 1.86 1.86 1.86 1.86 1.86 1.86 1.86 1.86 1.86 1.86 1.86 1.86 1.86 1.86 1.86 1.86 1.87 1.87 1.87 1.87 1.87 1.87 1.87 1.87 1.87
1.87 1.87 1.87 1.87 1.87 1.87 1.87 1.87 1.87 1.86 1.86 1.86 1.86 1.86 1.86 1.86 1.86 1.86 1.86 1.86 1.86 1.86 1.87 1.87 1.87 1.88 1.88 1.89 1.90 1.90 1.91 1.92 1.92 1.93 1.93 1.94 1.94 1.94 1.95 1.94 1.94 1.94 1.94 1.93 1.93 1.92 1.91 1.91 1.90 1.90 1.89 1.89 1.89 1.88 1.88 1.88 1.87 1.87 1.87 1.87 1.86 1.86 1.86 1.86 1.86 1.86 1.86 1.86 1.86 1.86 1.86 1.86 1.86 1.87 1.87 1.87 1.87 1.87 1.87 1.87 1.87 1.87 1.87 1.87
1.88 1.87 1.87 1.87 1.87 1.87 1.87 1.87 1.87 1.87 1.87 1.87 1.87 1.86 1.86 1.86 1.86 1.86 1.86 1.87 1.86 1.87 1.87 1.87 1.88 1.88 1.88 1.89 1.89 1.90 1.90 1.91 1.92 1.92 1.92 1.93 1.93 1.93 1.94 1.93 1.93 1.93 1.93 1.92 1.92 1.92 1.91 1.91 1.90 1.90 1.89 1.89 1.89 1.88 1.88 1.88 1.87 1.87 1.87 1.87 1.87 1.87 1.86 1.86 1.86 1.86 1.86 1.86 1.86 1.87 1.87 1.87 1.87 1.87 1.87 1.87 1.87 1.87 1.87 1.87 1.87 1.87 1.87 1.88
1.88 1.88 1.87 1.87 1.87 1.87 1.87 1.87 1.87 1.87 1.87 1.87 1.87 1.87 1.87 1.87 1.87 1.87 1.87 1.87 1.87 1.87 1.87 1.88 1.88 1.88 1.88 1.89 1.89 1.90 1.90 1.91 1.91 1.92 1.92 1.92 1.92 1.93 1.93 1.93 1.93 1.92 1.92 1.92 1.92 1.91 1.91 1.90 1.90 1.90 1.89 1.89 1.89 1.88 1.88 1.88 1.87 1.87 1.87 1.87 1.87 1.87 1.87 1.87 1.87 1.87 1.87 1.87 1.87 1.87 1.87 1.87 1.87 1.87 1.87 1.87 1.87 1.87 1.87 1.87 1.87 1.87 1.88 1.88
1.88 1.88 1.88 1.88 1.87 1.87 1.87 1.87 1.87 1.87 1.87 1.87 1.87 1.87 1.87 1.87 1.87 1.87 1.87 1.87 1.87 1.87 1.87 1.88 1.88 1.88 1.88 1.89 1.89 1.90 1.90 1.90 1.91 1.91 1.91 1.92 1.92 1.92 1.92 1.92 1.92 1.92 1.92 1.91 1.91 1.91 1.90 1.90 1.90 1.89 1.89 1.89 1.89 1.88 1.88 1.88 1.88 1.87 1.87 1.87 1.87 1.87 1.87 1.87 1.87 1.87 1.87 1.87 1.87 1.87 1.87 1.87 1.87 1.87 1.87 1.87 1.87 1.87 1.87 1.87 1.88 1.88 1.88 1.88
1.88 1.88 1.88 1.88 1.88 1.87 1.87 1.87 1.87 1.87 1.87 1.87 1.87 1.87 1.87 1.87 1.87 1.87 1.87 1.87 1.87 1.88 1.88 1.88 1.88 1.88 1.89 1.89 1.89 1.89 1.90 1.90 1.90 1.91 1.91 1.91 1.91 1.91 1.91 1.91 1.91 1.91 1.91 1.91 1.91 1.90 1.90 1.90 1.90 1.89 1.89 1.89 1.88 1.88 1.88 1.88 1.88 1.88 1.87 1.87 1.87 1.87 1.87 1.87 1.87 1.87 1.87 1.87 1.87 1.87 1.87 1.87 1.87 1.87 1.87 1.87 1.87 1.87 1.87 1.88 1.88 1.88 1.88 1.88
1.88 1.88 1.88 1.88 1.88 1.88 1.88 1.87 1.87 1.87 1.87 1.87 1.87 1.87 1.87 1.87 1.87 1.87 1.87 1.87 1.87 1.88 1.88 1.88 1.88 1.88 1.88 1.89 1.89 1.89 1.89 1.90 1.90 1.90 1.90 1.91 1.91 1.91 1.91 1.91 1.91 1.91 1.91 1.90 1.90 1.90 1.90 1.90 1.89 1.89 1.89 1.89 1.88 1.88 1.88 1.88 1.88 1.88 1.88 1.87 1.87 1.87 1.87 1.87 1.87 1.87 1.87 1.87 1.87 1.87 1.87 1.87 1.87 1.87 1.87 1.87 1.88 1.88 1.88 1.88 1.88 1.88 1.88 1.88
1.88 1.88 1.88 1.88 1.88 1.88 1.88 1.88 1.88 1.87 1.87 1.87 1.87 1.87 1.87 1.87 1.87 1.87 1.87 1.87 1.88 1.88 1.88 1.88 1.88 1.88 1.88 1.89 1.89 1.89 1.89 1.89 1.90 1.90 1.90 1.90 1.90 1.90 1.90 1.90 1.90 1.90 1.90 1.90 1.90 1.90 1.90 1.89 1.89 1.89 1.89 1.89 1.88 1.88 1.88 1.88 1.88 1.88 1.88 1.88 1.87 1.87 1.87 1.87 1.87 1.87 1.87 1.87 1.87 1.87 1.87 1.87 1.87 1.87 1.88 1.88 1.88 1.88 1.88 1.88 1.88 1.88 1.88 1.88
1.88 1.88 1.88 1.88 1.88 1.88 1.88 1.88 1.88 1.88 1.88 1.88 1.88 1.87 1.88 1.87 1.88 1.88 1.88 1.88 1.88 1.88 1.88 1.88 1.88 1.88 1.88 1.89 1.89 1.89 1.89 1.89 1.89 1.90 1.90 1.90 1.90 1.90 1.90 1.90 1.90 1.90 1.90 1.90 1.90 1.90 1.89 1.89 1.89 1.89 1.89 1.89 1.88 1.88 1.88 1.88 1.88 1.88 1.88 1.88 1.88 1.88 1.88 1.87 1.87 1.87 1.87 1.87 1.87 1.87 1.88 1.88 1.88 1.88 1.88 1.88 1.88 1.88 1.88 1.88 1.88 1.88 1.88 1.88
1.88 1.88 1.88 1.88 1.88 1.88 1.88 1.88 1.88 1.88 1.88 1.88 1.88 1.88 1.88 1.88 1.88 1.88 1.88 1.88 1.88 1.88 1.88 1.88 1.88 1.88 1.88 1.89 1.89 1.89 1.89 1.89 1.89 1.89 1.90 1.90 1.90 1.90 1.90 1.90 1.90 1.90 1.90 1.90 1.89 1.89 1.89 1.89 1.89 1.89 1.89 1.88 1.88 1.88 1.88 1.88 1.88 1.88 1.88 1.88 1.88 1.88 1.88 1.88 1.88 1.88 1.88 1.88 1.88 1.88 1.88 1.88 1.88 1.88 1.88 1.88 1.88 1.88 1.88 1.88 1.88 1.88 1.88 1.88
1.88 1.88 1.88 1.88 1.88 1.88 1.88 1.88 1.88 1.88 1.88 1.88 1.88 1.88 1.88 1.88 1.88 1.88 1.88 1.88 1.88 1.88 1.88 1.88 1.88 1.88 1.88 1.89 1.89 1.89 1.89 1.89 1.89 1.89 1.89 1.89 1.89 1.89 1.90 1.90 1.90 1.89 1.89 1.89 1.89 1.89 1.89 1.89 1.89 1.89 1.89 1.88 1.88 1.88 1.88 1.88 1.88 1.88 1.88 1.88 1.88 1.88 1.88 1.88 1.88 1.88 1.88 1.88 1.88 1.88 1.88 1.88 1.88 1.88 1.88 1.88 1.88 1.88 1.88 1.88 1.88 1.88 1.88 1.88
1.88 1.88 1.88 1.88 1.88 1.88 1.88 1.88 1.88 1.88 1.88 1.88 1.88 1.88 1.88 1.88 1.88 1.88 1.88 1.88 1.88 1.88 1.88 1.88 1.88 1.88 1.88 1.89 1.89 1.89 1.89 1.89 1.89 1.89 1.89 1.89 1.89 1.89 1.89 1.89 1.89 1.89 1.89 1.89 1.89 1.89 1.89 1.89 1.89 1.89 1.88 1.88 1.88 1.88 1.88 1.88 1.88 1.88 1.88 1.88 1.88 1.88 1.88 1.88 1.88 1.88 1.88 1.88 1.88 1.88 1.88 1.88 1.88 1.88 1.88 1.88 1.88 1.88 1.88 1.88 1.88 1.88 1.88 1.88
1.88 1.88 1.88 1.88 1.88 1.88 1.88 1.88 1.88 1.88 1.88 1.88 1.88 1.88 1.88 1.88 1.88 1.88 1.88 1.88 1.88 1.88 1.88 1.88 1.88 1.88 1.88 1.88 1.89 1.89 1.89 1.89 1.89 1.89 1.89 1.89 1.89 1.89 1.89 1.89 1.89 1.89 1.89 1.89 1.89 1.89 1.89 1.89 1.89 1.89 1.88 1.88 1.88 1.88 1.88 1.88 1.88 1.88 1.88 1.88 1.88 1.88 1.88 1.88 1.88 1.88 1.88 1.88 1.88 1.88 1.88 1.88 1.88 1.88 1.88 1.88 1.88 1.88 1.88 1.88 1.88 1.88 1.88 1.88
1.88 1.88 1.88 1.88 1.88 1.88 1.88 1.88 1.88 1.88 1.88 1.88 1.88 1.88 1.88 1.88 1.88 1.88 1.88 1.88 1.88 1.88 1.88 1.88 1.88 1.88 1.88 1.88 1.88 1.89 1.89 1.89 1.89 1.89 1.89 1.89 1.89 1.89 1.89 1.89 1.89 1.89 1.89 1.89 1.89 1.89 1.89 1.89 1.89 1.88 1.88 1.88 1.88 1.88 1.88 1.88 1.88 1.88 1.88 1.88 1.88 1.88 1.88 1.88 1.88 1.88 1.88 1.88 1.88 1.88 1.88 1.88 1.88 1.88 1.88 1.88 1.88 1.88 1.88 1.88 1.88 1.88 1.88 1.88
1.88 1.88 1.88 1.88 1.88 1.88 1.88 1.88 1.88 1.88 1.88 1.88 1.88 1.88 1.88 1.88 1.88 1.88 1.88 1.88 1.88 1.88 1.88 1.88 1.88 1.88 1.88 1.88 1.88 1.88 1.89 1.89 1.89 1.89 1.89 1.89 1.89 1.89 1.89 1.89 1.89 1.89 1.89 1.89 1.89 1.89 1.89 1.89 1.88 1.88 1.88 1.88 1.88 1.88 1.88 1.88 1.88 1.88 1.88 1.88 1.88 1.88 1.88 1.88 1.88 1.88 1.88 1.88 1.88 1.88 1.88 1.88 1.88 1.88 1.88 1.88 1.88 1.88 1.88 1.88 1.88 1.88 1.88 1.88
1.88 1.88 1.88 1.88 1.88 1.88 1.88 1.88 1.88 1.88 1.88 1.88 1.88 1.88 1.88 1.88 1.88 1.88 1.88 1.88 1.88 1.88 1.88 1.88 1.88 1.88 1.88 1.88 1.88 1.88 1.88 1.89 1.89 1.89 1.89 1.89 1.89 1.89 1.89 1.89 1.89 1.89 1.89 1.89 1.89 1.89 1.89 1.88 1.88 1.88 1.88 1.88 1.88 1.88 1.88 1.88 1.88 1.88 1.88 1.88 1.88 1.88 1.88 1.88 1.88 1.88 1.88 1.88 1.88 1.88 1.88 1.88 1.88 1.88 1.88 1.88 1.88 1.88 1.88 1.88 1.88 1.88 1.88 1.88
1.88 1.88 1.88 1.88 1.88 1.88 1.88 1.88 1.88 1.88 1.88 1.88 1.88 1.88 1.88 1.88 1.88 1.88 1.88 1.88 1.88 1.88 1.88 1.88 1.88 1.88 1.88 1.88 1.88 1.88 1.88 1.88 1.89 1.89 1.89 1.89 1.89 1.89 1.89 1.89 1.89 1.89 1.89 1.89 1.89 1.89 1.88 1.88 1.88 1.88 1.88 1.88 1.88 1.88 1.88 1.88 1.88 1.88 1.88 1.88 1.88 1.88 1.88 1.88 1.88 1.88 1.88 1.88 1.88 1.88 1.88 1.88 1.88 1.88 1.88 1.88 1.88 1.88 1.88 1.88 1.88 1.88 1.88 1.88
1.88 1.88 1.88 1.88 1.88 1.88 1.88 1.88 1.88 1.88 1.88 1.88 1.88 1.88 1.88 1.88 1.88 1.88 1.88 1.88 1.88 1.88 1.88 1.88 1.88 1.88 1.88 1.88 1.88 1.88 1.88 1.88 1.88 1.88 1.89 1.89 1.89 1.89 1.89 1.89 1.89 1.89 1.89 1.89 1.89 1.88 1.88 1.88 1.88 1.88 1.88 1.88 1.88 1.88 1.88 1.88 1.88 1.88 1.88 1.88 1.88 1.88 1.88 1.88 1.88 1.88 1.88 1.88 1.88 1.88 1.88 1.88 1.88 1.88 1.88 1.88 1.88 1.88 1.88 1.88 1.88 1.88 1.88 1.88
1.88 1.88 1.88 1.88 1.88 1.88 1.88 1.88 1.88 1.88 1.88 1.88 1.88 1.88 1.88 1.88 1.88 1.88 1.88 1.88 1.88 1.88 1.88 1.88 1.88 1.88 1.88 1.88 1.88 1.88 1.88 1.88 1.88 1.88 1.88 1.88 1.88 1.88 1.88 1.88 1.88 1.88 1.88 1.88 1.88 1.88 1.88 1.88 1.88 1.88 1.88 1.88 1.88 1.88 1.88 1.88 1.88 1.88 1.88 1.88 1.88 1.88 1.88 1.88 1.88 1.88 1.88 1.88 1.88 1.88 1.88 1.88 1.88 1.88 1.88 1.88 1.88 1.88 1.88 1.88 1.88 1.88 1.88 1.88
1.88 1.88 1.88 1.88 1.88 1.88 1.88 1.88 1.88 1.88 1.88 1.88 1.88 1.88 1.88 1.88 1.88 1.88 1.88 1.88 1.88 1.88 1.88 1.88 1.88 1.88 1.88 1.88 1.88 1.88 1.88 1.88 1.88 1.88 1.88 1.88 1.88 1.88 1.88 1.88 1.88 1.88 1.88 1.88 1.88 1.88 1.88 1.88 1.88 1.88 1.88 1.88 1.88 1.88 1.88 1.88 1.88 1.88 1.88 1.88 1.88 1.88 1.88 1.88 1.88 1.88 1.88 1.88 1.88 1.88 1.88 1.88 1.88 1.88 1.88 1.88 1.88 1.88 1.88 1.88 1.88 1.88 1.88 1.88
1.88 1.88 1.88 1.88 1.88 1.88 1.88 1.88 1.88 1.88 1.88 1.88 1.88 1.88 1.88 1.88 1.88 1.88 1.88 1.88 1.88 1.88 1.88 1.88 1.88 1.88 1.88 1.88 1.88 1.88 1.88 1.88 1.88 1.88 1.88 1.88 1.88 1.88 1.88 1.88 1.88 1.88 1.88 1.88 1.88 1.88 1.88 1.88 1.88 1.88 1.88 1.88 1.88 1.88 1.88 1.88 1.88 1.88 1.88 1.88 1.88 1.88 1.88 1.88 1.88 1.88 1.88 1.88 1.88 1.88 1.88 1.88 1.88 1.88 1.88 1.88 1.88 1.88 1.88 1.88 1.88 1.88 1.88 1.88
1.88 1.88 1.88 1.88 1.88 1.88 1.88 1.88 1.88 1.88 1.88 1.88 1.88 1.88 1.88 1.88 1.88 1.88 1.88 1.88 1.88 1.88 1.88 1.88 1.88 1.88 1.88 1.88 1.88 1.88 1.88 1.88 1.88 1.88 1.88 1.88 1.88 1.88 1.88 1.88 1.88 1.88 1.88 1.88 1.88 1.88 1.88 1.88 1.88 1.88 1.88 1.88 1.88 1.88 1.88 1.88 1.88 1.88 1.88 1.88 1.88 1.88 1.88 1.88 1.88 1.88 1.88 1.88 1.88 1.88 1.88 1.88 1.88 1.88 1.88 1.88 1.88 1.88 1.88 1.88 1.88 1.88 1.88 1.88
1.88 1.88 1.88 1.88 1.88 1.88 1.88 1.88 1.88 1.88 1.88 1.88 1.88 1.88 1.88 1.88 1.88 1.88 1.88 1.88 1.88 1.88 1.88 1.88 1.88 1.88 1.88 1.88 1.88 1.88 1.88 1.88 1.88 1.88 1.88 1.88 1.88 1.88 1.88 1.88 1.88 1.88 1.88 1.88 1.88 1.88 1.88 1.88 1.88 1.88 1.88 1.88 1.88 1.88 1.88 1.88 1.88 1.88 1.88 1.88 1.88 1.88 1.88 1.88 1.88 1.88 1.88 1.88 1.88 1.88 1.88 1.88 1.88 1.88 1.88 1.88 1.88 1.88 1.88 1.88 1.88 1.88 1.88 1.88
1.88 1.88 1.88 1.88 1.88 1.88 1.88 1.88 1.88 1.88 1.88 1.88 1.88 1.88 1.88 1.88 1.88 1.88 1.88 1.88 1.88 1.88 1.88 1.88 1.88 1.88 1.88 1.88 1.88 1.88 1.88 1.88 1.88 1.88 1.88 1.88 1.88 1.88 1.88 1.88 1.88 1.88 1.88 1.88 1.88 1.88 1.88 1.88 1.88 1.88 1.88 1.88 1.88 1.88 1.88 1.88 1.88 1.88 1.88 1.88 1.88 1.88 1.88 1.88 1.88 1.88 1.88 1.88 1.88 1.88 1.88 1.88 1.88 1.88 1.88 1.88 1.88 1.88 1.88 1.88 1.88 1.88 1.88 1.88
1.88 1.88 1.88 1.88 1.88 1.88 1.88 1.88 1.88 1.88 1.88 1.88 1.88 1.88 1.88 1.88 1.88 1.88 1.88 1.88 1.88 1.88 1.88 1.88 1.88 1.88 1.88 1.88 1.88 1.88 1.88 1.88 1.88 1.88 1.88 1.88 1.88 1.88 1.88 1.88 1.88 1.88 1.88 1.88 1.88 1.88 1.88 1.88 1.88 1.88 1.88 1.88 1.88 1.88 1.88 1.88 1.88 1.88 1.88 1.88 1.88 1.88 1.88 1.88 1.88 1.88 1.88 1.88 1.88 1.88 1.88 1.88 1.88 1.88 1.88 1.88 1.88 1.88 1.88 1.88 1.88 1.88 1.88 1.88
1.88 1.88 1.88 1.88 1.88 1.88 1.88 1.88 1.88 1.88 1.88 1.88 1.88 1.88 1.88 1.88 1.88 1.88 1.88 1.88 1.88 1.88 1.88 1.88 1.88 1.88 1.88 1.88 1.88 1.88 1.88 1.88 1.88 1.88 1.88 1.88 1.88 1.88 1.88 1.88 1.88 1.88 1.88 1.88 1.88 1.88 1.88 1.88 1.88 1.88 1.88 1.88 1.88 1.88 1.88 1.88 1.88 1.88 1.88 1.88 1.88 1.88 1.88 1.88 1.88 1.88 1.88 1.88 1.88 1.88 1.88 1.88 1.88 1.88 1.88 1.88 1.88 1.88 1.88 1.88 1.88 1.88 1.88 1.88
1.88 1.88 1.88 1.88 1.88 1.88 1.88 1.88 1.88 1.88 1.88 1.88 1.88 1.88 1.88 1.88 1.88 1.88 1.88 1.88 1.88 1.88 1.88 1.88 1.88 1.88 1.88 1.88 1.88 1.88 1.88 1.88 1.88 1.88 1.88 1.88 1.88 1.88 1.88 1.88 1.88 1.88 1.88 1.88 1.88 1.88 1.88 1.88 1.88 1.88 1.88 1.88 1.88 1.88 1.88 1.88 1.88 1.88 1.88 1.88 1.88 1.88 1.88 1.88 1.88 1.88 1.88 1.88 1.88 1.88 1.88 1.88 1.88 1.88 1.88 1.88 1.88 1.88 1.88 1.88 1.88 1.88 1.88 1.88
