data/AilsaCraig_270_1_25m_ang.asc
ncols	255
nrows	255
xllcorner	3364200.000000
yllcorner	3669375.000000
cellsize	25.000000
NODATA_value	-1.000000
[rows 126 to 167 of 255, columns 94 to 187 of 255]
269 269 269 269 269 269 268 267 267 266 266 264 264 260 260 253 248 248 251 251 254 254 258 258 262 266 266 271 271 274 274 274 274 274 274 273 272 272 270 270 268 268 267 267 270 274 274 275 275 274 274 275 275 277 275 275 272 272 271 271 271 271 271 270 270 270 270 270 270 270 270 270 270 270 270 270 270 270 270 270 270 270 270 270 270 270 270 270 270 270 270 270 270 270
269 269 269 269 269 269 268 267 267 266 266 264 264 260 260 253 248 248 251 251 254 254 258 258 262 266 266 271 271 274 274 274 274 274 274 273 272 272 270 270 268 268 267 267 270 274 274 275 275 274 274 275 275 277 275 275 272 272 271 271 271 271 271 270 270 270 270 270 270 270 270 270 270 270 270 270 270 270 270 270 270 270 270 270 270 270 270 270 270 270 270 270 270 270
269 269 269 269 269 269 268 267 267 266 266 264 264 260 260 252 248 248 253 253 258 258 263 263 268 273 273 276 276 277 277 275 275 273 273 271 269 269 269 269 268 268 267 267 266 266 266 267 267 268 268 269 269 270 271 271 271 271 270 270 270 270 270 270 270 270 270 270 270 270 270 270 270 270 270 270 270 270 270 270 270 270 270 270 270 270 270 270 270 270 270 270 270 270
269 269 269 269 269 269 268 267 267 266 266 264 264 260 260 252 248 248 253 253 258 258 263 263 268 273 273 276 276 277 277 275 275 273 273 271 269 269 269 269 268 268 267 267 266 266 266 267 267 268 268 269 269 270 271 271 271 271 270 270 270 270 270 270 270 270 270 270 270 270 270 270 270 270 270 270 270 270 270 270 270 270 270 270 270 270 270 270 270 270 270 270 270 270
270 270 270 270 269 269 269 268 268 267 267 265 265 260 260 252 249 249 256 256 261 261 267 267 274 278 278 279 279 278 278 276 276 272 272 269 267 267 268 268 268 268 265 265 261 258 258 260 260 263 263 263 263 265 268 268 269 269 269 269 269 269 269 270 270 270 270 270 270 270 270 270 270 270 270 270 270 270 270 270 270 270 270 270 270 270 270 270 270 270 270 270 270 270
270 270 270 270 269 269 269 268 268 267 267 265 265 260 260 252 249 249 256 256 261 261 267 267 274 278 278 279 279 278 278 276 276 272 272 269 267 267 268 268 268 268 265 265 261 258 258 260 260 263 263 263 263 265 268 268 269 269 269 269 269 269 269 270 270 270 270 270 270 270 270 270 270 270 270 270 270 270 270 270 270 270 270 270 270 270 270 270 270 270 270 270 270 270
270 270 270 270 270 270 269 269 269 268 268 266 266 261 261 254 252 252 260 260 265 265 270 270 277 281 281 281 281 280 280 277 277 273 273 269 267 267 268 268 266 266 261 261 256 253 253 254 254 257 257 258 258 260 264 264 267 267 268 268 269 269 269 269 269 269 269 270 270 270 270 270 270 270 270 270 270 270 270 270 270 270 270 270 270 270 270 270 270 270 270 270 270 270
270 270 270 270 270 270 269 269 269 268 268 266 266 261 261 254 252 252 260 260 265 265 270 270 277 281 281 281 281 280 280 277 277 273 273 269 267 267 268 268 266 266 261 261 256 253 253 254 254 257 257 258 258 260 264 264 267 267 268 268 269 269 269 269 269 269 269 270 270 270 270 270 270 270 270 270 270 270 270 270 270 270 270 270 270 270 270 270 270 270 270 270 270 270
270 270 270 270 270 270 270 270 270 270 270 268 268 264 264 259 258 258 265 265 270 270 275 275 280 282 282 281 281 280 280 279 279 275 275 271 268 268 267 267 264 264 258 258 253 249 249 248 248 251 251 254 254 257 262 262 265 265 267 267 268 268 268 269 269 269 269 269 269 270 270 270 270 270 270 270 270 270 270 270 270 270 270 270 270 270 270 270 270 270 270 270 270 270
270 270 270 270 270 270 270 270 270 270 270 268 268 264 264 259 258 258 265 265 270 270 275 275 280 282 282 281 281 280 280 279 279 275 275 271 268 268 267 267 264 264 258 258 253 249 249 248 248 251 251 254 254 257 262 262 265 265 267 267 268 268 268 269 269 269 269 269 269 270 270 270 270 270 270 270 270 270 270 270 270 270 270 270 270 270 270 270 270 270 270 270 270 270
270 270 271 271 271 271 271 271 271 272 272 272 272 270 270 269 269 269 273 273 277 277 280 280 281 281 281 280 280 279 279 278 278 275 275 272 267 267 264 264 262 262 257 257 252 248 248 245 245 247 247 251 251 256 261 261 263 263 265 265 267 267 268 269 269 269 269 269 269 269 269 269 269 270 270 270 270 270 270 270 270 270 270 270 270 270 270 270 270 270 270 270 270 270
271 271 271 271 272 272 272 272 272 274 274 276 276 280 280 284 283 283 283 283 284 284 283 283 280 278 278 276 276 276 276 275 275 274 274 271 265 265 260 260 260 260 256 256 252 247 247 244 244 247 247 251 251 256 260 260 262 262 265 265 266 266 268 268 268 269 269 269 269 269 269 269 269 270 270 270 270 270 270 270 270 270 270 270 270 270 270 270 270 270 270 270 270 270
271 271 271 271 272 272 272 272 272 274 274 276 276 280 280 284 283 283 283 283 284 284 283 283 280 278 278 276 276 276 276 275 275 274 274 271 265 265 260 260 260 260 256 256 252 247 247 244 244 247 247 251 251 256 260 260 262 262 265 265 266 266 268 268 268 269 269 269 269 269 269 269 269 270 270 270 270 270 270 270 270 270 270 270 270 270 270 270 270 270 270 270 270 270
271 271 271 271 272 272 272 274 274 276 276 280 280 289 289 301 297 297 289 289 288 288 284 284 280 277 277 274 274 273 273 272 272 270 270 266 260 260 258 258 258 258 255 255 251 246 246 243 243 247 247 253 253 256 259 259 262 262 265 265 266 266 268 268 268 268 268 269 269 269 269 269 269 270 270 270 270 270 270 270 270 270 270 270 270 270 270 270 270 270 270 270 270 270
271 271 271 271 272 272 272 274 274 276 276 280 280 289 289 301 297 297 289 289 288 288 284 284 280 277 277 274 274 273 273 272 272 270 270 266 260 260 258 258 258 258 255 255 251 246 246 243 243 247 247 253 253 256 259 259 262 262 265 265 266 266 268 268 268 268 268 269 269 269 269 269 269 270 270 270 270 270 270 270 270 270 270 270 270 270 270 270 270 270 270 270 270 270
271 271 272 272 272 272 273 275 275 277 277 282 282 292 292 307 306 306 293 293 289 289 286 286 280 277 277 275 275 273 273 269 269 264 264 260 258 258 257 257 257 257 254 254 250 245 245 242 242 248 248 253 253 256 260 260 263 263 265 265 267 267 267 268 268 268 268 269 269 269 269 269 269 269 270 270 270 270 270 270 270 270 270 270 270 270 270 270 270 270 270 270 270 270
271 271 272 272 272 272 273 275 275 277 277 282 282 292 292 307 306 306 293 293 289 289 286 286 280 277 277 275 275 273 273 269 269 264 264 260 258 258 257 257 257 257 254 254 250 245 245 242 242 248 248 253 253 256 260 260 263 263 265 265 267 267 267 268 268 268 268 269 269 269 269 269 269 269 270 270 270 270 270 270 270 270 270 270 270 270 270 270 270 270 270 270 270 270
271 271 272 272 273 273 274 275 275 277 277 282 282 289 289 301 306 306 297 297 290 290 287 287 281 277 277 275 275 272 272 265 265 257 257 258 259 259 260 260 259 259 256 256 251 246 246 245 245 250 250 254 254 257 261 261 263 263 265 265 267 267 267 268 268 268 268 269 269 269 269 269 269 269 270 270 270 270 270 270 270 270 270 270 270 270 270 270 270 270 270 270 270 270
271 271 272 272 273 273 274 275 275 277 277 282 282 289 289 301 306 306 297 297 290 290 287 287 281 277 277 275 275 272 272 265 265 257 257 258 259 259 260 260 259 259 256 256 251 246 246 245 245 250 250 254 254 257 261 261 263 263 265 265 267 267 267 268 268 268 268 269 269 269 269 269 269 269 270 270 270 270 270 270 270 270 270 270 270 270 270 270 270 270 270 270 270 270
272 272 272 272 273 273 274 275 275 277 277 281 281 286 286 294 300 300 301 301 295 295 287 287 281 277 277 274 274 268 268 258 258 251 251 254 259 259 263 263 263 263 259 259 254 250 250 250 250 253 253 257 257 260 262 262 264 264 266 266 267 267 267 268 268 268 268 269 269 269 269 269 269 269 270 270 270 270 270 270 270 270 270 270 270 270 270 270 270 270 270 270 270 270
272 272 272 272 273 273 274 275 275 277 277 280 280 283 283 288 293 293 299 299 300 300 291 291 282 278 278 273 273 265 265 254 254 248 248 248 254 254 261 261 263 263 262 262 258 255 255 254 254 257 257 260 260 262 264 264 265 265 266 266 267 267 268 268 268 268 268 269 269 269 269 269 269 269 270 270 270 270 270 270 270 270 270 270 270 270 270 270 270 270 270 270 270 270
272 272 272 272 273 273 274 275 275 277 277 280 280 283 283 288 293 293 299 299 300 300 291 291 282 278 278 273 273 265 265 254 254 248 248 248 254 254 261 261 263 263 262 262 258 255 255 254 254 257 257 260 260 262 264 264 265 265 266 266 267 267 268 268 268 268 268 269 269 269 269 269 269 269 270 270 270 270 270 270 270 270 270 270 270 270 270 270 270 270 270 270 270 270
272 272 272 272 273 273 274 275 275 276 276 278 278 281 281 284 287 287 292 292 297 297 296 296 287 280 280 273 273 263 263 252 252 248 248 246 251 251 259 259 262 262 262 262 262 260 260 259 259 260 260 262 262 264 265 265 266 266 267 267 267 267 268 268 268 269 269 269 269 269 269 269 269 270 270 270 270 270 270 270 270 270 270 270 270 270 270 270 270 270 270 270 270 270
272 272 272 272 273 273 274 275 275 276 276 278 278 281 281 284 287 287 292 292 297 297 296 296 287 280 280 273 273 263 263 252 252 248 248 246 251 251 259 259 262 262 262 262 262 260 260 259 259 260 260 262 262 264 265 265 266 266 267 267 267 267 268 268 268 269 269 269 269 269 269 269 269 270 270 270 270 270 270 270 270 270 270 270 270 270 270 270 270 270 270 270 270 270
272 272 272 272 273 273 273 274 274 275 275 277 277 279 279 281 283 283 286 286 290 290 293 293 292 283 283 273 273 263 263 253 253 248 248 248 253 253 258 258 261 261 263 263 263 263 263 263 263 263 263 264 264 265 266 266 266 266 267 267 268 268 268 268 268 269 269 269 269 269 269 269 269 270 270 270 270 270 270 270 270 270 270 270 270 270 270 270 270 270 270 270 270 270
272 272 272 272 273 273 273 274 274 275 275 277 277 279 279 281 283 283 286 286 290 290 293 293 292 283 283 273 273 263 263 253 253 248 248 248 253 253 258 258 261 261 263 263 263 263 263 263 263 263 263 264 264 265 266 266 266 266 267 267 268 268 268 268 268 269 269 269 269 269 269 269 269 270 270 270 270 270 270 270 270 270 270 270 270 270 270 270 270 270 270 270 270 270
271 271 272 272 272 272 273 274 274 275 275 276 276 277 277 278 280 280 282 282 284 284 286 286 287 283 283 275 275 266 266 258 258 252 252 252 257 257 260 260 262 262 264 264 264 265 265 265 265 265 265 265 265 266 266 266 267 267 267 267 268 268 268 268 268 269 269 269 269 269 269 269 269 270 270 270 270 270 270 270 270 270 270 270 270 270 270 270 270 270 270 270 270 270
271 271 272 272 272 272 273 274 274 275 275 276 276 277 277 278 280 280 282 282 284 284 286 286 287 283 283 275 275 266 266 258 258 252 252 252 257 257 260 260 262 262 264 264 264 265 265 265 265 265 265 265 265 266 266 266 267 267 267 267 268 268 268 268 268 269 269 269 269 269 269 269 269 270 270 270 270 270 270 270 270 270 270 270 270 270 270 270 270 270 270 270 270 270
271 271 272 272 272 272 273 273 273 274 274 275 275 276 276 277 278 278 279 279 279 279 280 280 280 278 278 274 274 269 269 263 263 258 258 258 260 260 262 262 264 264 265 265 265 266 266 266 266 266 266 266 266 267 267 267 267 267 268 268 268 268 268 269 269 269 269 269 269 269 269 269 269 270 270 270 270 270 270 270 270 270 270 270 270 270 270 270 270 270 270 270 270 270
271 271 271 271 272 272 272 273 273 273 273 274 274 275 275 275 276 276 276 276 277 277 277 277 276 275 275 273 273 269 269 266 266 263 263 263 263 263 264 264 265 265 266 266 266 266 266 266 266 267 267 267 267 267 267 267 268 268 268 268 268 268 269 269 269 269 269 269 269 269 269 270 270 270 270 270 270 270 270 270 270 270 270 270 270 270 270 270 270 270 270 270 270 270
271 271 271 271 272 272 272 273 273 273 273 274 274 275 275 275 276 276 276 276 277 277 277 277 276 275 275 273 273 269 269 266 266 263 263 263 263 263 264 264 265 265 266 266 266 266 266 266 266 267 267 267 267 267 267 267 268 268 268 268 268 268 269 269 269 269 269 269 269 269 269 270 270 270 270 270 270 270 270 270 270 270 270 270 270 270 270 270 270 270 270 270 270 270
271 271 271 271 272 272 272 272 272 273 273 273 273 274 274 274 274 274 275 275 275 275 274 274 274 273 273 271 271 269 269 268 268 266 266 266 266 266 266 266 266 266 267 267 267 267 267 267 267 267 267 267 267 268 268 268 268 268 268 268 269 269 269 269 269 269 269 269 269 270 270 270 270 270 270 270 270 270 270 270 270 270 270 270 270 270 270 270 270 270 270 270 270 270
271 271 271 271 272 272 272 272 272 273 273 273 273 274 274 274 274 274 275 275 275 275 274 274 274 273 273 271 271 269 269 268 268 266 266 266 266 266 266 266 266 266 267 267 267 267 267 267 267 267 267 267 267 268 268 268 268 268 268 268 269 269 269 269 269 269 269 269 269 270 270 270 270 270 270 270 270 270 270 270 270 270 270 270 270 270 270 270 270 270 270 270 270 270
271 271 271 271 271 271 272 272 272 272 272 273 273 273 273 273 273 273 273 273 273 273 273 273 272 272 272 271 271 270 270 269 269 268 268 267 267 267 267 267 267 267 267 267 267 267 267 267 267 268 268 268 268 268 268 268 268 268 269 269 269 269 269 269 269 269 269 269 269 270 270 270 270 270 270 270 270 270 270 270 270 270 270 270 270 270 270 270 270 270 270 270 270 270
271 271 271 271 271 271 272 272 272 272 272 273 273 273 273 273 273 273 273 273 273 273 273 273 272 272 272 271 271 270 270 269 269 268 268 267 267 267 267 267 267 267 267 267 267 267 267 267 267 268 268 268 268 268 268 268 268 268 269 269 269 269 269 269 269 269 269 269 269 270 270 270 270 270 270 270 270 270 270 270 270 270 270 270 270 270 270 270 270 270 270 270 270 270
271 271 271 271 271 271 271 272 272 272 272 272 272 272 272 272 272 272 272 272 272 272 272 272 272 271 271 270 270 270 270 269 269 268 268 268 268 268 268 268 268 268 268 268 268 268 268 268 268 268 268 268 268 268 269 269 269 269 269 269 269 269 269 269 269 269 269 270 270 270 270 270 270 270 270 270 270 270 270 270 270 270 270 270 270 270 270 270 270 270 270 270 270 270
271 271 271 271 271 271 271 272 272 272 272 272 272 272 272 272 272 272 272 272 272 272 272 272 272 271 271 270 270 270 270 269 269 268 268 268 268 268 268 268 268 268 268 268 268 268 268 268 268 268 268 268 268 268 269 269 269 269 269 269 269 269 269 269 269 269 269 270 270 270 270 270 270 270 270 270 270 270 270 270 270 270 270 270 270 270 270 270 270 270 270 270 270 270
271 271 271 271 271 271 271 271 271 271 271 272 272 272 272 272 272 272 272 272 272 272 272 272 271 271 271 270 270 270 270 269 269 269 269 269 268 268 268 268 268 268 268 268 268 268 268 268 268 268 268 269 269 269 269 269 269 269 269 269 269 269 269 269 269 270 270 270 270 270 270 270 270 270 270 270 270 270 270 270 270 270 270 270 270 270 270 270 270 270 270 270 270 270
271 271 271 271 271 271 271 271 271 271 271 271 271 271 271 271 271 271 271 271 271 271 271 271 271 271 271 270 270 270 270 270 270 269 269 269 269 269 269 269 269 269 269 269 269 269 269 269 269 269 269 269 269 269 269 269 269 269 269 269 269 269 269 270 270 270 270 270 270 270 270 270 270 270 270 270 270 270 270 270 270 270 270 270 270 270 270 270 270 270 270 270 270 270
271 271 271 271 271 271 271 271 271 271 271 271 271 271 271 271 271 271 271 271 271 271 271 271 271 271 271 270 270 270 270 270 270 269 269 269 269 269 269 269 269 269 269 269 269 269 269 269 269 269 269 269 269 269 269 269 269 269 269 269 269 269 269 270 270 270 270 270 270 270 270 270 270 270 270 270 270 270 270 270 270 270 270 270 270 270 270 270 270 270 270 270 270 270
270 270 271 271 271 271 271 271 271 271 271 271 271 271 271 271 271 271 271 271 271 271 271 271 271 270 270 270 270 270 270 270 270 269 269 269 269 269 269 269 269 269 269 269 269 269 269 269 269 269 269 269 269 269 269 269 269 269 269 269 270 270 270 270 270 270 270 270 270 270 270 270 270 270 270 270 270 270 270 270 270 270 270 270 270 270 270 270 270 270 270 270 270 270
270 270 271 271 271 271 271 271 271 271 271 271 271 271 271 271 271 271 271 271 271 271 271 271 271 270 270 270 270 270 270 270 270 269 269 269 269 269 269 269 269 269 269 269 269 269 269 269 269 269 269 269 269 269 269 269 269 269 269 269 270 270 270 270 270 270 270 270 270 270 270 270 270 270 270 270 270 270 270 270 270 270 270 270 270 270 270 270 270 270 270 270 270 270
