data/AilsaCraig_270_1_25m_ang_50m.asc
ncols	257
nrows	257
xllcorner	3364200.000000
yllcorner	3669375.000000
cellsize	25.000000
NODATA_value	-1.000000
[rows 84 to 125 of 257, columns 94 to 187 of 257]
270 270 270 270 270 270 270 270 270 270 270 270 269 269 269 269 269 269 269 269 269 269 269 269 270 270 270 270 270 270 270 270 270 270 270 270 270 270 270 270 270 270 270 270 270 271 271 271 271 271 271 271 271 271 271 271 270 270 270 270 270 270 270 270 270 270 270 270 270 270 270 270 270 270 270 270 270 270 270 270 270 270 270 270 270 270 270 270 270 270 270 270 270 270
270 270 270 270 270 270 270 270 270 270 269 269 269 269 269 269 269 269 269 269 269 269 269 269 269 269 270 270 270 270 270 270 270 270 270 270 270 270 270 270 270 270 270 271 271 271 271 271 271 271 271 271 271 271 271 271 271 271 271 270 270 270 270 270 270 270 270 270 270 270 270 270 270 270 270 270 270 270 270 270 270 270 270 270 270 270 270 270 270 270 270 270 270 270
270 270 270 270 270 270 270 270 269 269 269 269 269 269 269 269 269 269 269 269 269 269 269 269 269 269 269 269 270 270 270 270 270 270 270 270 270 270 270 270 270 271 271 271 271 271 271 271 271 271 271 271 271 271 271 271 271 271 271 271 271 270 270 270 270 270 270 270 270 270 270 270 270 270 270 270 270 270 270 270 270 270 270 270 270 270 270 270 270 270 270 270 270 270
270 270 270 270 270 270 269 269 269 269 269 269 269 269 269 269 269 269 269 269 269 269 269 269 269 269 269 269 269 270 270 270 270 270 270 270 270 270 270 270 271 271 271 271 271 271 271 271 271 271 271 271 271 271 271 271 271 271 271 271 271 271 271 270 270 270 270 270 270 270 270 270 270 270 270 270 270 270 270 270 270 270 270 270 270 270 270 270 270 270 270 270 270 270
270 270 270 270 270 269 269 269 269 269 269 269 269 269 269 269 269 269 269 269 269 269 269 269 269 269 269 269 269 269 270 270 270 270 270 270 270 270 270 271 271 271 271 271 271 271 271 271 271 271 271 271 271 271 271 271 271 271 271 271 271 271 271 271 270 270 270 270 270 270 270 270 270 270 270 270 270 270 270 270 270 270 270 270 270 270 270 270 270 270 270 270 270 270
270 270 270 269 269 269 269 269 269 269 269 269 269 269 269 269 269 269 269 269 269 269 269 269 269 269 269 269 269 269 270 270 270 270 270 270 270 270 270 271 271 271 271 271 271 271 271 271 271 271 271 271 271 271 271 271 271 271 271 271 271 271 271 271 271 270 270 270 270 270 270 270 270 270 270 270 270 270 270 270 270 270 270 270 270 270 270 270 270 270 270 270 270 270
270 270 269 269 269 269 269 269 269 269 269 269 269 269 269 269 269 269 269 269 269 269 269 269 269 269 269 269 269 269 269 270 270 270 270 270 270 270 271 271 271 271 271 271 271 271 271 271 271 271 271 271 271 271 271 271 271 271 271 271 271 271 271 271 271 271 271 270 270 270 270 270 270 270 270 270 270 270 270 270 270 270 270 270 270 270 270 270 270 270 270 270 270 270
270 269 269 269 269 269 269 269 269 269 269 269 269 269 269 269 269 269 269 269 269 269 269 269 269 269 269 269 269 269 269 269 270 270 270 270 270 270 271 271 271 271 271 271 271 271 271 271 271 271 271 271 271 271 271 271 271 271 271 271 271 271 271 271 271 271 271 271 270 270 270 270 270 270 270 270 270 270 270 270 270 270 270 270 270 270 270 270 270 270 270 270 270 270
269 269 269 269 269 269 269 269 269 269 269 269 269 269 269 269 268 268 268 268 268 268 268 268 268 269 269 269 269 269 269 269 270 270 270 270 270 271 271 271 271 271 271 271 271 271 272 272 272 272 272 272 271 271 271 271 271 271 271 271 271 271 271 271 271 271 271 271 271 270 270 270 270 270 270 270 270 270 270 270 270 270 270 270 270 270 270 270 270 270 270 270 270 270
269 269 269 269 269 269 269 269 269 269 269 269 269 268 268 268 268 268 268 268 268 268 268 268 268 268 268 269 269 269 269 269 270 270 270 270 270 271 271 271 271 271 271 272 272 272 272 272 272 272 272 272 272 272 271 271 271 271 271 271 271 271 271 271 271 271 271 271 271 271 270 270 270 270 270 270 270 270 270 270 270 270 270 270 270 270 270 270 270 270 270 270 270 270
269 269 269 269 269 269 269 269 269 269 269 268 268 268 268 268 268 268 268 268 268 268 268 268 268 268 268 268 269 269 269 269 269 270 270 270 270 271 271 271 271 272 272 272 272 272 272 272 272 272 272 272 272 272 272 272 272 271 271 271 271 271 271 271 271 271 271 271 271 271 271 270 270 270 270 270 270 270 270 270 270 270 270 270 270 270 270 270 270 270 270 270 270 270
269 269 269 269 269 269 269 269 269 269 268 268 268 268 268 268 268 268 268 268 268 268 268 268 268 268 268 268 268 269 269 269 269 270 270 270 271 271 271 271 272 272 272 272 272 272 272 272 272 272 272 272 272 272 272 272 272 272 271 271 271 271 271 271 271 271 271 271 271 271 271 270 270 270 270 270 270 270 270 270 270 270 270 270 270 270 270 270 270 270 270 270 270 270
269 269 269 269 269 269 269 269 268 268 268 268 268 268 268 268 268 268 267 267 267 267 267 267 267 268 268 268 268 268 269 269 269 270 270 270 271 271 271 272 272 272 272 272 272 272 272 272 272 272 272 272 272 272 272 272 272 272 272 272 271 271 271 271 271 271 271 271 271 271 271 271 270 270 270 270 270 270 270 270 270 270 270 270 270 270 270 270 270 270 270 270 270 270
269 269 269 269 269 269 269 268 268 268 268 268 268 268 268 267 267 267 267 267 267 267 267 267 267 267 267 267 268 268 268 269 269 269 270 270 271 271 272 272 272 272 273 273 273 273 273 273 273 273 273 273 272 272 272 272 272 272 272 272 272 271 271 271 271 271 271 271 271 271 271 271 271 270 270 270 270 270 270 270 270 270 270 270 270 270 270 270 270 270 270 270 270 270
269 269 269 269 269 269 268 268 268 268 268 268 268 267 267 267 267 267 267 267 267 267 267 267 267 267 267 267 267 267 268 268 269 269 270 270 271 272 272 272 273 273 273 273 273 273 273 273 273 273 273 273 273 273 272 272 272 272 272 272 272 272 271 271 271 271 271 271 271 271 271 271 271 270 270 270 270 270 270 270 270 270 270 270 270 270 270 270 270 270 270 270 270 270
269 269 269 269 269 269 268 268 268 268 268 268 267 267 267 267 267 267 267 267 266 266 266 266 266 266 266 266 266 267 267 268 269 269 270 271 271 272 272 273 273 273 274 274 274 274 274 274 274 273 273 273 273 273 273 273 272 272 272 272 272 272 272 271 271 271 271 271 271 271 271 271 271 271 270 270 270 270 270 270 270 270 270 270 270 270 270 270 270 270 270 270 270 270
269 269 269 269 269 268 268 268 268 268 268 267 267 267 267 267 266 266 266 266 266 266 265 265 265 265 265 265 266 266 267 268 268 269 270 271 272 272 273 274 274 274 274 274 274 274 274 274 274 274 274 274 273 273 273 273 273 273 272 272 272 272 272 272 271 271 271 271 271 271 271 271 271 271 271 270 270 270 270 270 270 270 270 270 270 270 270 270 270 270 270 270 270 270
269 269 269 269 268 268 268 268 268 268 267 267 267 267 267 266 266 266 266 266 265 265 265 265 264 264 264 264 265 265 266 267 268 269 270 271 272 273 274 274 275 275 275 275 275 275 275 275 275 274 274 274 274 274 273 273 273 273 273 272 272 272 272 272 272 271 271 271 271 271 271 271 271 271 271 270 270 270 270 270 270 270 270 270 270 270 270 270 270 270 270 270 270 270
269 269 269 268 268 268 268 268 268 267 267 267 267 267 266 266 266 266 265 265 265 264 264 263 263 263 263 263 264 264 265 266 267 269 270 271 273 274 275 275 276 276 276 276 276 276 276 275 275 275 275 274 274 274 274 273 273 273 273 273 272 272 272 272 272 271 271 271 271 271 271 271 271 271 271 270 270 270 270 270 270 270 270 270 270 270 270 270 270 270 270 270 270 270
269 269 269 268 268 268 268 268 267 267 267 267 267 266 266 266 265 265 265 264 263 263 263 262 262 262 262 262 262 263 264 265 267 268 270 272 273 275 276 277 277 278 278 277 277 277 276 276 276 275 275 275 274 274 274 274 273 273 273 273 273 272 272 272 272 272 271 271 271 271 271 271 271 271 271 271 270 270 270 270 270 270 270 270 270 270 270 270 270 270 270 270 270 270
269 269 268 268 268 268 268 267 267 267 267 267 266 266 266 265 265 265 264 263 262 262 262 261 261 260 260 260 260 261 262 264 266 268 270 272 274 276 278 279 279 279 279 279 278 278 278 277 277 276 276 275 275 275 274 274 274 273 273 273 273 272 272 272 272 272 272 271 271 271 271 271 271 271 271 271 270 270 270 270 270 270 270 270 270 270 270 270 270 270 270 270 270 270
269 269 268 268 268 268 268 267 267 267 267 266 266 266 265 265 265 264 263 262 262 261 261 260 259 258 258 257 257 258 259 262 264 267 270 272 275 277 280 281 282 282 281 281 280 279 279 278 277 277 276 276 275 275 275 274 274 274 273 273 273 273 272 272 272 272 272 271 271 271 271 271 271 271 271 271 271 270 270 270 270 270 270 270 270 270 270 270 270 270 270 270 270 270
269 268 268 268 268 268 267 267 267 267 266 266 266 266 265 265 264 263 262 261 261 260 259 258 257 256 255 254 253 253 255 258 264 267 269 271 275 279 283 285 285 284 284 282 282 281 280 279 278 278 277 277 276 276 275 275 274 274 274 273 273 273 272 272 272 272 272 272 271 271 271 271 271 271 271 271 271 270 270 270 270 270 270 270 270 270 270 270 270 270 270 270 270 270
269 268 268 268 268 268 267 267 267 266 266 266 266 265 265 264 263 262 261 261 260 259 258 256 255 253 252 250 248 245 246 255 265 269 269 270 275 282 288 291 290 288 286 285 283 282 281 280 280 279 278 277 277 276 275 275 275 274 274 273 273 273 273 272 272 272 272 272 271 271 271 271 271 271 271 271 271 270 270 270 270 270 270 270 270 270 270 270 270 270 270 270 270 270
268 268 268 268 268 267 267 267 267 266 266 266 265 265 264 263 262 262 261 260 259 257 256 255 253 251 248 245 242 238 237 249 264 271 273 275 280 287 295 298 296 292 289 287 285 284 283 282 281 280 279 278 277 277 276 275 275 274 274 274 273 273 273 273 272 272 272 272 271 271 271 271 271 271 271 271 271 270 270 270 270 270 270 270 270 270 270 270 270 270 270 270 270 270
268 268 268 268 268 267 267 267 266 266 266 266 265 264 263 262 262 261 260 259 257 256 254 253 250 247 244 239 236 233 232 246 262 275 280 283 287 294 302 306 300 295 293 289 287 286 285 284 282 281 280 279 278 277 276 276 275 275 274 274 273 273 273 273 272 272 272 272 272 271 271 271 271 271 271 271 271 271 270 270 270 270 270 270 270 270 270 270 270 270 270 270 270 270
268 268 268 268 267 267 267 267 266 266 266 265 265 264 263 262 261 260 259 258 256 255 252 250 247 244 240 234 229 227 231 246 264 279 284 284 290 298 308 309 299 294 293 293 291 288 287 286 284 283 281 280 279 278 277 276 276 275 275 274 274 273 273 273 272 272 272 272 272 271 271 271 271 271 271 271 271 271 270 270 270 270 270 270 270 270 270 270 270 270 270 270 270 270
268 268 268 268 267 267 267 267 266 266 266 265 264 263 262 261 260 259 258 256 255 253 250 248 244 241 236 229 223 224 232 248 268 284 287 283 289 301 311 305 294 289 292 296 295 292 290 288 286 284 283 281 280 279 278 277 276 275 275 274 274 273 273 273 272 272 272 272 272 271 271 271 271 271 271 271 271 271 270 270 270 270 270 270 270 270 270 270 270 270 270 270 270 270
268 268 268 268 267 267 267 266 266 266 265 264 263 262 262 261 260 258 257 255 253 250 248 244 242 239 234 227 222 226 233 252 271 285 287 283 288 300 305 297 291 287 288 294 298 297 294 291 288 286 284 282 281 280 278 277 276 276 275 274 274 274 273 273 273 272 272 272 272 271 271 271 271 271 271 271 271 271 270 270 270 270 270 270 270 270 270 270 270 270 270 270 270 270
268 268 268 268 267 267 267 266 266 266 265 264 263 262 262 260 259 257 256 254 251 248 245 241 239 238 235 228 224 229 238 259 272 282 283 281 286 292 290 288 289 286 284 289 297 302 299 294 291 288 286 284 282 280 279 278 277 276 275 275 274 274 273 273 273 272 272 272 272 271 271 271 271 271 271 271 271 271 270 270 270 270 270 270 270 270 270 270 270 270 270 270 270 270
268 268 268 268 267 267 267 266 266 266 265 263 263 262 261 260 258 256 254 252 249 245 241 237 236 238 238 231 229 234 246 265 272 276 275 277 280 280 280 282 285 285 284 286 294 304 305 300 294 290 288 285 283 281 280 278 277 276 275 275 274 274 273 273 273 272 272 272 272 271 271 271 271 271 271 271 271 271 270 270 270 270 270 270 270 270 270 270 270 270 270 270 270 270
268 268 268 267 267 267 267 266 266 265 264 263 263 262 260 259 257 255 253 250 246 242 237 234 235 239 241 235 236 241 253 266 271 270 269 272 274 274 278 282 284 286 287 288 291 301 314 308 298 294 290 287 285 282 280 279 277 276 276 275 274 274 273 273 273 272 272 272 272 271 271 271 271 271 271 271 271 271 270 270 270 270 270 270 270 270 270 270 270 270 270 270 270 270
268 268 268 267 267 267 267 266 266 265 264 263 263 261 260 258 257 254 251 248 243 238 235 234 237 241 241 238 242 248 258 265 267 265 266 270 271 271 277 284 285 286 288 289 290 297 316 314 304 297 292 289 286 283 281 279 278 277 276 275 274 274 273 273 273 272 272 272 272 271 271 271 271 271 271 271 271 271 270 270 270 270 270 270 270 270 270 270 270 270 270 270 270 270
268 268 268 267 267 267 267 266 266 265 264 263 262 261 259 258 256 253 249 245 239 234 233 235 240 242 242 242 248 254 260 263 262 262 265 270 272 271 275 284 286 287 287 289 290 293 306 318 311 301 295 290 287 284 282 280 278 277 276 275 274 274 273 273 273 272 272 272 272 271 271 271 271 271 271 271 271 270 270 270 270 270 270 270 270 270 270 270 270 270 270 270 270 270
268 268 268 267 267 267 267 266 265 265 264 263 262 261 259 257 255 252 248 242 235 231 232 238 243 245 245 247 252 257 260 260 259 261 266 270 273 274 277 281 284 288 289 289 292 292 299 320 317 305 298 292 288 285 282 280 278 277 276 275 274 274 273 273 272 272 272 272 272 271 271 271 271 271 271 271 271 270 270 270 270 270 270 270 270 270 270 270 270 270 270 270 270 270
268 268 268 268 267 267 267 266 265 265 264 263 262 260 259 257 254 250 246 239 231 229 232 238 244 247 248 251 254 257 259 258 259 262 266 270 273 276 279 279 281 287 291 291 293 293 297 314 321 311 300 294 289 285 283 281 278 277 276 275 274 274 273 273 272 272 272 272 271 271 271 271 271 271 271 271 271 270 270 270 270 270 270 270 270 270 270 270 270 270 270 270 270 270
268 268 268 268 267 267 267 266 265 265 264 263 261 260 259 256 253 250 244 236 229 229 232 237 242 246 250 253 254 256 257 259 261 264 267 269 273 277 280 281 282 285 289 291 294 295 296 306 321 313 303 296 290 285 283 281 279 277 276 275 274 273 273 273 272 272 272 272 271 271 271 271 271 271 271 271 271 270 270 270 270 270 270 270 270 270 270 270 270 270 270 270 270 270
268 268 268 268 267 267 267 266 265 265 264 263 261 260 258 256 253 249 242 233 229 230 233 237 240 244 249 252 253 254 257 260 263 265 267 269 273 277 280 282 282 283 287 291 295 297 298 302 315 315 307 298 291 286 283 281 279 277 276 275 274 273 273 272 272 272 272 271 271 271 271 271 271 271 271 271 270 270 270 270 270 270 270 270 270 270 270 270 270 270 270 270 270 270
268 268 268 268 267 267 267 266 265 264 264 263 261 260 258 255 252 248 241 233 230 231 235 239 240 242 247 251 252 254 258 261 264 266 268 270 273 276 280 281 282 284 288 292 296 298 298 299 306 316 312 300 292 286 283 281 279 277 276 275 274 273 273 272 272 272 272 271 271 271 271 271 271 271 271 270 270 270 270 270 270 270 270 270 270 270 270 270 270 270 270 270 270 270
268 268 268 268 268 267 267 266 265 265 264 263 261 260 258 255 252 247 240 235 232 232 237 243 243 243 247 250 252 256 259 262 264 267 269 271 273 276 279 281 283 286 289 292 294 295 297 295 297 310 313 302 292 287 282 280 278 277 275 274 274 273 273 272 272 272 271 271 271 271 271 271 271 271 271 270 270 270 270 270 270 270 270 270 270 270 270 270 270 270 270 270 270 270
269 268 268 268 268 268 267 266 265 265 264 263 261 260 258 255 251 246 241 238 235 234 239 244 246 246 249 251 252 257 260 263 265 268 271 272 275 276 278 280 283 286 289 290 291 292 294 294 293 297 309 304 293 286 282 279 278 277 275 274 273 273 272 272 272 271 271 271 271 271 271 271 271 271 270 270 270 270 270 270 270 270 270 270 270 270 270 270 270 270 270 270 270 270
269 268 268 268 268 268 267 266 266 265 264 263 261 260 257 254 250 244 241 240 238 238 241 245 247 250 252 252 253 258 262 264 268 270 272 274 276 277 277 278 281 284 286 287 287 288 290 292 290 290 299 305 295 286 282 278 277 276 275 274 273 272 272 272 271 271 271 271 271 271 271 271 271 270 270 270 270 270 270 270 270 270 270 270 270 270 270 270 270 270 270 270 270 270
