data/AilsaCraig_270_1_25m_vel_1000m.asc
ncols	257
nrows	257
xllcorner	3364200.000000
yllcorner	3669375.000000
cellsize	25.000000
NODATA_value	-1.000000
[rows 76 to 113 of 257, columns 84 to 167 of 257]
1.19 1.19 1.19 1.19 1.19 1.19 1.19 1.19 1.19 1.19 1.19 1.19 1.19 1.20 1.20 1.20 1.20 1.20 1.20 1.20 1.20 1.20 1.20 1.20 1.20 1.20 1.20 1.20 1.21 1.21 1.21 1.21 1.21 1.21 1.21 1.21 1.21 1.21 1.21 1.21 1.21 1.21 1.21 1.21 1.21 1.21 1.21 1.21 1.21 1.21 1.21 1.21 1.21 1.21 1.21 1.21 1.21 1.21 1.21 1.21 1.21 1.21 1.20 1.20 1.20 1.20 1.20 1.20 1.20 1.20 1.20 1.20 1.20 1.20 1.20 1.20 1.20 1.19 1.19 1.19 1.19 1.19 1.19 1.19
1.19 1.19 1.19 1.19 1.19 1.19 1.19 1.19 1.19 1.19 1.19 1.19 1.19 1.20 1.20 1.20 1.20 1.20 1.20 1.20 1.20 1.20 1.20 1.20 1.20 1.20 1.20 1.21 1.21 1.21 1.21 1.21 1.21 1.21 1.21 1.21 1.21 1.21 1.21 1.21 1.21 1.21 1.21 1.21 1.21 1.21 1.21 1.21 1.21 1.21 1.21 1.21 1.21 1.21 1.21 1.21 1.21 1.21 1.21 1.21 1.21 1.21 1.21 1.20 1.20 1.20 1.20 1.20 1.20 1.20 1.20 1.20 1.20 1.20 1.20 1.20 1.20 1.19 1.19 1.19 1.19 1.19 1.19 1.19
1.19 1.19 1.19 1.19 1.19 1.19 1.19 1.19 1.19 1.19 1.19 1.19 1.19 1.20 1.20 1.20 1.20 1.20 1.20 1.20 1.20 1.20 1.20 1.20 1.20 1.20 1.21 1.21 1.21 1.21 1.21 1.21 1.21 1.21 1.21 1.21 1.21 1.21 1.21 1.21 1.21 1.21 1.21 1.21 1.21 1.21 1.21 1.21 1.21 1.21 1.21 1.21 1.21 1.21 1.21 1.21 1.21 1.21 1.21 1.21 1.21 1.21 1.21 1.21 1.20 1.20 1.20 1.20 1.20 1.20 1.20 1.20 1.20 1.20 1.20 1.20 1.20 1.19 1.19 1.19 1.19 1.19 1.19 1.19
1.19 1.19 1.19 1.19 1.19 1.19 1.19 1.19 1.19 1.19 1.19 1.19 1.19 1.20 1.20 1.20 1.20 1.20 1.20 1.20 1.20 1.20 1.20 1.20 1.20 1.21 1.21 1.21 1.21 1.21 1.21 1.21 1.21 1.21 1.21 1.21 1.21 1.21 1.21 1.21 1.21 1.21 1.21 1.21 1.22 1.21 1.21 1.21 1.21 1.21 1.21 1.21 1.21 1.21 1.21 1.21 1.21 1.21 1.21 1.21 1.21 1.21 1.21 1.21 1.20 1.20 1.20 1.20 1.20 1.20 1.20 1.20 1.20 1.20 1.20 1.20 1.20 1.19 1.19 1.19 1.19 1.19 1.19 1.19
1.19 1.19 1.19 1.19 1.19 1.19 1.19 1.19 1.19 1.19 1.19 1.19 1.19 1.20 1.20 1.20 1.20 1.20 1.20 1.20 1.20 1.20 1.20 1.20 1.20 1.20 1.21 1.21 1.21 1.21 1.21 1.21 1.21 1.21 1.21 1.21 1.21 1.21 1.21 1.22 1.22 1.22 1.22 1.22 1.22 1.22 1.22 1.22 1.22 1.22 1.21 1.21 1.21 1.21 1.21 1.21 1.21 1.21 1.21 1.21 1.21 1.21 1.21 1.21 1.20 1.20 1.20 1.20 1.20 1.20 1.20 1.20 1.20 1.20 1.20 1.20 1.20 1.19 1.19 1.19 1.19 1.19 1.19 1.19
1.19 1.19 1.19 1.19 1.19 1.19 1.19 1.19 1.19 1.19 1.19 1.19 1.19 1.20 1.20 1.20 1.20 1.20 1.20 1.20 1.20 1.20 1.20 1.20 1.20 1.21 1.21 1.21 1.21 1.21 1.21 1.21 1.21 1.21 1.21 1.21 1.21 1.22 1.22 1.22 1.22 1.22 1.22 1.22 1.22 1.22 1.22 1.22 1.22 1.22 1.22 1.22 1.21 1.21 1.21 1.21 1.21 1.21 1.21 1.21 1.21 1.21 1.21 1.21 1.21 1.20 1.20 1.20 1.20 1.20 1.20 1.20 1.20 1.20 1.20 1.20 1.20 1.19 1.19 1.19 1.19 1.19 1.19 1.19
1.19 1.19 1.19 1.19 1.19 1.19 1.19 1.19 1.19 1.19 1.19 1.19 1.19 1.20 1.20 1.20 1.20 1.20 1.20 1.20 1.20 1.20 1.20 1.20 1.20 1.21 1.21 1.21 1.21 1.21 1.21 1.21 1.21 1.21 1.21 1.22 1.22 1.22 1.22 1.22 1.22 1.22 1.22 1.22 1.22 1.22 1.22 1.22 1.22 1.22 1.22 1.22 1.22 1.22 1.21 1.21 1.21 1.21 1.21 1.21 1.21 1.21 1.21 1.21 1.21 1.20 1.20 1.20 1.20 1.20 1.20 1.20 1.20 1.20 1.20 1.20 1.20 1.19 1.19 1.19 1.19 1.19 1.19 1.19
1.19 1.19 1.19 1.19 1.19 1.19 1.19 1.19 1.19 1.19 1.19 1.19 1.19 1.20 1.20 1.20 1.20 1.20 1.20 1.20 1.20 1.20 1.20 1.20 1.21 1.21 1.21 1.21 1.21 1.21 1.21 1.21 1.21 1.21 1.22 1.22 1.22 1.22 1.22 1.22 1.22 1.22 1.22 1.22 1.22 1.22 1.22 1.22 1.22 1.22 1.22 1.22 1.22 1.22 1.22 1.21 1.21 1.21 1.21 1.21 1.21 1.21 1.21 1.21 1.21 1.20 1.20 1.20 1.20 1.20 1.20 1.20 1.20 1.20 1.20 1.20 1.20 1.19 1.19 1.19 1.19 1.19 1.19 1.19
1.19 1.19 1.19 1.19 1.19 1.19 1.19 1.19 1.19 1.19 1.19 1.19 1.19 1.20 1.20 1.20 1.20 1.20 1.20 1.20 1.20 1.20 1.20 1.20 1.20 1.21 1.21 1.21 1.21 1.21 1.21 1.21 1.21 1.21 1.22 1.22 1.22 1.22 1.22 1.22 1.22 1.22 1.22 1.22 1.22 1.22 1.22 1.22 1.22 1.22 1.22 1.22 1.22 1.22 1.22 1.22 1.21 1.21 1.21 1.21 1.21 1.21 1.21 1.21 1.21 1.20 1.20 1.20 1.20 1.20 1.20 1.20 1.20 1.20 1.20 1.20 1.20 1.19 1.19 1.19 1.19 1.19 1.19 1.19
1.19 1.19 1.19 1.19 1.19 1.19 1.19 1.19 1.19 1.19 1.19 1.19 1.19 1.20 1.20 1.20 1.20 1.20 1.20 1.20 1.20 1.20 1.20 1.20 1.20 1.21 1.21 1.21 1.21 1.21 1.21 1.21 1.21 1.22 1.22 1.22 1.22 1.22 1.22 1.22 1.22 1.22 1.23 1.23 1.23 1.23 1.23 1.22 1.22 1.22 1.22 1.22 1.22 1.22 1.22 1.22 1.21 1.21 1.21 1.21 1.21 1.21 1.21 1.21 1.21 1.20 1.20 1.20 1.20 1.20 1.20 1.20 1.20 1.20 1.20 1.20 1.20 1.19 1.19 1.19 1.19 1.19 1.19 1.19
1.19 1.19 1.19 1.19 1.19 1.19 1.19 1.19 1.19 1.19 1.19 1.19 1.19 1.20 1.20 1.20 1.20 1.20 1.20 1.20 1.20 1.20 1.20 1.20 1.20 1.21 1.21 1.21 1.21 1.21 1.21 1.21 1.22 1.22 1.22 1.22 1.22 1.22 1.22 1.23 1.23 1.23 1.23 1.23 1.23 1.23 1.23 1.23 1.23 1.23 1.22 1.22 1.22 1.22 1.22 1.22 1.22 1.21 1.21 1.21 1.21 1.21 1.21 1.21 1.21 1.20 1.20 1.20 1.20 1.20 1.20 1.20 1.20 1.20 1.20 1.20 1.19 1.19 1.19 1.19 1.19 1.19 1.19 1.19
1.18 1.19 1.19 1.19 1.19 1.19 1.19 1.19 1.19 1.19 1.19 1.19 1.19 1.20 1.20 1.20 1.20 1.20 1.20 1.20 1.20 1.20 1.20 1.20 1.20 1.20 1.21 1.21 1.21 1.21 1.21 1.22 1.22 1.22 1.22 1.22 1.22 1.23 1.23 1.23 1.23 1.23 1.23 1.23 1.23 1.23 1.23 1.23 1.23 1.23 1.23 1.23 1.22 1.22 1.22 1.22 1.22 1.21 1.21 1.21 1.21 1.21 1.21 1.21 1.21 1.20 1.20 1.20 1.20 1.20 1.20 1.20 1.20 1.20 1.20 1.20 1.19 1.19 1.19 1.19 1.19 1.19 1.19 1.19
1.18 1.18 1.19 1.19 1.19 1.19 1.19 1.19 1.19 1.19 1.19 1.19 1.19 1.19 1.20 1.20 1.20 1.20 1.20 1.20 1.20 1.20 1.20 1.20 1.20 1.20 1.21 1.21 1.21 1.21 1.21 1.22 1.22 1.22 1.22 1.22 1.23 1.23 1.23 1.23 1.23 1.23 1.23 1.23 1.23 1.23 1.23 1.23 1.23 1.23 1.23 1.23 1.23 1.22 1.22 1.22 1.22 1.22 1.21 1.21 1.21 1.21 1.21 1.21 1.20 1.20 1.20 1.20 1.20 1.20 1.20 1.20 1.20 1.20 1.20 1.20 1.19 1.19 1.19 1.19 1.19 1.19 1.19 1.19
1.18 1.18 1.18 1.19 1.19 1.19 1.19 1.19 1.19 1.19 1.19 1.19 1.19 1.19 1.20 1.20 1.20 1.20 1.20 1.20 1.20 1.20 1.20 1.20 1.20 1.20 1.21 1.21 1.21 1.21 1.21 1.22 1.22 1.22 1.22 1.23 1.23 1.23 1.23 1.23 1.24 1.24 1.24 1.24 1.24 1.24 1.24 1.24 1.23 1.23 1.23 1.23 1.23 1.23 1.22 1.22 1.22 1.22 1.21 1.21 1.21 1.21 1.21 1.21 1.20 1.20 1.20 1.20 1.20 1.20 1.20 1.20 1.20 1.20 1.20 1.19 1.19 1.19 1.19 1.19 1.19 1.19 1.19 1.19
1.18 1.18 1.18 1.19 1.19 1.19 1.19 1.19 1.19 1.19 1.19 1.19 1.19 1.19 1.19 1.19 1.20 1.20 1.20 1.20 1.20 1.20 1.20 1.20 1.20 1.20 1.20 1.21 1.21 1.21 1.22 1.22 1.22 1.22 1.23 1.23 1.23 1.23 1.24 1.24 1.24 1.24 1.24 1.24 1.24 1.24 1.24 1.24 1.24 1.24 1.23 1.23 1.23 1.23 1.23 1.22 1.22 1.22 1.22 1.21 1.21 1.21 1.21 1.20 1.20 1.20 1.20 1.20 1.20 1.20 1.20 1.20 1.20 1.20 1.19 1.19 1.19 1.19 1.19 1.19 1.19 1.19 1.19 1.19
1.18 1.18 1.18 1.19 1.19 1.19 1.19 1.19 1.19 1.19 1.19 1.19 1.19 1.19 1.19 1.19 1.19 1.20 1.19 1.19 1.20 1.20 1.20 1.20 1.20 1.20 1.21 1.21 1.21 1.21 1.22 1.22 1.22 1.23 1.23 1.23 1.23 1.24 1.24 1.24 1.24 1.24 1.24 1.25 1.25 1.25 1.24 1.24 1.24 1.24 1.24 1.24 1.23 1.23 1.23 1.22 1.22 1.22 1.22 1.21 1.21 1.21 1.21 1.20 1.20 1.20 1.20 1.20 1.20 1.20 1.20 1.20 1.19 1.19 1.19 1.19 1.19 1.19 1.19 1.19 1.19 1.19 1.19 1.19
1.18 1.18 1.18 1.18 1.19 1.19 1.19 1.19 1.19 1.19 1.19 1.19 1.19 1.19 1.19 1.19 1.19 1.19 1.19 1.19 1.19 1.19 1.19 1.20 1.20 1.20 1.20 1.21 1.21 1.21 1.22 1.22 1.22 1.23 1.23 1.23 1.24 1.24 1.24 1.25 1.25 1.25 1.25 1.25 1.25 1.25 1.25 1.25 1.25 1.24 1.24 1.24 1.24 1.23 1.23 1.23 1.22 1.22 1.22 1.21 1.21 1.21 1.21 1.20 1.20 1.20 1.20 1.20 1.20 1.20 1.19 1.19 1.19 1.19 1.19 1.19 1.19 1.19 1.19 1.19 1.19 1.19 1.19 1.19
1.18 1.18 1.18 1.18 1.19 1.19 1.19 1.19 1.19 1.19 1.19 1.19 1.19 1.19 1.19 1.19 1.19 1.19 1.19 1.19 1.19 1.19 1.19 1.20 1.20 1.20 1.20 1.21 1.21 1.22 1.22 1.22 1.23 1.23 1.23 1.24 1.24 1.24 1.25 1.25 1.25 1.25 1.26 1.26 1.26 1.26 1.26 1.25 1.25 1.25 1.25 1.24 1.24 1.24 1.23 1.23 1.23 1.22 1.22 1.21 1.21 1.21 1.21 1.20 1.20 1.20 1.20 1.20 1.19 1.19 1.19 1.19 1.19 1.19 1.19 1.19 1.19 1.19 1.19 1.19 1.19 1.19 1.19 1.19
1.18 1.18 1.18 1.18 1.18 1.19 1.19 1.19 1.19 1.19 1.19 1.19 1.19 1.19 1.19 1.19 1.19 1.19 1.19 1.19 1.19 1.19 1.19 1.20 1.20 1.20 1.21 1.21 1.21 1.22 1.22 1.22 1.23 1.23 1.24 1.24 1.24 1.25 1.25 1.25 1.26 1.26 1.26 1.26 1.26 1.26 1.26 1.26 1.26 1.25 1.25 1.25 1.24 1.24 1.24 1.23 1.23 1.22 1.22 1.22 1.21 1.21 1.21 1.20 1.20 1.20 1.20 1.19 1.19 1.19 1.19 1.19 1.19 1.19 1.19 1.19 1.19 1.19 1.19 1.19 1.19 1.19 1.19 1.19
1.18 1.18 1.18 1.18 1.18 1.19 1.19 1.19 1.19 1.19 1.19 1.19 1.19 1.19 1.19 1.18 1.18 1.19 1.19 1.18 1.18 1.19 1.19 1.19 1.20 1.20 1.21 1.21 1.21 1.22 1.22 1.22 1.23 1.23 1.24 1.24 1.25 1.25 1.26 1.26 1.27 1.27 1.27 1.27 1.27 1.27 1.27 1.27 1.26 1.26 1.26 1.25 1.25 1.24 1.24 1.23 1.23 1.22 1.22 1.22 1.21 1.21 1.20 1.20 1.20 1.20 1.19 1.19 1.19 1.19 1.19 1.19 1.19 1.19 1.19 1.19 1.19 1.19 1.19 1.19 1.19 1.19 1.19 1.19
1.18 1.18 1.18 1.18 1.18 1.18 1.19 1.19 1.19 1.19 1.19 1.19 1.19 1.19 1.18 1.18 1.18 1.18 1.18 1.18 1.18 1.19 1.19 1.19 1.20 1.20 1.20 1.21 1.21 1.21 1.22 1.22 1.23 1.23 1.24 1.24 1.25 1.26 1.26 1.27 1.27 1.28 1.28 1.28 1.28 1.28 1.28 1.28 1.27 1.26 1.26 1.25 1.25 1.25 1.24 1.23 1.23 1.22 1.22 1.22 1.21 1.21 1.20 1.20 1.20 1.19 1.19 1.19 1.19 1.19 1.19 1.19 1.19 1.19 1.19 1.19 1.19 1.19 1.19 1.19 1.19 1.19 1.19 1.19
1.18 1.18 1.18 1.18 1.18 1.18 1.19 1.19 1.18 1.19 1.18 1.18 1.19 1.18 1.18 1.18 1.18 1.18 1.18 1.18 1.18 1.19 1.19 1.19 1.20 1.20 1.20 1.21 1.21 1.21 1.22 1.22 1.23 1.24 1.24 1.25 1.26 1.26 1.27 1.28 1.28 1.29 1.29 1.29 1.29 1.29 1.29 1.29 1.28 1.27 1.27 1.26 1.25 1.25 1.24 1.23 1.23 1.23 1.22 1.21 1.21 1.21 1.20 1.20 1.20 1.19 1.19 1.19 1.19 1.19 1.18 1.18 1.18 1.18 1.18 1.18 1.18 1.19 1.18 1.19 1.19 1.18 1.19 1.18
1.18 1.18 1.18 1.18 1.18 1.18 1.18 1.18 1.18 1.19 1.18 1.18 1.18 1.18 1.18 1.18 1.18 1.17 1.17 1.18 1.18 1.19 1.19 1.19 1.19 1.19 1.20 1.20 1.21 1.21 1.22 1.22 1.23 1.24 1.25 1.25 1.26 1.27 1.28 1.29 1.29 1.30 1.30 1.30 1.30 1.30 1.30 1.30 1.29 1.28 1.27 1.27 1.26 1.25 1.24 1.24 1.23 1.22 1.22 1.21 1.21 1.21 1.20 1.20 1.19 1.19 1.19 1.18 1.18 1.18 1.18 1.18 1.18 1.18 1.18 1.18 1.18 1.18 1.18 1.18 1.18 1.18 1.18 1.18
1.18 1.18 1.18 1.18 1.18 1.18 1.18 1.18 1.18 1.18 1.18 1.18 1.18 1.18 1.17 1.18 1.17 1.17 1.17 1.18 1.18 1.19 1.19 1.19 1.19 1.19 1.20 1.20 1.21 1.21 1.22 1.22 1.23 1.24 1.25 1.26 1.27 1.28 1.29 1.30 1.30 1.31 1.32 1.32 1.32 1.32 1.31 1.31 1.30 1.29 1.28 1.27 1.26 1.25 1.24 1.24 1.23 1.22 1.22 1.21 1.21 1.20 1.20 1.20 1.19 1.19 1.19 1.18 1.18 1.18 1.18 1.18 1.18 1.18 1.18 1.18 1.18 1.18 1.18 1.18 1.18 1.18 1.18 1.18
1.18 1.18 1.18 1.18 1.18 1.18 1.18 1.18 1.18 1.18 1.18 1.18 1.17 1.17 1.17 1.17 1.17 1.17 1.17 1.18 1.18 1.18 1.18 1.18 1.18 1.19 1.20 1.20 1.20 1.21 1.21 1.22 1.23 1.24 1.25 1.26 1.27 1.28 1.30 1.31 1.32 1.33 1.33 1.34 1.34 1.33 1.33 1.32 1.31 1.30 1.29 1.28 1.27 1.26 1.25 1.24 1.23 1.22 1.21 1.21 1.20 1.20 1.20 1.19 1.19 1.19 1.18 1.18 1.18 1.18 1.18 1.17 1.17 1.17 1.17 1.18 1.18 1.18 1.18 1.18 1.18 1.18 1.18 1.18
1.18 1.18 1.18 1.18 1.18 1.18 1.18 1.18 1.18 1.18 1.18 1.17 1.17 1.17 1.17 1.16 1.16 1.17 1.17 1.17 1.18 1.18 1.18 1.18 1.18 1.18 1.19 1.20 1.20 1.21 1.21 1.22 1.23 1.24 1.25 1.26 1.28 1.29 1.31 1.32 1.34 1.35 1.36 1.36 1.36 1.36 1.35 1.34 1.33 1.31 1.30 1.29 1.27 1.26 1.25 1.24 1.23 1.22 1.21 1.20 1.20 1.20 1.19 1.19 1.19 1.18 1.18 1.18 1.17 1.17 1.17 1.17 1.17 1.17 1.17 1.17 1.17 1.17 1.18 1.18 1.18 1.18 1.18 1.18
1.18 1.18 1.18 1.18 1.18 1.18 1.18 1.18 1.17 1.17 1.17 1.17 1.17 1.17 1.16 1.16 1.16 1.17 1.17 1.17 1.17 1.17 1.17 1.17 1.18 1.18 1.19 1.19 1.20 1.20 1.21 1.21 1.22 1.23 1.25 1.26 1.28 1.30 1.32 1.34 1.36 1.37 1.39 1.39 1.39 1.39 1.38 1.36 1.35 1.33 1.31 1.29 1.28 1.26 1.25 1.24 1.23 1.22 1.21 1.20 1.20 1.19 1.19 1.19 1.18 1.18 1.18 1.18 1.17 1.17 1.17 1.17 1.17 1.17 1.17 1.17 1.17 1.17 1.17 1.18 1.18 1.18 1.18 1.18
1.18 1.18 1.18 1.18 1.18 1.18 1.18 1.18 1.17 1.17 1.17 1.16 1.16 1.16 1.16 1.16 1.16 1.16 1.16 1.17 1.17 1.17 1.16 1.17 1.17 1.18 1.18 1.19 1.19 1.19 1.20 1.21 1.22 1.23 1.24 1.26 1.28 1.31 1.33 1.36 1.39 1.41 1.42 1.43 1.43 1.42 1.41 1.39 1.37 1.35 1.32 1.30 1.28 1.26 1.25 1.23 1.22 1.21 1.20 1.20 1.19 1.18 1.18 1.18 1.18 1.18 1.17 1.17 1.17 1.16 1.16 1.16 1.16 1.16 1.16 1.16 1.17 1.17 1.17 1.17 1.17 1.17 1.18 1.18
1.18 1.18 1.18 1.18 1.18 1.18 1.18 1.17 1.17 1.17 1.17 1.16 1.16 1.16 1.15 1.16 1.16 1.16 1.16 1.16 1.16 1.16 1.16 1.16 1.17 1.17 1.18 1.18 1.18 1.19 1.19 1.20 1.21 1.22 1.24 1.26 1.28 1.31 1.35 1.39 1.42 1.45 1.47 1.48 1.48 1.47 1.46 1.43 1.40 1.37 1.33 1.30 1.28 1.26 1.24 1.23 1.22 1.21 1.20 1.19 1.18 1.18 1.17 1.17 1.17 1.17 1.17 1.17 1.17 1.16 1.16 1.16 1.16 1.16 1.16 1.16 1.16 1.17 1.17 1.17 1.17 1.17 1.17 1.18
1.18 1.18 1.17 1.18 1.18 1.17 1.17 1.17 1.17 1.17 1.16 1.15 1.15 1.15 1.15 1.16 1.16 1.15 1.15 1.16 1.15 1.15 1.15 1.16 1.16 1.16 1.17 1.17 1.18 1.18 1.18 1.19 1.20 1.21 1.23 1.25 1.28 1.32 1.36 1.41 1.47 1.51 1.54 1.55 1.54 1.53 1.52 1.49 1.44 1.39 1.34 1.30 1.27 1.25 1.23 1.22 1.21 1.20 1.19 1.19 1.18 1.17 1.17 1.16 1.16 1.16 1.16 1.16 1.16 1.16 1.16 1.15 1.16 1.16 1.16 1.16 1.16 1.16 1.16 1.16 1.17 1.17 1.17 1.17
1.18 1.18 1.17 1.18 1.18 1.17 1.17 1.17 1.16 1.16 1.15 1.15 1.15 1.15 1.15 1.16 1.15 1.14 1.14 1.15 1.15 1.14 1.14 1.15 1.16 1.16 1.16 1.16 1.17 1.17 1.17 1.17 1.19 1.20 1.22 1.24 1.27 1.31 1.37 1.44 1.54 1.62 1.64 1.62 1.60 1.60 1.61 1.58 1.51 1.42 1.35 1.29 1.26 1.24 1.23 1.21 1.20 1.19 1.18 1.18 1.17 1.17 1.16 1.15 1.15 1.16 1.15 1.15 1.15 1.16 1.15 1.15 1.15 1.15 1.15 1.15 1.15 1.16 1.16 1.16 1.16 1.17 1.17 1.17
1.18 1.17 1.17 1.18 1.17 1.17 1.17 1.17 1.16 1.16 1.15 1.15 1.15 1.15 1.15 1.15 1.15 1.14 1.14 1.14 1.14 1.13 1.13 1.14 1.15 1.15 1.14 1.15 1.16 1.16 1.15 1.16 1.17 1.18 1.20 1.22 1.25 1.30 1.35 1.44 1.64 1.84 1.82 1.68 1.64 1.67 1.73 1.72 1.60 1.44 1.33 1.28 1.24 1.22 1.21 1.20 1.19 1.18 1.17 1.17 1.16 1.16 1.15 1.14 1.14 1.15 1.15 1.14 1.15 1.15 1.15 1.15 1.15 1.15 1.15 1.15 1.15 1.15 1.15 1.16 1.16 1.16 1.17 1.17
1.17 1.17 1.17 1.17 1.17 1.16 1.16 1.16 1.16 1.15 1.15 1.14 1.15 1.15 1.15 1.15 1.14 1.13 1.13 1.13 1.14 1.13 1.12 1.13 1.15 1.15 1.13 1.13 1.14 1.14 1.14 1.14 1.15 1.16 1.17 1.19 1.23 1.27 1.34 1.38 1.63 2.08 2.10 1.79 1.74 1.77 1.89 1.88 1.69 1.43 1.29 1.25 1.21 1.20 1.19 1.19 1.18 1.17 1.16 1.15 1.15 1.15 1.14 1.14 1.13 1.13 1.14 1.14 1.14 1.14 1.14 1.14 1.14 1.14 1.14 1.14 1.15 1.15 1.15 1.15 1.16 1.16 1.16 1.17
1.17 1.17 1.17 1.17 1.17 1.16 1.16 1.16 1.15 1.14 1.14 1.14 1.14 1.15 1.15 1.14 1.13 1.12 1.12 1.13 1.13 1.12 1.11 1.12 1.14 1.14 1.12 1.11 1.12 1.13 1.13 1.12 1.12 1.13 1.15 1.16 1.18 1.23 1.33 1.36 1.59 2.21 2.41 2.18 1.92 1.88 1.99 1.97 1.70 1.33 1.21 1.21 1.17 1.17 1.18 1.17 1.16 1.15 1.15 1.14 1.13 1.13 1.13 1.13 1.12 1.12 1.12 1.13 1.13 1.13 1.14 1.14 1.14 1.14 1.14 1.14 1.14 1.14 1.15 1.15 1.15 1.16 1.16 1.16
1.17 1.17 1.17 1.17 1.16 1.16 1.16 1.15 1.14 1.14 1.14 1.14 1.14 1.14 1.14 1.13 1.12 1.12 1.12 1.12 1.12 1.11 1.10 1.11 1.12 1.13 1.11 1.10 1.09 1.10 1.11 1.10 1.10 1.10 1.11 1.12 1.13 1.16 1.27 1.39 1.70 2.25 2.59 2.35 1.97 1.93 2.04 1.94 1.53 1.10 1.08 1.15 1.15 1.16 1.16 1.15 1.14 1.14 1.13 1.13 1.12 1.11 1.11 1.11 1.11 1.11 1.11 1.11 1.12 1.12 1.13 1.13 1.13 1.13 1.13 1.14 1.14 1.14 1.14 1.14 1.15 1.15 1.16 1.16
1.17 1.17 1.17 1.16 1.16 1.16 1.16 1.15 1.14 1.14 1.14 1.14 1.14 1.14 1.13 1.12 1.12 1.11 1.11 1.11 1.11 1.10 1.09 1.10 1.11 1.11 1.10 1.08 1.07 1.08 1.08 1.08 1.08 1.08 1.08 1.08 1.08 1.07 1.15 1.34 1.72 2.31 2.75 2.38 1.86 1.92 2.04 1.79 1.23 0.92 0.98 1.12 1.19 1.17 1.14 1.13 1.13 1.12 1.11 1.11 1.10 1.10 1.10 1.10 1.10 1.10 1.10 1.10 1.11 1.11 1.12 1.13 1.13 1.13 1.13 1.13 1.14 1.14 1.14 1.14 1.14 1.15 1.15 1.16
1.17 1.17 1.17 1.16 1.16 1.16 1.15 1.14 1.14 1.13 1.13 1.14 1.14 1.13 1.12 1.12 1.11 1.10 1.10 1.10 1.09 1.09 1.08 1.09 1.09 1.09 1.08 1.07 1.05 1.05 1.05 1.05 1.05 1.05 1.05 1.04 1.02 0.99 1.03 1.28 1.66 2.39 2.81 2.29 1.68 1.91 2.01 1.52 0.92 0.83 0.94 1.12 1.23 1.19 1.14 1.13 1.10 1.09 1.09 1.08 1.08 1.08 1.08 1.08 1.08 1.09 1.09 1.09 1.09 1.10 1.11 1.12 1.12 1.13 1.13 1.13 1.13 1.13 1.13 1.14 1.14 1.15 1.15 1.15
1.17 1.17 1.16 1.16 1.16 1.15 1.15 1.14 1.13 1.13 1.13 1.14 1.13 1.12 1.12 1.11 1.10 1.10 1.09 1.09 1.08 1.08 1.07 1.07 1.07 1.07 1.06 1.05 1.03 1.03 1.02 1.02 1.01 1.02 1.05 1.04 0.96 0.90 0.98 1.21 1.58 2.49 2.83 2.11 1.58 1.92 1.90 1.19 0.83 0.85 0.96 1.12 1.24 1.25 1.21 1.11 1.06 1.07 1.06 1.05 1.05 1.05 1.06 1.06 1.06 1.07 1.08 1.08 1.08 1.09 1.10 1.11 1.12 1.12 1.12 1.12 1.13 1.13 1.13 1.13 1.14 1.14 1.15 1.15
