data/AilsaCraig_180_1_25m_ang_2m.asc
ncols	257
nrows	257
xllcorner	3364200.000000
yllcorner	3669375.000000
cellsize	25.000000
NODATA_value	-1.000000
[rows 84 to 125 of 257, columns 94 to 187 of 257]
180 180 180 180 180 180 180 180 180 180 180 180 180 180 180 180 180 180 180 180 180 180 180 180 180 180 180 180 180 180 180 180 180 180 180 180 180 180 180 180 180 180 180 180 180 180 180 180 180 180 180 180 180 180 180 180 180 180 180 180 180 180 180 180 180 180 180 180 180 180 180 180 180 180 180 180 180 180 180 180 180 180 180 180 180 180 180 180 180 180 180 180 180 180
180 180 180 180 180 180 180 180 180 180 180 180 180 180 180 180 180 180 180 180 180 180 180 180 180 180 180 180 180 180 180 180 180 180 180 180 180 180 180 180 180 180 180 180 180 180 180 180 180 180 180 180 180 180 180 180 180 180 180 180 180 180 180 180 180 180 180 180 180 180 180 180 180 180 180 180 180 180 180 180 180 180 180 180 180 180 180 180 180 180 180 180 180 180
180 180 180 180 180 180 180 180 180 180 180 180 180 180 180 180 180 180 180 180 180 180 180 180 180 180 180 180 180 180 180 180 180 180 180 180 180 180 180 180 180 180 180 180 180 180 180 180 180 180 180 180 180 180 180 180 180 180 180 180 180 180 180 180 180 180 180 180 180 180 180 180 180 180 180 180 180 180 180 180 180 180 180 180 180 180 180 180 180 180 180 180 180 180
180 180 180 180 180 180 180 180 180 180 180 180 180 180 180 180 180 180 180 180 180 180 180 180 180 180 180 180 180 180 180 180 180 180 180 180 180 180 180 180 180 180 180 180 180 180 180 180 180 180 180 180 180 180 180 180 180 180 180 180 180 180 180 180 180 180 180 180 180 180 180 180 180 180 180 180 180 180 180 180 180 180 180 180 180 180 180 180 180 180 180 180 180 180
180 180 180 180 180 180 180 180 180 180 180 180 180 180 180 180 180 180 180 180 180 180 180 180 180 180 180 180 180 180 180 180 180 180 180 180 180 180 180 180 180 180 180 180 180 180 180 180 180 180 180 180 180 180 180 180 180 180 180 180 180 180 180 180 180 180 180 180 180 180 180 180 180 180 180 180 180 180 180 180 180 180 180 180 180 180 180 180 180 180 180 180 180 180
180 180 180 180 180 180 180 180 180 180 180 180 180 180 180 180 181 181 181 181 181 181 181 181 181 181 180 180 180 180 180 180 180 180 180 180 180 180 180 180 180 180 180 180 179 179 179 179 179 179 179 179 179 180 180 180 180 180 180 180 180 180 180 180 180 180 180 180 180 180 180 180 180 180 180 180 180 180 180 180 180 180 180 180 180 180 180 180 180 180 180 180 180 180
180 180 180 180 180 180 180 180 180 180 180 180 180 180 181 181 181 181 181 181 181 181 181 181 181 181 181 181 180 180 180 180 180 180 180 180 180 180 180 180 180 180 179 179 179 179 179 179 179 179 179 179 179 179 179 180 180 180 180 180 180 180 180 180 180 180 180 180 180 180 180 180 180 180 180 180 180 180 180 180 180 180 180 180 180 180 180 180 180 180 180 180 180 180
180 180 180 180 180 180 180 180 180 180 180 180 181 181 181 181 181 181 181 181 181 181 181 181 181 181 181 181 181 181 180 180 180 180 180 180 180 180 180 180 179 179 179 179 179 179 179 179 179 179 179 179 179 179 179 179 179 180 180 180 180 180 180 180 180 180 180 180 180 180 180 180 180 180 180 180 180 180 180 180 180 180 180 180 180 180 180 180 180 180 180 180 180 180
180 180 180 180 180 180 180 180 180 180 181 181 181 181 181 181 181 181 181 181 181 181 181 181 181 181 181 181 181 181 180 180 180 180 180 180 180 180 180 179 179 179 179 179 179 179 179 179 179 179 179 179 179 179 179 179 179 179 179 179 180 180 180 180 180 180 180 180 180 180 180 180 180 180 180 180 180 180 180 180 180 180 180 180 180 180 180 180 180 180 180 180 180 180
180 180 180 180 180 180 180 180 180 181 181 181 181 181 181 181 181 181 181 181 181 181 181 181 181 181 181 181 181 181 181 180 180 180 180 180 180 180 179 179 179 179 179 179 179 179 179 179 179 179 179 179 179 179 179 179 179 179 179 179 179 180 180 180 180 180 180 180 180 180 180 180 180 180 180 180 180 180 180 180 180 180 180 180 180 180 180 180 180 180 180 180 180 180
180 180 180 180 180 180 180 180 181 181 181 181 181 181 181 181 181 181 181 181 181 181 181 181 181 181 181 181 181 181 181 181 180 180 180 180 180 180 179 179 179 179 179 179 179 179 179 179 179 179 179 179 179 179 179 179 179 179 179 179 179 179 180 180 180 180 180 180 180 180 180 180 180 180 180 180 180 180 180 180 180 180 180 180 180 180 180 180 180 180 180 180 180 180
180 180 180 180 180 180 180 181 181 181 181 181 181 181 181 181 181 181 181 181 181 181 181 181 181 181 181 181 181 181 181 181 180 180 180 180 180 179 179 179 179 179 179 179 179 179 179 179 179 179 179 179 179 179 179 179 179 179 179 179 179 179 179 180 180 180 180 180 180 180 180 180 180 180 180 180 180 180 180 180 180 180 180 180 180 180 180 180 180 180 180 180 180 180
180 180 180 180 180 180 181 181 181 181 181 181 181 181 181 181 181 181 181 182 182 182 182 182 182 182 182 181 181 181 181 181 181 180 180 180 180 179 179 179 179 179 178 178 178 178 178 178 178 179 179 179 179 179 179 179 179 179 179 179 179 179 179 179 180 180 180 180 180 180 180 180 180 180 180 180 180 180 180 180 180 180 180 180 180 180 180 180 180 180 180 180 180 180
180 180 180 180 180 181 181 181 181 181 181 181 181 181 181 181 181 182 182 182 182 182 182 182 182 182 182 182 182 181 181 181 181 180 180 180 179 179 179 179 178 178 178 178 178 178 178 178 178 178 178 178 178 179 179 179 179 179 179 179 179 179 179 179 179 180 180 180 180 180 180 180 180 180 180 180 180 180 180 180 180 180 180 180 180 180 180 180 180 180 180 180 180 180
180 180 180 180 181 181 181 181 181 181 181 181 181 181 181 182 182 182 182 182 182 182 182 182 182 182 182 182 182 182 182 181 181 181 180 180 179 179 179 178 178 178 178 178 178 178 178 178 178 178 178 178 178 178 178 179 179 179 179 179 179 179 179 179 179 179 180 180 180 180 180 180 180 180 180 180 180 180 180 180 180 180 180 180 180 180 180 180 180 180 180 180 180 180
180 180 180 181 181 181 181 181 181 181 181 181 181 182 182 182 182 182 182 182 182 182 182 183 183 183 183 183 183 182 182 182 181 181 180 180 179 179 178 178 178 177 177 177 177 177 177 178 178 178 178 178 178 178 178 178 179 179 179 179 179 179 179 179 179 179 179 180 180 180 180 180 180 180 180 180 180 180 180 180 180 180 180 180 180 180 180 180 180 180 180 180 180 180
180 180 181 181 181 181 181 181 181 181 181 181 182 182 182 182 182 182 182 183 183 183 183 183 183 183 183 183 183 183 183 182 182 181 180 179 179 178 178 177 177 177 177 177 177 177 177 177 177 177 178 178 178 178 178 178 178 179 179 179 179 179 179 179 179 179 179 179 180 180 180 180 180 180 180 180 180 180 180 180 180 180 180 180 180 180 180 180 180 180 180 180 180 180
180 181 181 181 181 181 181 181 181 181 181 182 182 182 182 182 182 183 183 183 183 183 183 184 184 184 184 184 184 184 184 183 182 181 180 179 178 177 177 176 176 176 176 176 176 176 176 177 177 177 177 177 178 178 178 178 178 178 178 179 179 179 179 179 179 179 179 179 180 180 180 180 180 180 180 180 180 180 180 180 180 180 180 180 180 180 180 180 180 180 180 180 180 180
180 181 181 181 181 181 181 181 181 181 182 182 182 182 182 182 183 183 183 183 183 184 184 185 185 185 185 185 186 186 185 184 183 182 180 179 177 176 175 175 175 175 175 175 175 176 176 176 176 177 177 177 177 177 178 178 178 178 178 179 179 179 179 179 179 179 179 179 179 180 180 180 180 180 180 180 180 180 180 180 180 180 180 180 180 180 180 180 180 180 180 180 180 180
181 181 181 181 181 181 181 181 181 182 182 182 182 182 182 183 183 183 183 183 184 185 185 186 186 186 186 187 187 188 187 185 184 182 180 178 176 175 174 173 173 173 174 174 174 175 175 176 176 176 176 177 177 177 177 178 178 178 178 178 179 179 179 179 179 179 179 179 179 179 180 180 180 180 180 180 180 180 180 180 180 180 180 180 180 180 180 180 180 180 180 180 180 180
181 181 181 181 181 181 181 181 182 182 182 182 182 182 183 183 183 183 184 184 185 186 186 186 187 188 188 189 189 190 190 188 186 184 180 177 174 172 171 171 171 171 172 173 173 174 174 175 175 176 176 176 177 177 177 177 178 178 178 178 178 179 179 179 179 179 179 179 179 179 180 180 180 180 180 180 180 180 180 180 180 180 180 180 180 180 180 180 180 180 180 180 180 180
181 181 181 181 181 181 181 181 182 182 182 182 182 183 183 183 183 184 184 185 186 186 187 187 188 189 190 191 192 194 195 194 191 186 181 175 170 167 166 166 168 169 170 171 172 173 173 174 175 175 175 176 176 177 177 177 177 178 178 178 178 178 179 179 179 179 179 179 179 179 180 180 180 180 180 180 180 180 180 180 180 180 180 180 180 180 180 180 180 180 180 180 180 180
181 181 181 181 181 181 181 182 182 182 182 182 183 183 183 183 183 184 185 186 186 187 188 188 189 191 192 194 196 199 203 204 201 191 181 171 161 156 157 160 163 166 168 169 170 171 172 173 174 174 175 175 176 176 177 177 177 177 178 178 178 178 179 179 179 179 179 179 179 179 179 180 180 180 180 180 180 180 180 180 180 180 180 180 180 180 180 180 180 180 180 180 180 180
181 181 181 181 181 181 182 182 182 182 182 182 183 183 183 183 184 185 186 187 187 188 189 190 191 193 195 198 201 205 212 221 224 203 175 159 145 141 145 152 158 162 165 167 168 170 171 172 173 173 174 175 175 176 176 177 177 177 178 178 178 178 178 179 179 179 179 179 179 179 179 180 180 180 180 180 180 180 180 180 180 180 180 180 180 180 180 180 180 180 180 180 180 180
181 181 181 181 181 181 182 182 182 182 182 183 183 183 183 184 185 186 187 187 188 188 190 192 193 195 198 201 207 212 216 225 232 206 166 152 146 143 144 150 155 159 162 165 166 168 169 170 171 172 173 174 175 175 176 176 177 177 177 178 178 178 178 178 179 179 179 179 179 179 179 179 180 180 180 180 180 180 180 180 180 180 180 180 180 180 180 180 180 180 180 180 180 180
181 181 181 181 181 181 182 182 182 182 183 183 183 183 184 185 185 186 187 188 188 190 191 193 195 197 200 205 212 216 216 216 209 185 167 155 150 151 155 159 158 157 159 162 164 166 167 169 170 171 172 173 174 175 175 176 176 177 177 177 178 178 178 178 179 179 179 179 179 179 179 179 180 180 180 180 180 180 180 180 180 180 180 180 180 180 180 180 180 180 180 180 180 180
181 181 181 181 181 182 182 182 182 182 183 183 183 184 184 185 186 187 188 188 189 191 193 195 197 200 204 207 211 211 209 208 197 179 170 163 155 156 163 169 165 158 156 157 160 163 165 167 169 170 172 173 174 174 175 176 176 177 177 177 178 178 178 178 179 179 179 179 179 179 179 179 180 180 180 180 180 180 180 180 180 180 180 180 180 180 180 180 180 180 180 180 180 180
181 181 181 181 181 182 182 182 182 182 183 183 183 184 185 186 186 187 188 189 190 192 194 197 200 203 207 207 205 203 203 200 187 176 173 170 165 164 171 173 168 161 154 154 156 159 162 165 167 169 171 172 173 174 175 175 176 176 177 177 177 178 178 178 178 179 179 179 179 179 179 179 180 180 180 180 180 180 180 180 180 180 180 180 180 180 180 180 180 180 180 180 180 180
181 181 181 181 182 182 182 182 182 183 183 183 184 184 185 186 187 188 189 190 191 193 196 200 204 206 207 205 201 198 197 192 183 178 176 174 173 176 180 174 167 162 158 153 152 156 160 163 165 168 169 171 172 173 174 175 176 176 177 177 177 178 178 178 178 179 179 179 179 179 179 179 179 180 180 180 180 180 180 180 180 180 180 180 180 180 180 180 180 180 180 180 180 180
181 181 181 181 182 182 182 182 182 183 183 183 184 185 186 186 187 188 189 191 193 195 198 202 206 208 206 201 197 193 190 185 182 182 181 179 180 185 183 173 163 159 157 152 149 152 156 160 164 166 168 170 171 173 174 175 175 176 177 177 177 178 178 178 178 179 179 179 179 179 179 179 179 180 180 180 180 180 180 180 180 180 180 180 180 180 180 180 180 180 180 180 180 180
181 181 181 181 182 182 182 182 182 183 183 184 184 185 186 186 188 189 190 192 194 197 200 204 207 209 204 197 193 189 185 182 184 187 186 185 187 188 180 170 161 156 154 153 150 150 154 159 163 165 167 169 171 172 173 174 175 176 176 177 177 178 178 178 178 179 179 179 179 179 179 179 179 180 180 180 180 180 180 180 180 180 180 180 180 180 180 180 180 180 180 180 180 180
181 181 181 182 182 182 182 182 182 183 183 184 185 185 186 187 188 189 191 193 195 198 202 205 206 206 202 196 191 187 182 183 187 191 191 190 190 186 175 166 160 156 153 153 153 153 157 159 161 164 166 168 170 172 173 174 175 176 176 177 177 177 178 178 178 179 179 179 179 179 179 179 179 180 180 180 180 180 180 180 180 180 180 180 180 180 180 180 180 180 180 180 180 180
181 181 181 182 182 182 182 182 182 183 184 184 185 185 186 187 188 190 191 194 197 200 204 205 204 203 200 195 188 184 181 185 191 194 193 190 188 184 174 164 160 158 154 153 154 155 158 158 159 163 166 168 170 171 173 174 175 176 176 177 177 177 178 178 178 179 179 179 179 179 179 179 179 180 180 180 180 180 180 180 180 180 180 180 180 180 180 180 180 180 180 180 180 180
181 181 181 182 182 182 182 182 183 183 184 184 185 185 186 187 189 190 192 195 198 201 204 203 201 200 197 193 186 181 180 187 195 196 191 187 184 180 173 166 161 158 156 154 154 153 154 157 158 162 165 167 169 171 172 174 175 176 176 177 177 177 178 178 178 179 179 179 179 179 179 179 179 180 180 180 180 180 180 180 180 180 180 180 180 180 180 180 180 180 180 180 180 180
181 181 181 182 182 182 182 182 183 183 184 184 185 186 187 188 189 190 192 195 199 201 202 202 201 199 195 190 184 180 180 188 196 195 189 186 181 175 172 171 164 158 157 156 156 155 155 157 158 161 164 167 169 171 172 174 175 175 176 177 177 177 178 178 178 179 179 179 179 179 179 179 179 180 180 180 180 180 180 180 180 180 180 180 180 180 180 180 180 180 180 180 180 180
181 181 181 182 182 182 182 182 183 183 184 184 185 186 187 188 189 190 193 195 198 199 200 201 201 198 194 189 184 181 183 188 192 191 188 185 180 174 172 172 167 162 159 157 159 159 158 158 159 160 163 166 169 171 172 174 175 175 176 177 177 178 178 178 178 179 179 179 179 179 179 179 179 180 180 180 180 180 180 180 180 180 180 180 180 180 180 180 180 180 180 180 180 180
181 181 182 182 182 182 182 183 183 184 184 185 185 186 187 188 189 190 193 195 196 196 196 198 198 197 193 188 185 185 186 188 189 188 187 185 180 176 173 170 168 166 162 158 159 162 161 161 160 158 161 166 169 171 172 173 175 175 176 177 177 178 178 178 178 179 179 179 179 179 179 179 180 180 180 180 180 180 180 180 180 180 180 180 180 180 180 180 180 180 180 180 180 180
181 181 182 182 182 182 182 183 183 184 184 185 185 186 187 188 189 191 192 193 193 192 192 192 194 194 192 189 187 188 188 187 186 186 185 183 180 176 173 170 168 166 163 160 161 163 165 167 164 160 162 166 169 171 172 173 175 175 176 177 177 178 178 178 178 179 179 179 179 179 179 179 180 180 180 180 180 180 180 180 180 180 180 180 180 180 180 180 180 180 180 180 180 180
181 181 182 182 182 182 182 183 183 184 184 185 185 186 187 188 189 191 192 191 190 190 189 189 189 191 192 191 190 189 188 186 184 184 183 181 179 177 174 171 168 166 165 165 165 166 168 172 169 164 164 166 168 171 172 173 175 176 176 177 177 178 178 178 179 179 179 179 179 179 179 179 180 180 180 180 180 180 180 180 180 180 180 180 180 180 180 180 180 180 180 180 180 180
181 181 182 182 182 182 182 183 183 184 184 185 186 186 187 188 190 191 191 190 188 188 189 189 188 189 192 192 191 189 186 184 183 182 181 180 179 177 175 172 169 167 167 169 170 170 171 173 172 166 164 165 168 171 173 174 175 176 176 177 177 178 178 178 179 179 179 179 179 179 179 180 180 180 180 180 180 180 180 180 180 180 180 180 180 180 180 180 180 180 180 180 180 180
181 181 182 182 182 182 182 183 183 184 184 185 186 187 188 189 190 191 191 190 188 188 189 191 190 189 190 190 189 187 184 183 182 181 179 178 178 177 176 174 171 170 171 172 173 173 174 175 175 172 164 164 168 171 173 174 175 176 177 177 178 178 178 179 179 179 179 179 179 179 179 180 180 180 180 180 180 180 180 180 180 180 180 180 180 180 180 180 180 180 180 180 180 180
181 181 182 182 182 182 182 183 183 184 184 185 186 187 188 189 190 192 193 192 190 188 189 191 191 189 187 186 185 184 183 181 180 179 179 178 177 178 178 177 175 174 175 176 176 176 176 176 177 176 172 168 169 171 173 175 175 176 177 177 178 178 179 179 179 179 179 179 179 179 180 180 180 180 180 180 180 180 180 180 180 180 180 180 180 180 180 180 180 180 180 180 180 180
