data/AilsaCraig_270_1_25m_ang_50m.asc
ncols	257
nrows	257
xllcorner	3364200.000000
yllcorner	3669375.000000
cellsize	25.000000
NODATA_value	-1.000000
[rows 84 to 125 of 257, columns 94 to 187 of 257]
270 270 270 270 270 270 270 270 270 270 270 270 270 270 270 270 270 270 270 270 270 270 270 270 270 270 270 270 270 270 270 270 270 270 270 270 270 270 270 270 270 270 270 270 270 270 270 270 270 270 270 270 270 270 270 270 270 270 270 270 270 270 270 270 270 270 270 270 270 270 270 270 270 270 270 270 270 270 270 270 270 270 270 270 270 270 270 270 270 270 270 270 270 270
270 270 270 270 270 270 270 270 270 270 270 270 270 270 270 270 270 269 269 269 269 270 270 270 270 270 270 270 270 270 270 270 270 270 270 270 270 270 270 270 270 270 270 270 270 270 270 270 270 270 270 270 270 270 270 270 270 270 270 270 270 270 270 270 270 270 270 270 270 270 270 270 270 270 270 270 270 270 270 270 270 270 270 270 270 270 270 270 270 270 270 270 270 270
270 270 270 270 270 270 270 270 270 270 270 270 269 269 269 269 269 269 269 269 269 269 269 269 269 270 270 270 270 270 270 270 270 270 270 270 270 270 270 270 270 270 270 270 270 271 271 271 271 271 271 271 271 271 271 270 270 270 270 270 270 270 270 270 270 270 270 270 270 270 270 270 270 270 270 270 270 270 270 270 270 270 270 270 270 270 270 270 270 270 270 270 270 270
270 270 270 270 270 270 270 270 270 270 269 269 269 269 269 269 269 269 269 269 269 269 269 269 269 269 269 270 270 270 270 270 270 270 270 270 270 270 270 270 270 270 270 271 271 271 271 271 271 271 271 271 271 271 271 271 271 271 270 270 270 270 270 270 270 270 270 270 270 270 270 270 270 270 270 270 270 270 270 270 270 270 270 270 270 270 270 270 270 270 270 270 270 270
270 270 270 270 270 270 270 270 269 269 269 269 269 269 269 269 269 269 269 269 269 269 269 269 269 269 269 269 270 270 270 270 270 270 270 270 270 270 270 270 270 271 271 271 271 271 271 271 271 271 271 271 271 271 271 271 271 271 271 271 270 270 270 270 270 270 270 270 270 270 270 270 270 270 270 270 270 270 270 270 270 270 270 270 270 270 270 270 270 270 270 270 270 270
270 270 270 270 270 270 269 269 269 269 269 269 269 269 269 269 269 269 269 269 269 269 269 269 269 269 269 269 269 270 270 270 270 270 270 270 270 270 270 270 271 271 271 271 271 271 271 271 271 271 271 271 271 271 271 271 271 271 271 271 271 271 270 270 270 270 270 270 270 270 270 270 270 270 270 270 270 270 270 270 270 270 270 270 270 270 270 270 270 270 270 270 270 270
270 270 270 270 270 269 269 269 269 269 269 269 269 269 269 269 269 269 269 269 269 269 269 269 269 269 269 269 269 269 270 270 270 270 270 270 270 270 270 271 271 271 271 271 271 271 271 271 271 271 271 271 271 271 271 271 271 271 271 271 271 271 271 270 270 270 270 270 270 270 270 270 270 270 270 270 270 270 270 270 270 270 270 270 270 270 270 270 270 270 270 270 270 270
270 270 270 270 269 269 269 269 269 269 269 269 269 269 269 269 269 269 269 269 269 269 269 269 269 269 269 269 269 269 269 270 270 270 270 270 270 270 270 271 271 271 271 271 271 271 271 271 271 271 271 271 271 271 271 271 271 271 271 271 271 271 271 271 271 270 270 270 270 270 270 270 270 270 270 270 270 270 270 270 270 270 270 270 270 270 270 270 270 270 270 270 270 270
270 270 270 269 269 269 269 269 269 269 269 269 269 269 269 269 269 269 269 269 269 269 269 269 269 269 269 269 269 269 269 270 270 270 270 270 270 270 271 271 271 271 271 271 271 271 271 271 271 271 271 271 271 271 271 271 271 271 271 271 271 271 271 271 271 271 270 270 270 270 270 270 270 270 270 270 270 270 270 270 270 270 270 270 270 270 270 270 270 270 270 270 270 270
270 270 269 269 269 269 269 269 269 269 269 269 269 269 269 269 269 269 269 269 269 269 269 269 269 269 269 269 269 269 269 269 270 270 270 270 270 270 271 271 271 271 271 271 271 271 271 271 271 271 271 271 271 271 271 271 271 271 271 271 271 271 271 271 271 271 271 270 270 270 270 270 270 270 270 270 270 270 270 270 270 270 270 270 270 270 270 270 270 270 270 270 270 270
270 269 269 269 269 269 269 269 269 269 269 269 269 269 269 269 269 269 268 268 268 268 268 268 269 269 269 269 269 269 269 269 270 270 270 270 270 271 271 271 271 271 271 271 271 271 271 271 271 271 271 271 271 271 271 271 271 271 271 271 271 271 271 271 271 271 271 271 270 270 270 270 270 270 270 270 270 270 270 270 270 270 270 270 270 270 270 270 270 270 270 270 270 270
269 269 269 269 269 269 269 269 269 269 269 269 269 269 269 268 268 268 268 268 268 268 268 268 268 268 268 269 269 269 269 269 269 270 270 270 270 271 271 271 271 271 271 272 272 272 272 272 272 272 272 272 272 271 271 271 271 271 271 271 271 271 271 271 271 271 271 271 271 270 270 270 270 270 270 270 270 270 270 270 270 270 270 270 270 270 270 270 270 270 270 270 270 270
269 269 269 269 269 269 269 269 269 269 269 269 269 268 268 268 268 268 268 268 268 268 268 268 268 268 268 268 268 269 269 269 269 270 270 270 271 271 271 271 271 272 272 272 272 272 272 272 272 272 272 272 272 272 272 271 271 271 271 271 271 271 271 271 271 271 271 271 271 271 270 270 270 270 270 270 270 270 270 270 270 270 270 270 270 270 270 270 270 270 270 270 270 270
269 269 269 269 269 269 269 269 269 269 269 268 268 268 268 268 268 268 268 268 268 268 268 268 268 268 268 268 268 268 269 269 269 270 270 270 271 271 271 272 272 272 272 272 272 272 272 272 272 272 272 272 272 272 272 272 272 271 271 271 271 271 271 271 271 271 271 271 271 271 270 270 270 270 270 270 270 270 270 270 270 270 270 270 270 270 270 270 270 270 270 270 270 270
269 269 269 269 269 269 269 269 269 269 268 268 268 268 268 268 268 268 268 268 267 267 267 267 267 267 267 268 268 268 268 269 269 270 270 270 271 271 272 272 272 272 272 272 272 273 273 272 272 272 272 272 272 272 272 272 272 272 271 271 271 271 271 271 271 271 271 271 271 271 271 270 270 270 270 270 270 270 270 270 270 270 270 270 270 270 270 270 270 270 270 270 270 270
269 269 269 269 269 269 269 269 269 268 268 268 268 268 268 268 268 267 267 267 267 267 267 267 267 267 267 267 267 268 268 268 269 269 270 271 271 271 272 272 272 273 273 273 273 273 273 273 273 273 273 272 272 272 272 272 272 272 272 272 271 271 271 271 271 271 271 271 271 271 271 271 270 270 270 270 270 270 270 270 270 270 270 270 270 270 270 270 270 270 270 270 270 270
269 269 269 269 269 269 269 269 268 268 268 268 268 268 268 267 267 267 267 267 267 267 266 266 266 266 266 267 267 267 268 268 269 269 270 271 271 272 272 273 273 273 273 273 273 273 273 273 273 273 273 273 273 272 272 272 272 272 272 272 272 271 271 271 271 271 271 271 271 271 271 271 270 270 270 270 270 270 270 270 270 270 270 270 270 270 270 270 270 270 270 270 270 270
269 269 269 269 269 269 269 268 268 268 268 268 268 268 267 267 267 267 267 267 266 266 266 266 266 266 266 266 266 267 267 268 268 269 270 271 272 272 273 273 274 274 274 274 274 274 274 274 273 273 273 273 273 273 272 272 272 272 272 272 272 271 271 271 271 271 271 271 271 271 271 271 271 270 270 270 270 270 270 270 270 270 270 270 270 270 270 270 270 270 270 270 270 270
269 269 269 269 269 269 268 268 268 268 268 268 268 267 267 267 267 267 266 266 266 266 265 265 265 265 265 265 265 266 266 267 268 269 270 271 272 273 274 274 274 275 275 275 275 274 274 274 274 274 274 273 273 273 273 273 272 272 272 272 272 272 271 271 271 271 271 271 271 271 271 271 271 270 270 270 270 270 270 270 270 270 270 270 270 270 270 270 270 270 270 270 270 270
269 269 269 269 269 269 268 268 268 268 268 268 267 267 267 267 266 266 266 266 265 265 265 264 264 264 264 264 264 265 265 266 268 269 270 271 273 274 274 275 275 276 276 276 275 275 275 275 274 274 274 274 273 273 273 273 273 272 272 272 272 272 272 271 271 271 271 271 271 271 271 271 271 271 270 270 270 270 270 270 270 270 270 270 270 270 270 270 270 270 270 270 270 270
269 269 269 269 269 268 268 268 268 268 268 267 267 267 267 266 266 266 265 265 265 264 264 263 263 263 262 262 263 263 264 265 267 269 270 272 273 275 276 276 277 277 277 277 276 276 276 275 275 275 274 274 274 274 273 273 273 273 272 272 272 272 272 272 271 271 271 271 271 271 271 271 271 271 270 270 270 270 270 270 270 270 270 270 270 270 270 270 270 270 270 270 270 270
269 269 269 269 268 268 268 268 268 268 267 267 267 267 266 266 266 265 265 264 264 263 263 262 262 261 261 261 261 261 262 264 266 268 270 272 274 276 277 278 279 278 278 278 277 277 276 276 276 275 275 274 274 274 274 273 273 273 273 272 272 272 272 272 271 271 271 271 271 271 271 271 271 271 270 270 270 270 270 270 270 270 270 270 270 270 270 270 270 270 270 270 270 270
269 269 269 269 268 268 268 268 268 268 267 267 267 266 266 266 265 265 264 264 263 263 262 261 260 260 259 258 258 258 259 262 265 268 271 273 276 278 280 281 281 280 280 279 278 278 277 277 276 276 275 275 275 274 274 274 273 273 273 272 272 272 272 272 272 271 271 271 271 271 271 271 271 271 271 270 270 270 270 270 270 270 270 270 270 270 270 270 270 270 270 270 270 270
269 269 269 268 268 268 268 268 268 267 267 267 267 266 266 265 265 264 264 263 262 262 261 260 259 258 257 255 254 254 255 259 264 269 272 275 278 281 283 284 284 283 281 281 280 279 278 278 277 277 276 275 275 275 274 274 273 273 273 273 272 272 272 272 272 271 271 271 271 271 271 271 271 271 271 270 270 270 270 270 270 270 270 270 270 270 270 270 270 270 270 270 270 270
269 269 269 268 268 268 268 268 267 267 267 267 266 266 265 265 264 264 263 262 262 261 260 259 257 256 254 252 250 248 250 256 263 270 275 278 281 284 286 288 287 285 283 282 281 280 279 279 278 277 277 276 276 275 275 274 274 273 273 273 273 272 272 272 272 272 271 271 271 271 271 271 271 271 271 270 270 270 270 270 270 270 270 270 270 270 270 270 270 270 270 270 270 270
269 269 269 268 268 268 268 268 267 267 267 266 266 266 265 265 264 263 263 262 261 260 259 257 256 254 251 248 245 243 246 256 265 272 277 280 283 285 288 290 289 287 285 283 282 281 281 280 279 278 277 277 276 275 275 274 274 274 273 273 273 272 272 272 272 272 271 271 271 271 271 271 271 271 271 270 270 270 270 270 270 270 270 270 270 270 270 270 270 270 270 270 270 270
269 269 268 268 268 268 268 268 267 267 267 266 266 265 265 264 263 263 262 261 260 259 257 256 254 251 248 244 241 240 247 258 267 273 277 280 283 286 290 291 289 287 286 285 284 283 282 281 280 279 278 277 277 276 275 275 274 274 273 273 273 272 272 272 272 272 271 271 271 271 271 271 271 271 271 271 270 270 270 270 270 270 270 270 270 270 270 270 270 270 270 270 270 270
269 269 268 268 268 268 268 267 267 267 267 266 266 265 264 264 263 262 261 260 259 258 256 254 252 249 246 241 238 240 250 261 269 274 277 279 281 285 290 291 288 286 285 285 285 285 284 282 281 280 279 278 277 276 276 275 275 274 274 273 273 273 272 272 272 272 271 271 271 271 271 271 271 271 271 271 270 270 270 270 270 270 270 270 270 270 270 270 270 270 270 270 270 270
269 269 268 268 268 268 268 267 267 267 266 266 265 265 264 263 262 262 260 259 258 256 254 253 250 248 244 240 238 243 254 263 269 273 277 278 280 283 288 289 286 284 284 285 286 286 285 284 283 281 280 279 278 277 276 275 275 274 274 273 273 273 272 272 272 272 272 271 271 271 271 271 271 271 271 271 270 270 270 270 270 270 270 270 270 270 270 270 270 270 270 270 270 270
269 269 268 268 268 268 268 267 267 267 266 266 265 264 264 263 262 261 260 258 257 255 253 251 249 247 244 241 240 247 257 265 269 272 275 276 278 281 284 285 284 284 284 285 287 288 288 286 284 283 281 280 279 278 277 276 275 274 274 273 273 273 272 272 272 272 272 271 271 271 271 271 271 271 271 271 270 270 270 270 270 270 270 270 270 270 270 270 270 270 270 270 270 270
269 269 268 268 268 268 267 267 267 266 266 265 265 264 263 262 261 260 259 257 255 253 251 249 248 247 245 243 244 251 260 266 269 271 273 274 276 278 281 282 283 283 284 284 286 289 290 288 286 284 282 281 279 278 277 276 275 275 274 274 273 273 272 272 272 272 272 271 271 271 271 271 271 271 271 271 270 270 270 270 270 270 270 270 270 270 270 270 270 270 270 270 270 270
269 269 268 268 268 268 267 267 267 266 266 265 265 264 263 262 261 260 258 256 254 252 250 248 248 247 247 246 248 255 262 266 268 269 271 272 274 275 278 280 282 283 284 285 286 288 292 291 288 286 284 282 280 279 277 276 276 275 274 274 273 273 272 272 272 272 272 271 271 271 271 271 271 271 271 271 270 270 270 270 270 270 270 270 270 270 270 270 270 270 270 270 270 270
269 268 268 268 268 268 267 267 267 266 266 265 264 264 263 262 260 259 257 255 253 250 248 248 248 248 248 249 252 258 263 265 266 267 269 271 273 274 277 279 282 283 284 285 286 288 292 293 290 287 285 283 281 279 278 277 276 275 274 274 273 273 272 272 272 272 272 271 271 271 271 271 271 271 271 271 270 270 270 270 270 270 270 270 270 270 270 270 270 270 270 270 270 270
269 269 268 268 268 268 267 267 267 266 266 265 264 263 263 261 260 258 256 254 251 248 247 248 249 250 250 252 255 260 263 264 265 266 268 270 272 274 276 279 281 283 284 285 287 288 292 294 293 289 286 283 281 280 278 277 276 275 274 274 273 273 272 272 272 272 271 271 271 271 271 271 271 271 271 270 270 270 270 270 270 270 270 270 270 270 270 270 270 270 270 270 270 270
269 269 268 268 268 268 267 267 267 266 266 265 264 263 262 261 260 258 255 253 249 247 247 248 250 251 252 254 257 260 262 263 264 266 268 270 272 274 276 278 281 283 285 286 287 288 290 295 295 291 287 284 282 280 278 277 276 275 274 274 273 273 272 272 272 272 271 271 271 271 271 271 271 271 271 270 270 270 270 270 270 270 270 270 270 270 270 270 270 270 270 270 270 270
269 269 268 268 268 268 267 267 267 266 266 265 264 263 262 261 259 257 255 251 248 247 247 249 250 252 253 255 258 260 261 263 264 266 268 270 272 274 276 278 280 282 284 286 287 288 290 294 296 293 289 285 282 280 279 277 276 275 274 274 273 273 272 272 272 272 271 271 271 271 271 271 271 271 271 270 270 270 270 270 270 270 270 270 270 270 270 270 270 270 270 270 270 270
269 269 268 268 268 268 267 267 267 266 265 265 264 263 262 261 259 257 254 251 248 247 247 249 251 252 254 256 258 259 261 263 265 266 268 270 272 274 276 278 280 281 283 285 287 288 289 292 296 294 290 286 283 280 279 277 276 275 274 274 273 273 272 272 272 272 271 271 271 271 271 271 271 271 270 270 270 270 270 270 270 270 270 270 270 270 270 270 270 270 270 270 270 270
269 269 268 268 268 268 267 267 267 266 265 265 264 263 262 260 259 256 254 250 248 247 248 249 251 253 254 256 257 259 261 263 265 267 268 270 272 274 276 278 280 281 283 285 287 288 289 290 293 294 291 286 283 280 279 277 276 275 274 274 273 273 272 272 272 271 271 271 271 271 271 271 271 271 270 270 270 270 270 270 270 270 270 270 270 270 270 270 270 270 270 270 270 270
269 269 268 268 268 268 268 267 267 266 265 265 264 263 262 260 258 256 254 251 249 248 249 250 251 253 254 256 257 260 262 264 266 268 269 271 272 274 276 278 279 281 282 284 286 288 288 289 290 292 290 287 283 280 278 277 276 275 274 273 273 272 272 272 272 271 271 271 271 271 271 271 271 270 270 270 270 270 270 270 270 270 270 270 270 270 270 270 270 270 270 270 270 270
269 269 269 268 268 268 268 267 267 266 266 265 264 263 262 260 258 256 254 251 250 249 250 251 252 253 255 256 258 261 263 265 267 268 270 271 273 274 275 277 278 280 282 283 285 286 287 287 287 289 289 286 283 280 278 277 275 275 274 273 273 272 272 272 271 271 271 271 271 271 271 271 270 270 270 270 270 270 270 270 270 270 270 270 270 270 270 270 270 270 270 270 270 270
269 269 269 268 268 268 268 267 267 266 266 265 264 263 262 260 258 256 254 252 251 250 251 252 253 254 256 257 260 262 264 266 268 269 271 272 273 274 275 276 277 279 280 282 283 284 285 285 285 285 287 285 282 280 278 276 275 274 274 273 272 272 272 271 271 271 271 271 271 271 271 270 270 270 270 270 270 270 270 270 270 270 270 270 270 270 270 270 270 270 270 270 270 270
269 269 269 269 268 268 268 267 267 266 266 265 264 263 262 260 258 256 254 253 252 252 252 254 255 256 257 259 261 264 266 268 269 270 271 272 273 274 274 275 276 277 278 280 281 281 282 283 283 283 283 283 282 279 277 276 275 274 273 273 272 272 271 271 271 271 271 271 271 271 270 270 270 270 270 270 270 270 270 270 270 270 270 270 270 270 270 270 270 270 270 270 270 270
