data/AilsaCraig_315_1_25m_ang.asc
ncols	257
nrows	257
xllcorner	3364200.000000
yllcorner	3669375.000000
cellsize	25.000000
NODATA_value	-1.000000
[rows 126 to 167 of 257, columns 95 to 189 of 257]
318 319 319 320 320 320 321 322 324 325 326 328 332 335 340 347 354 357 357 352 343 335 329 327 324 320 319 314 310 309 309 310 312 313 314 316 320 322 320 319 321 325 327 328 331 334 338 340 342 343 344 339 335 333 330 328 326 324 323 322 321 320 320 319 319 318 318 318 317 317 317 316 316 316 316 316 316 316 315 315 315 315 315 315 315 315 315 315 315 315 315 315 315 315 315
318 319 319 320 320 321 321 323 325 326 327 330 333 336 343 351 357 358 358 353 343 334 327 324 321 319 318 313 309 309 309 310 312 313 313 316 321 322 320 319 321 323 323 324 328 332 335 339 342 342 342 340 336 333 331 329 327 325 323 322 321 321 320 319 319 318 318 318 317 317 317 316 316 316 316 316 316 316 315 315 315 315 315 315 315 315 315 315 315 315 315 315 315 315 315
319 319 319 320 320 321 322 324 326 327 328 331 335 339 346 356 0 359 358 351 342 334 327 323 319 318 317 312 309 308 308 309 311 311 311 315 319 319 318 318 318 320 320 322 327 330 333 338 342 343 342 341 338 335 332 330 328 326 324 323 321 321 320 319 319 318 318 318 317 317 317 317 316 316 316 316 316 316 315 315 315 315 315 315 315 315 315 315 315 315 315 315 315 315 315
319 319 320 320 321 321 322 325 326 327 329 333 336 341 349 358 1 359 357 348 340 334 328 323 319 318 318 313 311 309 309 310 310 309 309 313 316 316 316 314 313 316 319 323 328 331 335 341 343 343 343 342 340 336 333 330 328 326 324 323 322 321 320 320 319 319 318 318 317 317 317 317 316 316 316 316 316 316 316 315 315 315 315 315 315 315 315 315 315 315 315 315 315 315 315
319 319 320 320 321 321 323 325 327 328 330 335 338 343 352 360 2 0 354 344 337 333 328 324 321 320 319 314 312 310 310 311 311 309 308 312 314 314 314 311 310 315 321 326 330 333 338 344 345 344 344 343 342 338 334 331 328 327 324 323 322 321 320 320 319 319 318 318 317 317 317 317 316 316 316 316 316 316 316 315 315 315 315 315 315 315 315 315 315 315 315 315 315 315 315
319 319 320 320 321 322 324 326 327 329 332 336 340 346 355 2 3 1 352 341 336 333 327 323 321 319 317 313 311 310 310 311 311 309 308 311 314 314 315 313 312 317 324 329 333 336 342 346 345 345 345 345 343 339 335 331 329 327 325 323 322 321 320 320 319 319 318 318 317 317 317 317 316 316 316 316 316 316 316 315 315 315 315 315 315 315 315 315 315 315 315 315 315 315 315
319 320 320 321 321 322 325 327 328 330 333 337 342 349 358 4 2 359 350 341 335 331 326 322 320 317 314 312 309 308 309 310 311 310 309 311 315 316 316 315 315 319 325 330 333 337 343 346 346 347 347 346 344 340 335 331 328 327 325 323 322 321 320 320 319 319 318 318 317 317 317 317 316 316 316 316 316 316 316 315 315 315 315 315 315 315 315 315 315 315 315 315 315 315 315
319 320 320 321 321 323 325 327 328 331 335 338 344 353 2 5 1 356 349 340 334 330 326 321 318 316 313 310 309 308 308 309 310 310 310 312 316 317 318 318 318 320 323 326 328 332 338 343 345 348 347 346 345 340 335 331 328 327 325 323 322 321 320 319 319 319 318 318 317 317 317 317 316 316 316 316 316 316 316 315 315 315 315 315 315 315 315 315 315 315 315 315 315 315 315
319 320 320 321 321 323 325 327 329 331 336 340 345 356 4 5 1 354 348 339 334 330 325 320 317 315 312 310 308 307 307 308 310 310 310 313 317 318 319 319 319 319 321 324 325 329 333 337 342 347 348 347 344 340 335 331 329 326 325 323 322 321 320 319 319 318 318 318 317 317 317 317 316 316 316 316 316 316 316 315 315 315 315 315 315 315 315 315 315 315 315 315 315 315 315
319 320 320 321 322 323 326 327 329 332 336 341 347 357 4 4 360 353 347 339 334 330 325 320 316 314 312 310 308 307 307 308 310 310 311 314 316 317 320 321 320 319 321 325 327 331 335 339 343 348 348 347 343 339 335 331 329 326 325 323 322 321 320 319 319 318 318 318 317 317 317 317 316 316 316 316 316 316 315 315 315 315 315 315 315 315 315 315 315 315 315 315 315 315 315
319 320 320 321 322 324 326 327 330 333 337 342 350 359 5 4 359 354 347 340 335 330 326 321 317 315 313 310 308 308 308 309 309 309 310 312 313 315 319 322 321 319 321 324 328 332 337 342 348 351 348 346 342 337 334 331 329 327 325 324 322 321 320 319 319 318 318 318 317 317 317 316 316 316 316 316 316 316 315 315 315 315 315 315 315 315 315 315 315 315 315 315 315 315 315
319 320 320 321 322 324 326 328 330 334 337 342 352 2 7 3 358 354 348 341 336 330 326 321 317 315 313 311 310 309 309 310 309 309 311 311 311 314 320 322 321 319 320 324 327 331 336 343 351 352 348 346 340 336 333 331 329 327 325 323 322 320 320 319 319 318 318 318 317 317 317 316 316 316 316 316 316 316 315 315 315 315 315 315 315 315 315 315 315 315 315 315 315 315 315
319 320 320 321 322 323 325 327 330 333 337 343 352 1 4 359 355 353 347 342 336 330 325 321 318 317 315 313 312 311 310 310 310 311 313 311 311 315 321 323 321 319 320 323 326 330 335 344 353 352 348 344 338 334 332 331 329 327 325 323 321 320 320 319 319 318 318 317 317 317 317 316 316 316 316 316 316 316 315 315 315 315 315 315 315 315 315 315 315 315 315 315 315 315 315
319 320 320 321 322 323 325 327 329 333 336 342 351 359 359 355 353 350 346 342 335 329 324 321 319 318 317 315 314 312 312 312 313 316 317 314 313 318 323 324 322 319 319 322 325 329 335 345 353 351 346 341 336 333 331 330 328 326 324 322 321 320 319 319 318 318 318 317 317 317 317 316 316 316 316 316 316 316 315 315 315 315 315 315 315 315 315 315 315 315 315 315 315 315 315
319 319 320 321 322 323 324 326 329 332 335 340 348 354 354 353 351 345 342 338 331 326 323 320 319 318 317 316 314 314 313 312 315 320 321 318 317 321 325 326 323 320 319 321 323 327 334 345 352 349 344 338 334 331 331 329 326 324 323 322 320 320 319 319 318 318 318 317 317 317 316 316 316 316 316 316 316 316 315 315 315 315 315 315 315 315 315 315 315 315 315 315 315 315 315
319 319 320 321 321 323 324 326 328 330 333 337 341 344 348 351 349 341 337 331 325 322 320 318 316 316 315 314 313 314 313 311 314 321 320 319 321 324 327 328 324 320 320 320 322 326 334 346 351 345 340 336 332 331 330 327 325 323 322 321 320 319 319 318 318 318 317 317 317 317 316 316 316 316 316 316 316 315 315 315 315 315 315 315 315 315 315 315 315 315 315 315 315 315 315
319 319 320 320 321 322 323 325 327 329 331 334 335 335 335 342 344 339 332 325 319 317 315 313 312 312 313 312 311 311 310 308 313 322 319 318 322 323 328 328 322 319 318 319 320 324 333 345 349 341 335 333 331 330 328 325 323 322 321 320 319 319 319 318 318 317 317 317 317 316 316 316 316 316 316 316 316 315 315 315 315 315 315 315 315 315 315 315 315 315 315 315 315 315 315
318 319 319 320 321 322 323 324 325 327 329 331 332 330 326 325 334 335 328 321 317 315 312 309 308 309 310 310 308 307 306 304 311 320 316 316 320 321 326 325 319 316 316 315 316 321 331 344 344 336 332 331 331 328 326 324 322 321 320 319 319 319 318 318 318 317 317 317 317 316 316 316 316 316 316 316 315 315 315 315 315 315 315 315 315 315 315 315 315 315 315 315 315 315 315
318 319 319 320 320 321 322 323 324 326 327 328 329 329 325 323 322 327 325 319 317 315 310 306 305 306 307 307 305 303 300 299 309 315 312 314 317 320 323 320 315 312 312 311 312 316 328 340 337 332 330 330 328 325 323 322 321 320 319 319 318 318 318 318 317 317 317 317 316 316 316 316 316 316 316 316 315 315 315 315 315 315 315 315 315 315 315 315 315 315 315 315 315 315 315
318 318 319 319 320 321 321 322 323 324 325 326 327 327 326 325 327 334 322 318 317 314 309 306 304 304 305 305 302 296 292 294 304 308 309 311 316 320 320 315 310 308 307 306 307 311 323 333 330 327 327 326 324 323 322 321 320 319 319 318 318 318 318 317 317 317 317 317 316 316 316 316 316 316 316 316 315 315 315 315 315 315 315 315 315 315 315 315 315 315 315 315 315 315 315
318 318 319 319 319 320 321 321 322 323 324 324 325 325 325 325 330 332 322 317 316 312 308 306 304 304 303 304 299 290 283 287 293 300 302 306 313 315 312 308 304 301 301 301 302 306 317 324 324 323 323 323 322 321 321 320 319 318 318 318 318 318 317 317 317 317 317 316 316 316 316 316 316 316 316 315 315 315 315 315 315 315 315 315 315 315 315 315 315 315 315 315 315 315 315
318 318 318 319 319 319 320 320 321 322 322 323 323 323 323 324 325 320 316 315 313 308 306 305 304 303 302 302 298 287 276 279 281 285 285 287 293 296 295 296 295 294 295 295 296 300 309 317 320 320 320 321 320 320 319 319 318 318 318 318 317 317 317 317 317 317 316 316 316 316 316 316 316 316 315 315 315 315 315 315 315 315 315 315 315 315 315 315 315 315 315 315 315 315 315
317 318 318 318 319 319 319 320 320 320 321 321 321 321 322 322 320 317 315 315 311 306 303 303 303 301 300 300 294 281 271 273 274 276 274 269 272 279 281 284 286 287 288 289 290 295 303 312 316 317 318 318 318 319 318 318 317 317 317 317 317 317 317 317 316 316 316 316 316 316 316 316 316 316 315 315 315 315 315 315 315 315 315 315 315 315 315 315 315 315 315 315 315 315 315
317 317 318 318 318 318 319 319 319 319 320 320 320 320 320 319 318 317 316 315 314 306 302 302 301 300 298 294 286 275 270 270 271 272 268 264 270 276 278 283 285 284 285 287 289 294 301 310 314 315 316 317 317 318 318 317 317 317 317 317 317 317 317 316 316 316 316 316 316 316 316 316 316 315 315 315 315 315 315 315 315 315 315 315 315 315 315 315 315 315 315 315 315 315 315
317 317 317 317 318 318 318 318 318 319 319 319 319 319 318 318 317 315 314 313 313 311 304 301 299 298 295 288 278 272 273 271 269 268 265 262 271 280 284 287 288 288 290 292 293 296 302 309 312 314 315 316 317 317 317 316 316 316 317 317 316 316 316 316 316 316 316 316 316 316 316 316 315 315 315 315 315 315 315 315 315 315 315 315 315 315 315 315 315 315 315 315 315 315 315
317 317 317 317 317 317 318 318 318 318 318 318 318 317 317 316 315 314 313 312 311 311 310 302 298 295 293 286 276 270 274 272 269 267 263 266 277 284 288 290 292 294 296 297 298 301 305 309 312 313 314 315 316 316 316 316 316 316 316 316 316 316 316 316 316 316 316 316 316 316 316 315 315 315 315 315 315 315 315 315 315 315 315 315 315 315 315 315 315 315 315 315 315 315 315
316 317 317 317 317 317 317 317 317 317 317 317 317 316 316 315 314 313 312 311 310 309 309 306 296 292 291 286 275 269 273 271 267 264 263 274 284 288 291 293 295 298 300 301 302 305 307 310 312 313 314 315 315 316 316 316 316 316 316 316 316 316 316 316 316 316 316 316 316 316 315 315 315 315 315 315 315 315 315 315 315 315 315 315 315 315 315 315 315 315 315 315 315 315 315
316 316 316 317 317 317 317 317 317 317 317 316 316 316 315 315 314 313 311 310 309 307 307 303 294 290 289 285 275 270 270 268 264 264 271 281 289 293 296 298 300 303 305 305 306 307 309 310 312 313 314 314 315 316 316 316 316 316 316 316 316 316 316 316 316 316 316 316 316 315 315 315 315 315 315 315 315 315 315 315 315 315 315 315 315 315 315 315 315 315 315 315 315 315 315
316 316 316 316 316 316 316 316 316 316 316 316 316 315 315 314 313 312 311 310 308 306 304 300 296 293 289 284 278 273 270 268 266 270 280 288 293 297 300 303 305 307 308 308 308 309 310 311 312 313 314 314 315 315 315 315 315 315 316 316 316 316 316 316 316 316 316 315 315 315 315 315 315 315 315 315 315 315 315 315 315 315 315 315 315 315 315 315 315 315 315 315 315 315 315
316 316 316 316 316 316 316 316 316 316 316 315 315 315 314 314 313 312 311 309 308 306 304 300 298 295 291 288 284 279 275 273 274 281 289 295 298 302 304 306 307 308 309 309 309 310 311 312 313 314 314 314 315 315 315 315 315 315 315 315 315 315 315 315 315 315 315 315 315 315 315 315 315 315 315 315 315 315 315 315 315 315 315 315 315 315 315 315 315 315 315 315 315 315 315
316 316 316 316 316 316 316 316 316 316 315 315 315 314 314 313 313 312 311 309 308 306 304 302 299 297 294 292 289 286 284 283 285 290 296 300 302 305 306 307 308 308 309 309 310 311 312 312 313 314 314 314 314 315 315 315 315 315 315 315 315 315 315 315 315 315 315 315 315 315 315 315 315 315 315 315 315 315 315 315 315 315 315 315 315 315 315 315 315 315 315 315 315 315 315
316 316 316 316 316 316 316 316 315 315 315 315 315 314 314 313 312 312 311 310 308 307 305 303 302 300 297 295 294 292 292 292 293 296 299 302 304 305 307 308 308 309 310 310 311 311 312 313 313 314 314 314 314 315 315 315 315 315 315 315 315 315 315 315 315 315 315 315 315 315 315 315 315 315 315 315 315 315 315 315 315 315 315 315 315 315 315 315 315 315 315 315 315 315 315
316 316 316 316 316 315 315 315 315 315 315 315 314 314 313 313 312 312 311 310 309 308 306 305 303 302 300 299 298 297 297 297 298 300 302 304 305 306 307 308 309 310 310 311 311 312 313 313 313 314 314 314 314 314 315 315 315 315 315 315 315 315 315 315 315 315 315 315 315 315 315 315 315 315 315 315 315 315 315 315 315 315 315 315 315 315 315 315 315 315 315 315 315 315 315
315 315 315 315 315 315 315 315 315 315 315 314 314 314 313 313 312 312 311 310 309 308 307 306 305 304 303 302 301 301 301 301 302 303 304 305 306 307 308 309 310 311 311 311 312 312 313 313 313 314 314 314 314 314 315 315 315 315 315 315 315 315 315 315 315 315 315 315 315 315 315 315 315 315 315 315 315 315 315 315 315 315 315 315 315 315 315 315 315 315 315 315 315 315 315
315 315 315 315 315 315 315 315 315 315 315 314 314 314 313 313 312 312 311 311 310 309 308 307 307 306 305 304 304 303 303 304 304 305 306 307 308 308 309 310 311 311 311 311 312 312 313 313 313 314 314 314 314 314 314 315 315 315 315 315 315 315 315 315 315 315 315 315 315 315 315 315 315 315 315 315 315 315 315 315 315 315 315 315 315 315 315 315 315 315 315 315 315 315 315
315 315 315 315 315 315 315 315 315 315 314 314 314 314 313 313 313 312 312 311 310 310 309 308 308 307 307 306 306 306 306 306 306 307 307 308 309 309 310 310 311 311 311 312 312 312 313 313 313 314 314 314 314 314 314 315 315 315 315 315 315 315 315 315 315 315 315 315 315 315 315 315 315 315 315 315 315 315 315 315 315 315 315 315 315 315 315 315 315 315 315 315 315 315 315
315 315 315 315 315 315 315 315 315 315 314 314 314 314 313 313 313 312 312 311 311 310 310 309 309 308 308 308 307 307 307 307 308 308 308 309 309 310 310 311 311 311 312 312 312 313 313 313 314 314 314 314 314 314 314 315 315 315 315 315 315 315 315 315 315 315 315 315 315 315 315 315 315 315 315 315 315 315 315 315 315 315 315 315 315 315 315 315 315 315 315 315 315 315 315
315 315 315 315 315 315 315 315 315 315 314 314 314 314 313 313 313 312 312 312 311 311 310 310 310 309 309 309 309 308 308 309 309 309 309 310 310 310 311 311 311 312 312 312 313 313 313 313 314 314 314 314 314 314 314 315 315 315 315 315 315 315 315 315 315 315 315 315 315 315 315 315 315 315 315 315 315 315 315 315 315 315 315 315 315 315 315 315 315 315 315 315 315 315 315
315 315 315 315 315 315 315 315 315 314 314 314 314 314 314 313 313 313 312 312 312 311 311 311 310 310 310 310 309 309 309 310 310 310 310 310 311 311 311 312 312 312 312 312 313 313 313 313 314 314 314 314 314 314 314 315 315 315 315 315 315 315 315 315 315 315 315 315 315 315 315 315 315 315 315 315 315 315 315 315 315 315 315 315 315 315 315 315 315 315 315 315 315 315 315
315 315 315 315 315 315 315 315 315 314 314 314 314 314 314 313 313 313 313 312 312 312 311 311 311 311 311 310 310 310 310 310 310 311 311 311 311 311 312 312 312 312 313 313 313 313 313 314 314 314 314 314 314 314 315 315 315 315 315 315 315 315 315 315 315 315 315 315 315 315 315 315 315 315 315 315 315 315 315 315 315 315 315 315 315 315 315 315 315 315 315 315 315 315 315
315 315 315 315 315 315 315 315 315 314 314 314 314 314 314 314 313 313 313 313 312 312 312 312 311 311 311 311 311 311 311 311 311 311 311 311 312 312 312 312 312 313 313 313 313 313 314 314 314 314 314 314 314 314 315 315 315 315 315 315 315 315 315 315 315 315 315 315 315 315 315 315 315 315 315 315 315 315 315 315 315 315 315 315 315 315 315 315 315 315 315 315 315 315 315
315 315 315 315 315 315 315 315 315 315 314 314 314 314 314 314 313 313 313 313 313 312 312 312 312 312 312 312 311 311 311 311 312 312 312 312 312 312 312 313 313 313 313 313 313 314 314 314 314 314 314 314 314 315 315 315 315 315 315 315 315 315 315 315 315 315 315 315 315 315 315 315 315 315 315 315 315 315 315 315 315 315 315 315 315 315 315 315 315 315 315 315 315 315 315
