data/AilsaCraig_270_1_25m_ang_100m.asc
ncols	257
nrows	257
xllcorner	3364200.000000
yllcorner	3669375.000000
cellsize	25.000000
NODATA_value	-1.000000
[rows 126 to 167 of 257, columns 94 to 187 of 257]
269 269 269 269 268 268 268 268 267 267 266 266 265 264 263 262 261 260 259 258 258 258 259 260 261 262 264 265 267 268 269 270 270 271 271 272 272 272 273 273 273 274 274 275 276 276 277 278 278 278 278 278 277 276 275 274 273 273 272 272 272 272 271 271 271 271 271 271 271 271 270 270 270 270 270 270 270 270 270 270 270 270 270 270 270 270 270 270 270 270 270 270 270 270
269 269 269 269 269 268 268 268 267 267 266 266 265 264 263 262 261 260 259 259 259 260 260 262 263 264 266 267 268 269 270 270 271 271 271 272 272 272 272 272 272 272 273 273 274 274 275 276 276 276 276 276 275 275 274 273 273 272 272 272 271 271 271 271 271 271 271 271 270 270 270 270 270 270 270 270 270 270 270 270 270 270 270 270 270 270 270 270 270 270 270 270 270 270
269 269 269 269 269 269 268 268 268 267 267 266 266 265 264 263 261 260 260 260 260 261 262 264 265 266 268 269 270 270 271 271 271 271 272 272 272 272 272 272 271 271 271 272 272 273 273 274 274 274 274 274 274 274 273 273 272 272 271 271 271 271 271 271 271 270 270 270 270 270 270 270 270 270 270 270 270 270 270 270 270 270 270 270 270 270 270 270 270 270 270 270 270 270
269 269 269 269 269 269 269 268 268 268 267 267 266 265 264 263 262 261 261 261 262 263 264 266 267 269 270 271 271 271 272 272 272 272 272 272 272 271 271 271 271 270 270 270 270 271 271 272 272 272 272 272 272 272 272 272 271 271 271 271 271 271 270 270 270 270 270 270 270 270 270 270 270 270 270 270 270 270 270 270 270 270 270 270 270 270 270 270 270 270 270 270 270 270
270 270 269 269 269 269 269 269 268 268 267 267 266 265 264 263 262 261 261 262 263 265 266 268 269 271 272 272 272 272 272 272 272 272 272 271 271 271 271 270 270 270 269 269 269 269 269 270 270 270 270 270 271 271 271 271 271 270 270 270 270 270 270 270 270 270 270 270 270 270 270 270 270 270 270 270 270 270 270 270 270 270 270 270 270 270 270 270 270 270 270 270 270 270
270 270 270 269 269 269 269 269 269 268 268 267 267 266 265 264 263 262 262 263 265 267 268 270 272 273 273 274 273 273 273 272 272 272 271 271 271 270 270 270 269 269 269 268 268 268 268 268 268 268 268 269 269 269 269 270 270 270 270 270 270 270 270 270 270 270 270 270 270 270 270 270 270 270 270 270 270 270 270 270 270 270 270 270 270 270 270 270 270 270 270 270 270 270
270 270 270 270 270 269 269 269 269 269 268 268 267 266 266 264 263 263 263 265 266 268 270 272 273 274 275 275 274 274 273 273 272 272 271 271 270 270 269 269 269 268 268 267 267 266 266 266 266 266 267 267 267 268 268 269 269 269 269 269 269 269 270 270 270 270 270 270 270 270 270 270 270 270 270 270 270 270 270 270 270 270 270 270 270 270 270 270 270 270 270 270 270 270
270 270 270 270 270 270 270 270 269 269 269 268 268 267 266 265 264 264 265 266 268 270 272 273 275 275 276 276 275 275 274 273 273 272 271 271 270 269 269 268 268 268 267 266 266 265 264 264 264 264 265 265 266 267 267 268 268 268 269 269 269 269 269 269 269 269 270 270 270 270 270 270 270 270 270 270 270 270 270 270 270 270 270 270 270 270 270 270 270 270 270 270 270 270
270 270 270 270 270 270 270 270 270 270 269 269 269 268 267 266 265 265 266 268 269 271 273 274 276 276 276 276 276 275 274 274 273 272 271 271 270 269 268 268 267 267 266 265 264 264 263 262 262 263 263 264 265 265 266 267 267 268 268 268 269 269 269 269 269 269 269 269 269 270 270 270 270 270 270 270 270 270 270 270 270 270 270 270 270 270 270 270 270 270 270 270 270 270
270 270 270 270 270 270 270 270 270 270 270 270 270 269 268 267 267 267 268 269 271 273 274 275 276 276 277 276 276 275 275 274 273 272 271 270 270 269 268 267 267 266 265 264 263 263 262 261 261 261 262 262 263 264 265 266 267 267 268 268 268 268 269 269 269 269 269 269 269 269 269 270 270 270 270 270 270 270 270 270 270 270 270 270 270 270 270 270 270 270 270 270 270 270
271 271 271 271 271 271 271 271 271 271 271 271 271 270 270 269 269 269 270 271 273 274 275 276 276 276 276 276 276 276 275 274 273 272 271 270 269 269 268 267 266 265 264 263 262 262 261 260 260 260 260 261 262 263 264 265 266 267 267 268 268 268 268 269 269 269 269 269 269 269 269 269 270 270 270 270 270 270 270 270 270 270 270 270 270 270 270 270 270 270 270 270 270 270
271 271 271 271 271 271 271 271 271 272 272 272 272 272 271 271 271 272 273 274 275 275 276 276 276 276 276 276 276 275 275 274 273 272 271 270 269 268 267 266 265 264 263 262 262 261 260 259 259 258 259 260 261 263 264 265 265 266 267 267 268 268 268 268 269 269 269 269 269 269 269 269 269 270 270 270 270 270 270 270 270 270 270 270 270 270 270 270 270 270 270 270 270 270
271 271 271 271 271 271 272 272 272 272 273 273 273 273 274 274 274 275 275 276 276 276 276 276 276 276 276 276 276 275 275 274 273 272 271 270 269 268 267 266 264 263 263 262 261 260 259 258 258 257 258 259 261 262 263 264 265 266 266 267 267 268 268 268 268 269 269 269 269 269 269 269 269 269 269 270 270 270 270 270 270 270 270 270 270 270 270 270 270 270 270 270 270 270
271 271 271 271 272 272 272 272 273 273 273 274 275 275 276 277 277 277 277 277 277 277 277 277 276 276 276 276 275 275 274 274 273 272 271 270 269 268 266 265 264 263 262 261 260 259 258 258 257 257 257 259 260 262 263 264 265 265 266 266 267 267 268 268 268 268 269 269 269 269 269 269 269 269 269 270 270 270 270 270 270 270 270 270 270 270 270 270 270 270 270 270 270 270
271 271 271 272 272 272 272 273 273 274 274 275 276 277 279 279 280 280 280 279 278 278 277 277 276 276 276 275 275 274 274 273 273 272 271 270 268 267 265 264 263 262 261 260 259 258 258 257 256 256 257 259 260 261 262 263 264 265 266 266 267 267 268 268 268 268 269 269 269 269 269 269 269 269 269 269 270 270 270 270 270 270 270 270 270 270 270 270 270 270 270 270 270 270
271 271 272 272 272 272 273 273 274 274 275 276 277 279 281 282 282 282 281 281 279 278 278 277 277 276 276 275 274 274 273 273 272 271 270 269 268 266 265 263 262 261 260 260 259 258 257 256 256 256 257 258 260 261 262 263 264 265 265 266 267 267 267 268 268 268 268 269 269 269 269 269 269 269 269 269 269 270 270 270 270 270 270 270 270 270 270 270 270 270 270 270 270 270
271 272 272 272 272 273 273 273 274 275 276 277 278 280 283 285 284 284 283 282 280 279 278 277 277 276 275 275 274 273 273 272 271 270 269 268 267 265 264 262 261 261 260 259 258 258 257 256 255 256 257 258 260 261 262 263 264 265 265 266 266 267 267 268 268 268 268 269 269 269 269 269 269 269 269 269 269 270 270 270 270 270 270 270 270 270 270 270 270 270 270 270 270 270
271 272 272 272 272 273 273 274 274 275 276 277 279 281 283 286 288 286 284 283 281 280 279 278 277 276 275 275 274 273 272 272 271 269 268 267 265 264 262 261 260 260 259 259 258 257 257 256 255 256 257 259 260 261 262 263 264 265 265 266 266 267 267 268 268 268 268 269 269 269 269 269 269 269 269 269 269 269 270 270 270 270 270 270 270 270 270 270 270 270 270 270 270 270
272 272 272 272 273 273 273 274 275 275 276 278 279 281 283 286 290 291 286 284 282 281 279 278 277 276 275 274 274 273 272 271 270 268 266 265 264 263 262 261 260 260 259 259 258 257 257 256 256 257 258 259 260 261 262 263 264 265 265 266 266 267 267 268 268 268 268 268 269 269 269 269 269 269 269 269 269 269 270 270 270 270 270 270 270 270 270 270 270 270 270 270 270 270
272 272 272 272 273 273 274 274 275 276 277 278 279 281 283 286 289 291 291 285 282 281 280 278 277 276 275 274 273 272 271 270 268 266 264 263 262 262 261 261 260 260 259 259 258 258 257 257 256 257 258 259 260 261 262 263 264 265 265 266 266 267 267 268 268 268 268 268 269 269 269 269 269 269 269 269 269 269 269 270 270 270 270 270 270 270 270 270 270 270 270 270 270 270
272 272 272 272 273 273 274 274 275 276 277 278 279 281 283 285 287 290 292 286 283 281 280 278 277 276 275 274 273 272 271 269 266 264 262 262 261 261 261 261 261 260 260 259 259 258 258 257 257 258 259 260 261 262 263 264 264 265 266 266 267 267 267 268 268 268 268 268 269 269 269 269 269 269 269 269 269 269 269 270 270 270 270 270 270 270 270 270 270 270 270 270 270 270
272 272 272 272 273 273 274 274 275 276 276 278 279 280 282 284 286 289 290 290 285 282 280 279 277 276 275 274 273 271 270 268 265 262 261 260 260 260 261 261 261 261 260 260 259 259 258 258 258 259 260 261 262 262 263 264 265 265 266 266 267 267 267 268 268 268 268 268 269 269 269 269 269 269 269 269 269 269 269 270 270 270 270 270 270 270 270 270 270 270 270 270 270 270
272 272 272 273 273 273 274 274 275 275 276 277 278 280 281 283 285 287 289 290 289 283 281 279 277 276 275 273 272 271 269 266 263 261 260 259 260 260 261 261 262 261 261 260 260 260 259 259 259 260 261 261 262 263 264 264 265 265 266 266 267 267 267 268 268 268 268 268 269 269 269 269 269 269 269 269 269 269 269 270 270 270 270 270 270 270 270 270 270 270 270 270 270 270
272 272 272 272 273 273 274 274 275 275 276 277 278 279 280 282 283 285 286 288 288 287 282 279 278 276 275 273 272 270 268 265 262 260 259 259 259 260 261 262 262 262 262 261 261 261 260 260 260 261 262 262 263 264 264 265 265 266 266 266 267 267 267 268 268 268 268 268 269 269 269 269 269 269 269 269 269 269 269 270 270 270 270 270 270 270 270 270 270 270 270 270 270 270
272 272 272 272 273 273 274 274 275 275 276 277 277 278 279 281 282 283 284 285 286 286 285 280 278 276 275 273 271 269 266 264 262 260 259 259 259 260 261 262 262 263 262 262 262 262 261 261 262 262 262 263 264 264 265 265 265 266 266 267 267 267 268 268 268 268 268 268 269 269 269 269 269 269 269 269 269 269 269 270 270 270 270 270 270 270 270 270 270 270 270 270 270 270
272 272 272 272 273 273 273 274 274 275 275 276 277 278 279 280 281 282 283 283 284 284 284 283 279 277 275 273 271 268 266 263 262 260 259 259 259 260 261 262 263 263 263 263 263 263 262 262 263 263 263 264 264 265 265 265 266 266 266 267 267 267 268 268 268 268 268 269 269 269 269 269 269 269 269 269 269 269 269 270 270 270 270 270 270 270 270 270 270 270 270 270 270 270
272 272 272 272 273 273 273 274 274 275 275 276 276 277 278 279 279 280 281 282 282 282 282 282 280 277 275 273 270 268 265 264 262 261 260 259 260 261 262 262 263 263 263 264 263 263 263 263 263 264 264 264 265 265 265 266 266 266 267 267 267 267 268 268 268 268 268 269 269 269 269 269 269 269 269 269 269 269 269 270 270 270 270 270 270 270 270 270 270 270 270 270 270 270
272 272 272 272 273 273 273 273 274 274 275 275 276 276 277 278 278 279 280 280 280 281 281 280 279 278 275 273 270 268 266 264 262 261 260 260 261 262 262 263 263 264 264 264 264 264 264 264 264 264 265 265 265 265 266 266 266 267 267 267 267 268 268 268 268 268 268 269 269 269 269 269 269 269 269 269 269 269 269 270 270 270 270 270 270 270 270 270 270 270 270 270 270 270
272 272 272 272 272 273 273 273 274 274 274 275 275 276 276 277 277 278 278 279 279 279 279 279 278 277 275 273 271 268 266 264 263 262 261 262 262 263 263 264 264 264 264 265 265 265 265 265 265 265 265 265 266 266 266 266 267 267 267 267 268 268 268 268 268 268 268 269 269 269 269 269 269 269 269 269 269 269 269 270 270 270 270 270 270 270 270 270 270 270 270 270 270 270
272 272 272 272 272 273 273 273 273 274 274 274 275 275 276 276 277 277 277 278 278 278 278 277 276 276 274 273 271 269 267 265 264 263 263 263 263 263 264 264 264 265 265 265 265 265 265 265 265 265 266 266 266 266 266 267 267 267 267 267 268 268 268 268 268 268 269 269 269 269 269 269 269 269 269 269 269 269 269 270 270 270 270 270 270 270 270 270 270 270 270 270 270 270
272 272 272 272 272 272 273 273 273 273 274 274 274 275 275 275 276 276 276 276 277 277 276 276 275 275 273 272 271 269 268 266 265 265 264 264 264 264 265 265 265 265 265 265 265 266 266 266 266 266 266 266 266 266 267 267 267 267 267 268 268 268 268 268 268 268 269 269 269 269 269 269 269 269 269 269 269 269 270 270 270 270 270 270 270 270 270 270 270 270 270 270 270 270
271 272 272 272 272 272 273 273 273 273 273 274 274 274 275 275 275 275 276 276 276 276 275 275 274 274 273 272 271 269 268 267 266 266 265 265 265 265 265 265 265 266 266 266 266 266 266 266 266 266 266 266 267 267 267 267 267 267 268 268 268 268 268 268 268 269 269 269 269 269 269 269 269 269 269 269 269 269 270 270 270 270 270 270 270 270 270 270 270 270 270 270 270 270
271 272 272 272 272 272 272 273 273 273 273 273 274 274 274 274 275 275 275 275 275 275 274 274 274 273 272 272 271 270 269 268 267 266 266 266 266 266 266 266 266 266 266 266 266 266 266 266 267 267 267 267 267 267 267 267 267 268 268 268 268 268 268 268 269 269 269 269 269 269 269 269 269 269 269 269 269 269 270 270 270 270 270 270 270 270 270 270 270 270 270 270 270 270
271 271 272 272 272 272 272 272 273 273 273 273 273 273 274 274 274 274 274 274 274 274 274 273 273 273 272 271 270 270 269 268 268 267 267 266 266 266 266 266 266 266 266 266 267 267 267 267 267 267 267 267 267 267 267 268 268 268 268 268 268 268 268 268 269 269 269 269 269 269 269 269 269 269 269 269 269 269 270 270 270 270 270 270 270 270 270 270 270 270 270 270 270 270
271 271 272 272 272 272 272 272 272 272 273 273 273 273 273 273 273 274 274 274 274 273 273 273 273 272 272 271 270 270 269 269 268 268 267 267 267 267 267 267 267 267 267 267 267 267 267 267 267 267 267 267 267 268 268 268 268 268 268 268 268 268 268 269 269 269 269 269 269 269 269 269 269 269 269 269 269 270 270 270 270 270 270 270 270 270 270 270 270 270 270 270 270 270
271 271 271 272 272 272 272 272 272 272 272 273 273 273 273 273 273 273 273 273 273 273 273 272 272 272 271 271 270 270 269 269 268 268 268 267 267 267 267 267 267 267 267 267 267 267 267 267 267 267 267 268 268 268 268 268 268 268 268 268 268 268 269 269 269 269 269 269 269 269 269 269 269 269 269 269 269 270 270 270 270 270 270 270 270 270 270 270 270 270 270 270 270 270
271 271 271 271 272 272 272 272 272 272 272 272 272 273 273 273 273 273 273 273 273 272 272 272 272 271 271 271 270 270 269 269 269 268 268 268 268 268 267 267 267 267 267 267 267 267 268 268 268 268 268 268 268 268 268 268 268 268 268 268 268 269 269 269 269 269 269 269 269 269 269 269 269 269 269 269 270 270 270 270 270 270 270 270 270 270 270 270 270 270 270 270 270 270
271 271 271 271 271 272 272 272 272 272 272 272 272 272 272 272 272 272 272 272 272 272 272 272 272 271 271 271 270 270 270 269 269 269 268 268 268 268 268 268 268 268 268 268 268 268 268 268 268 268 268 268 268 268 268 268 268 268 268 268 269 269 269 269 269 269 269 269 269 269 269 269 269 269 269 269 270 270 270 270 270 270 270 270 270 270 270 270 270 270 270 270 270 270
271 271 271 271 271 271 271 272 272 272 272 272 272 272 272 272 272 272 272 272 272 272 272 272 271 271 271 270 270 270 270 269 269 269 269 268 268 268 268 268 268 268 268 268 268 268 268 268 268 268 268 268 268 268 268 268 268 268 269 269 269 269 269 269 269 269 269 269 269 269 269 269 269 269 269 270 270 270 270 270 270 270 270 270 270 270 270 270 270 270 270 270 270 270
271 271 271 271 271 271 271 271 272 272 272 272 272 272 272 272 272 272 272 272 272 272 271 271 271 271 271 270 270 270 270 269 269 269 269 269 268 268 268 268 268 268 268 268 268 268 268 268 268 268 268 268 268 268 268 268 268 269 269 269 269 269 269 269 269 269 269 269 269 269 269 269 269 269 269 270 270 270 270 270 270 270 270 270 270 270 270 270 270 270 270 270 270 270
271 271 271 271 271 271 271 271 271 271 272 272 272 272 272 272 272 272 272 272 271 271 271 271 271 271 271 270 270 270 270 270 269 269 269 269 269 269 268 268 268 268 268 268 268 268 268 268 268 268 268 268 268 268 269 269 269 269 269 269 269 269 269 269 269 269 269 269 269 269 269 269 269 269 270 270 270 270 270 270 270 270 270 270 270 270 270 270 270 270 270 270 270 270
271 271 271 271 271 271 271 271 271 271 271 271 271 271 271 271 271 271 271 271 271 271 271 271 271 271 270 270 270 270 270 270 269 269 269 269 269 269 269 269 269 269 268 268 268 268 268 268 268 268 268 269 269 269 269 269 269 269 269 269 269 269 269 269 269 269 269 269 269 269 269 269 269 270 270 270 270 270 270 270 270 270 270 270 270 270 270 270 270 270 270 270 270 270
