data/AilsaCraig_270_1_25m_vel_10m.asc
ncols	257
nrows	257
xllcorner	3364200.000000
yllcorner	3669375.000000
cellsize	25.000000
NODATA_value	-1.000000
[rows 76 to 113 of 257, columns 84 to 167 of 257]
2.07 2.07 2.07 2.07 2.07 2.07 2.07 2.07 2.07 2.07 2.07 2.07 2.07 2.07 2.07 2.07 2.07 2.07 2.07 2.07 2.07 2.07 2.07 2.07 2.07 2.07 2.07 2.07 2.07 2.07 2.07 2.07 2.07 2.07 2.07 2.08 2.08 2.08 2.08 2.08 2.08 2.08 2.08 2.08 2.08 2.08 2.08 2.08 2.08 2.08 2.08 2.08 2.07 2.07 2.07 2.07 2.07 2.07 2.07 2.07 2.07 2.07 2.07 2.07 2.07 2.07 2.07 2.07 2.07 2.07 2.07 2.07 2.07 2.07 2.07 2.07 2.07 2.07 2.07 2.07 2.07 2.07 2.07 2.07
2.07 2.07 2.07 2.07 2.07 2.07 2.07 2.07 2.07 2.07 2.07 2.07 2.07 2.07 2.07 2.07 2.07 2.07 2.07 2.07 2.07 2.07 2.07 2.07 2.07 2.07 2.07 2.07 2.07 2.07 2.07 2.07 2.07 2.07 2.08 2.08 2.08 2.08 2.08 2.08 2.08 2.08 2.08 2.08 2.08 2.08 2.08 2.08 2.08 2.08 2.08 2.08 2.08 2.07 2.07 2.07 2.07 2.07 2.07 2.07 2.07 2.07 2.07 2.07 2.07 2.07 2.07 2.07 2.07 2.07 2.07 2.07 2.07 2.07 2.07 2.07 2.07 2.07 2.07 2.07 2.07 2.07 2.07 2.07
2.07 2.07 2.07 2.07 2.07 2.07 2.07 2.07 2.07 2.07 2.07 2.07 2.07 2.07 2.07 2.07 2.07 2.07 2.07 2.07 2.07 2.07 2.07 2.07 2.07 2.07 2.07 2.07 2.07 2.07 2.07 2.07 2.07 2.08 2.08 2.08 2.08 2.08 2.08 2.08 2.08 2.08 2.08 2.08 2.08 2.08 2.08 2.08 2.08 2.08 2.08 2.08 2.08 2.08 2.08 2.08 2.07 2.07 2.07 2.07 2.07 2.07 2.07 2.07 2.07 2.07 2.07 2.07 2.07 2.07 2.07 2.07 2.07 2.07 2.07 2.07 2.07 2.07 2.07 2.07 2.07 2.07 2.07 2.07
2.07 2.07 2.07 2.07 2.07 2.07 2.07 2.07 2.07 2.07 2.07 2.07 2.07 2.07 2.07 2.07 2.07 2.07 2.07 2.07 2.07 2.07 2.07 2.07 2.07 2.07 2.07 2.07 2.07 2.07 2.07 2.07 2.07 2.08 2.08 2.08 2.08 2.08 2.08 2.08 2.08 2.08 2.08 2.08 2.08 2.08 2.08 2.08 2.08 2.08 2.08 2.08 2.08 2.08 2.08 2.08 2.07 2.07 2.07 2.07 2.07 2.07 2.07 2.07 2.07 2.07 2.07 2.07 2.07 2.07 2.07 2.07 2.07 2.07 2.07 2.07 2.07 2.07 2.07 2.07 2.07 2.07 2.07 2.07
2.07 2.07 2.07 2.07 2.07 2.07 2.07 2.07 2.07 2.07 2.07 2.07 2.07 2.07 2.07 2.07 2.07 2.07 2.07 2.07 2.07 2.07 2.07 2.07 2.07 2.07 2.07 2.07 2.07 2.07 2.07 2.07 2.07 2.08 2.08 2.08 2.08 2.08 2.08 2.08 2.08 2.08 2.08 2.08 2.08 2.08 2.08 2.08 2.08 2.08 2.08 2.08 2.08 2.08 2.08 2.08 2.08 2.07 2.07 2.07 2.07 2.07 2.07 2.07 2.07 2.07 2.07 2.07 2.07 2.07 2.07 2.07 2.07 2.07 2.07 2.07 2.07 2.07 2.07 2.07 2.07 2.07 2.07 2.07
2.07 2.07 2.07 2.07 2.07 2.07 2.07 2.07 2.07 2.07 2.07 2.07 2.07 2.07 2.07 2.07 2.07 2.07 2.07 2.07 2.07 2.07 2.07 2.07 2.07 2.07 2.07 2.07 2.07 2.07 2.07 2.07 2.08 2.08 2.08 2.08 2.08 2.08 2.08 2.08 2.08 2.08 2.08 2.08 2.08 2.08 2.08 2.08 2.08 2.08 2.08 2.08 2.08 2.08 2.08 2.08 2.08 2.07 2.07 2.07 2.07 2.07 2.07 2.07 2.07 2.07 2.07 2.07 2.07 2.07 2.07 2.07 2.07 2.07 2.07 2.07 2.07 2.07 2.07 2.07 2.07 2.07 2.07 2.07
2.07 2.07 2.07 2.07 2.07 2.07 2.07 2.07 2.07 2.07 2.07 2.07 2.07 2.07 2.07 2.07 2.07 2.07 2.07 2.07 2.07 2.07 2.07 2.07 2.07 2.07 2.07 2.07 2.07 2.07 2.07 2.08 2.08 2.08 2.08 2.08 2.08 2.08 2.08 2.08 2.08 2.08 2.08 2.08 2.08 2.08 2.08 2.08 2.08 2.08 2.08 2.08 2.08 2.08 2.08 2.08 2.08 2.07 2.07 2.07 2.07 2.07 2.07 2.07 2.07 2.07 2.07 2.07 2.07 2.07 2.07 2.07 2.07 2.07 2.07 2.07 2.07 2.07 2.07 2.07 2.07 2.07 2.07 2.07
2.07 2.07 2.07 2.07 2.07 2.07 2.07 2.07 2.07 2.07 2.07 2.07 2.07 2.07 2.07 2.07 2.07 2.07 2.07 2.07 2.07 2.07 2.07 2.07 2.07 2.07 2.07 2.07 2.07 2.07 2.07 2.07 2.08 2.08 2.08 2.08 2.08 2.08 2.08 2.08 2.08 2.08 2.08 2.08 2.08 2.08 2.08 2.08 2.08 2.08 2.08 2.08 2.08 2.08 2.08 2.08 2.08 2.07 2.07 2.07 2.07 2.07 2.07 2.07 2.07 2.07 2.07 2.07 2.07 2.07 2.07 2.07 2.07 2.07 2.07 2.07 2.07 2.07 2.07 2.07 2.07 2.07 2.07 2.07
2.07 2.07 2.07 2.07 2.07 2.07 2.07 2.07 2.07 2.07 2.07 2.07 2.07 2.07 2.07 2.07 2.07 2.07 2.07 2.07 2.07 2.07 2.07 2.07 2.07 2.07 2.07 2.07 2.07 2.07 2.07 2.08 2.08 2.08 2.08 2.08 2.08 2.08 2.08 2.08 2.08 2.08 2.08 2.08 2.08 2.08 2.08 2.08 2.08 2.08 2.08 2.08 2.08 2.08 2.08 2.08 2.08 2.08 2.07 2.07 2.07 2.07 2.07 2.07 2.07 2.07 2.07 2.07 2.07 2.07 2.07 2.07 2.07 2.07 2.07 2.07 2.07 2.07 2.07 2.07 2.07 2.07 2.07 2.07
2.07 2.07 2.07 2.07 2.07 2.07 2.07 2.07 2.07 2.07 2.07 2.07 2.07 2.07 2.07 2.07 2.07 2.07 2.07 2.07 2.07 2.07 2.07 2.07 2.07 2.07 2.07 2.07 2.07 2.07 2.07 2.08 2.08 2.08 2.08 2.08 2.08 2.08 2.08 2.08 2.08 2.08 2.08 2.08 2.08 2.08 2.08 2.08 2.08 2.08 2.08 2.08 2.08 2.08 2.08 2.08 2.08 2.07 2.07 2.07 2.07 2.07 2.07 2.07 2.07 2.07 2.07 2.07 2.07 2.07 2.07 2.07 2.07 2.07 2.07 2.07 2.07 2.07 2.07 2.07 2.07 2.07 2.07 2.07
2.07 2.07 2.07 2.07 2.07 2.07 2.07 2.07 2.07 2.07 2.07 2.07 2.07 2.07 2.07 2.07 2.07 2.07 2.07 2.07 2.07 2.07 2.07 2.07 2.07 2.07 2.07 2.07 2.07 2.07 2.07 2.07 2.08 2.08 2.08 2.08 2.08 2.08 2.08 2.08 2.08 2.08 2.08 2.08 2.08 2.08 2.08 2.08 2.08 2.08 2.08 2.08 2.08 2.08 2.08 2.08 2.08 2.08 2.07 2.07 2.07 2.07 2.07 2.07 2.07 2.07 2.07 2.07 2.07 2.07 2.07 2.07 2.07 2.07 2.07 2.07 2.07 2.07 2.07 2.07 2.07 2.07 2.07 2.07
2.07 2.07 2.07 2.07 2.07 2.07 2.07 2.07 2.07 2.07 2.07 2.07 2.07 2.07 2.07 2.07 2.07 2.07 2.07 2.07 2.07 2.07 2.07 2.07 2.07 2.07 2.07 2.07 2.07 2.07 2.07 2.08 2.08 2.08 2.08 2.08 2.08 2.08 2.08 2.09 2.09 2.09 2.09 2.09 2.09 2.09 2.09 2.09 2.09 2.08 2.08 2.08 2.08 2.08 2.08 2.08 2.08 2.08 2.07 2.07 2.07 2.07 2.07 2.07 2.07 2.07 2.07 2.07 2.07 2.07 2.07 2.07 2.07 2.07 2.07 2.07 2.07 2.07 2.07 2.07 2.07 2.07 2.07 2.07
2.07 2.07 2.07 2.07 2.07 2.07 2.07 2.07 2.07 2.07 2.07 2.07 2.07 2.07 2.07 2.07 2.07 2.07 2.07 2.07 2.07 2.07 2.07 2.07 2.07 2.07 2.07 2.07 2.07 2.07 2.07 2.08 2.08 2.08 2.08 2.08 2.08 2.08 2.09 2.09 2.09 2.09 2.09 2.09 2.09 2.09 2.09 2.09 2.09 2.09 2.08 2.08 2.08 2.08 2.08 2.08 2.08 2.08 2.07 2.07 2.07 2.07 2.07 2.07 2.07 2.07 2.07 2.07 2.07 2.07 2.07 2.07 2.07 2.07 2.07 2.07 2.07 2.07 2.07 2.07 2.07 2.07 2.07 2.07
2.07 2.07 2.07 2.07 2.07 2.07 2.07 2.07 2.07 2.07 2.07 2.07 2.07 2.07 2.07 2.07 2.07 2.07 2.07 2.07 2.07 2.07 2.07 2.07 2.07 2.07 2.07 2.07 2.07 2.07 2.07 2.07 2.08 2.08 2.08 2.08 2.08 2.09 2.09 2.09 2.09 2.09 2.09 2.09 2.09 2.09 2.09 2.09 2.09 2.09 2.09 2.09 2.08 2.08 2.08 2.08 2.08 2.08 2.07 2.07 2.07 2.07 2.07 2.07 2.07 2.07 2.07 2.07 2.07 2.07 2.07 2.07 2.07 2.07 2.07 2.07 2.07 2.07 2.07 2.07 2.07 2.07 2.07 2.07
2.07 2.07 2.07 2.07 2.07 2.07 2.07 2.07 2.07 2.07 2.07 2.07 2.07 2.07 2.07 2.07 2.07 2.07 2.07 2.07 2.07 2.07 2.07 2.07 2.07 2.07 2.07 2.07 2.07 2.07 2.07 2.08 2.08 2.08 2.08 2.08 2.09 2.09 2.09 2.09 2.09 2.09 2.09 2.10 2.10 2.09 2.09 2.09 2.09 2.09 2.09 2.09 2.09 2.08 2.08 2.08 2.08 2.08 2.07 2.07 2.07 2.07 2.07 2.07 2.07 2.07 2.07 2.07 2.07 2.07 2.07 2.07 2.07 2.07 2.07 2.07 2.07 2.07 2.07 2.07 2.07 2.07 2.07 2.07
2.07 2.07 2.07 2.07 2.07 2.07 2.07 2.07 2.07 2.07 2.07 2.07 2.07 2.07 2.07 2.07 2.07 2.07 2.06 2.06 2.06 2.06 2.06 2.06 2.06 2.07 2.07 2.07 2.07 2.07 2.07 2.07 2.08 2.08 2.08 2.09 2.09 2.09 2.09 2.10 2.10 2.10 2.10 2.10 2.10 2.10 2.10 2.10 2.10 2.09 2.09 2.09 2.09 2.08 2.08 2.08 2.08 2.08 2.07 2.07 2.07 2.07 2.07 2.07 2.07 2.07 2.07 2.07 2.07 2.06 2.07 2.07 2.07 2.07 2.07 2.07 2.07 2.07 2.07 2.07 2.07 2.07 2.07 2.07
2.07 2.07 2.07 2.07 2.07 2.07 2.07 2.07 2.07 2.07 2.07 2.07 2.07 2.07 2.07 2.06 2.06 2.06 2.06 2.06 2.06 2.06 2.06 2.06 2.06 2.06 2.07 2.07 2.07 2.07 2.07 2.07 2.08 2.08 2.08 2.09 2.09 2.09 2.10 2.10 2.10 2.10 2.10 2.11 2.10 2.10 2.10 2.10 2.10 2.10 2.10 2.09 2.09 2.09 2.08 2.08 2.08 2.07 2.07 2.07 2.07 2.07 2.07 2.06 2.06 2.06 2.06 2.06 2.06 2.06 2.06 2.06 2.06 2.06 2.07 2.07 2.07 2.07 2.07 2.07 2.07 2.07 2.07 2.07
2.07 2.07 2.07 2.07 2.07 2.07 2.07 2.07 2.07 2.07 2.07 2.07 2.07 2.06 2.06 2.06 2.06 2.06 2.06 2.06 2.06 2.06 2.06 2.06 2.06 2.06 2.06 2.06 2.07 2.07 2.07 2.08 2.08 2.08 2.09 2.09 2.09 2.10 2.10 2.10 2.11 2.11 2.11 2.11 2.11 2.11 2.11 2.11 2.10 2.10 2.10 2.10 2.09 2.09 2.08 2.08 2.08 2.07 2.07 2.07 2.07 2.06 2.06 2.06 2.06 2.06 2.06 2.06 2.06 2.06 2.06 2.06 2.06 2.06 2.06 2.06 2.07 2.07 2.07 2.07 2.07 2.07 2.07 2.07
2.07 2.07 2.07 2.07 2.07 2.07 2.07 2.07 2.07 2.07 2.07 2.06 2.06 2.06 2.06 2.06 2.06 2.06 2.06 2.06 2.06 2.06 2.06 2.06 2.06 2.06 2.06 2.06 2.06 2.07 2.07 2.07 2.08 2.08 2.09 2.09 2.10 2.10 2.11 2.11 2.11 2.12 2.12 2.12 2.12 2.12 2.12 2.11 2.11 2.11 2.10 2.10 2.09 2.09 2.09 2.08 2.08 2.07 2.07 2.07 2.07 2.06 2.06 2.06 2.06 2.06 2.06 2.06 2.06 2.06 2.06 2.06 2.06 2.06 2.06 2.06 2.06 2.07 2.07 2.07 2.07 2.07 2.07 2.07
2.07 2.07 2.07 2.07 2.07 2.07 2.07 2.07 2.07 2.07 2.06 2.06 2.06 2.06 2.06 2.06 2.06 2.06 2.06 2.06 2.05 2.05 2.05 2.05 2.05 2.06 2.06 2.06 2.06 2.07 2.07 2.07 2.08 2.08 2.09 2.09 2.10 2.11 2.11 2.11 2.12 2.12 2.13 2.13 2.13 2.13 2.12 2.12 2.12 2.11 2.11 2.10 2.10 2.09 2.09 2.08 2.08 2.07 2.07 2.07 2.06 2.06 2.06 2.06 2.06 2.06 2.06 2.06 2.06 2.06 2.06 2.06 2.06 2.06 2.06 2.06 2.06 2.06 2.06 2.06 2.07 2.07 2.07 2.07
2.07 2.07 2.07 2.07 2.07 2.07 2.07 2.07 2.07 2.06 2.06 2.06 2.06 2.06 2.06 2.06 2.06 2.05 2.05 2.05 2.05 2.05 2.05 2.05 2.05 2.05 2.05 2.06 2.06 2.06 2.07 2.07 2.08 2.09 2.09 2.10 2.10 2.11 2.12 2.12 2.13 2.13 2.14 2.14 2.14 2.14 2.14 2.13 2.13 2.12 2.11 2.11 2.10 2.09 2.09 2.08 2.08 2.07 2.07 2.07 2.06 2.06 2.06 2.05 2.05 2.05 2.05 2.05 2.05 2.05 2.05 2.06 2.06 2.06 2.06 2.06 2.06 2.06 2.06 2.06 2.06 2.07 2.07 2.07
2.07 2.07 2.07 2.07 2.07 2.07 2.07 2.06 2.06 2.06 2.06 2.06 2.06 2.06 2.06 2.05 2.05 2.05 2.05 2.05 2.05 2.05 2.05 2.05 2.05 2.05 2.05 2.05 2.06 2.06 2.07 2.07 2.08 2.08 2.09 2.10 2.11 2.12 2.13 2.13 2.14 2.15 2.15 2.15 2.15 2.15 2.15 2.14 2.14 2.13 2.12 2.11 2.11 2.10 2.09 2.08 2.08 2.07 2.07 2.06 2.06 2.06 2.05 2.05 2.05 2.05 2.05 2.05 2.05 2.05 2.05 2.05 2.05 2.05 2.06 2.06 2.06 2.06 2.06 2.06 2.06 2.06 2.07 2.07
2.07 2.07 2.07 2.07 2.07 2.07 2.07 2.06 2.06 2.06 2.06 2.06 2.06 2.06 2.05 2.05 2.05 2.05 2.05 2.04 2.04 2.04 2.04 2.04 2.04 2.04 2.05 2.05 2.05 2.06 2.06 2.07 2.08 2.08 2.09 2.10 2.11 2.12 2.13 2.14 2.15 2.16 2.17 2.17 2.17 2.17 2.16 2.16 2.15 2.14 2.13 2.12 2.11 2.10 2.09 2.08 2.08 2.07 2.07 2.06 2.06 2.05 2.05 2.05 2.05 2.05 2.05 2.05 2.05 2.05 2.05 2.05 2.05 2.05 2.05 2.06 2.06 2.06 2.06 2.06 2.06 2.06 2.07 2.07
2.07 2.07 2.07 2.07 2.07 2.07 2.06 2.06 2.06 2.06 2.06 2.06 2.05 2.05 2.05 2.05 2.05 2.04 2.04 2.04 2.04 2.04 2.04 2.04 2.04 2.04 2.04 2.04 2.05 2.05 2.06 2.07 2.07 2.08 2.09 2.10 2.12 2.13 2.14 2.16 2.17 2.18 2.18 2.19 2.19 2.19 2.18 2.17 2.16 2.15 2.14 2.13 2.11 2.10 2.09 2.08 2.07 2.07 2.06 2.06 2.05 2.05 2.04 2.04 2.04 2.04 2.04 2.04 2.04 2.04 2.04 2.05 2.05 2.05 2.05 2.05 2.05 2.06 2.06 2.06 2.06 2.06 2.06 2.06
2.07 2.07 2.07 2.07 2.06 2.06 2.06 2.06 2.06 2.06 2.06 2.05 2.05 2.05 2.05 2.04 2.04 2.04 2.04 2.03 2.03 2.03 2.03 2.03 2.03 2.03 2.03 2.04 2.04 2.05 2.06 2.06 2.07 2.08 2.09 2.11 2.12 2.13 2.15 2.17 2.19 2.20 2.21 2.21 2.22 2.21 2.20 2.19 2.18 2.16 2.15 2.13 2.12 2.10 2.09 2.08 2.07 2.06 2.05 2.05 2.05 2.04 2.04 2.04 2.04 2.03 2.04 2.04 2.04 2.04 2.04 2.04 2.04 2.05 2.05 2.05 2.05 2.05 2.06 2.06 2.06 2.06 2.06 2.06
2.07 2.07 2.07 2.07 2.06 2.06 2.06 2.06 2.06 2.06 2.05 2.05 2.05 2.05 2.04 2.04 2.04 2.03 2.03 2.03 2.03 2.02 2.02 2.02 2.02 2.03 2.03 2.03 2.04 2.05 2.05 2.06 2.06 2.06 2.09 2.11 2.12 2.14 2.16 2.19 2.21 2.23 2.24 2.25 2.25 2.25 2.24 2.22 2.20 2.18 2.16 2.14 2.12 2.10 2.09 2.08 2.06 2.06 2.05 2.04 2.04 2.03 2.03 2.03 2.03 2.03 2.03 2.03 2.03 2.03 2.04 2.04 2.04 2.04 2.04 2.05 2.05 2.05 2.05 2.06 2.06 2.06 2.06 2.06
2.07 2.07 2.07 2.06 2.06 2.06 2.06 2.06 2.06 2.05 2.05 2.05 2.05 2.04 2.04 2.04 2.03 2.03 2.03 2.02 2.02 2.02 2.02 2.02 2.02 2.02 2.02 2.02 2.03 2.04 2.04 2.05 2.04 2.05 2.09 2.11 2.12 2.15 2.17 2.21 2.25 2.27 2.28 2.29 2.30 2.29 2.28 2.25 2.23 2.20 2.17 2.14 2.12 2.10 2.08 2.07 2.06 2.05 2.04 2.04 2.03 2.03 2.02 2.02 2.02 2.02 2.02 2.02 2.03 2.03 2.03 2.03 2.03 2.04 2.04 2.04 2.05 2.05 2.05 2.05 2.05 2.06 2.06 2.06
2.07 2.07 2.06 2.06 2.06 2.06 2.06 2.06 2.05 2.05 2.05 2.05 2.04 2.04 2.03 2.03 2.03 2.02 2.02 2.02 2.01 2.01 2.01 2.01 2.01 2.01 2.01 2.02 2.03 2.03 2.03 2.03 2.03 2.04 2.07 2.10 2.12 2.16 2.19 2.23 2.28 2.33 2.34 2.35 2.36 2.34 2.33 2.30 2.26 2.22 2.18 2.15 2.12 2.09 2.07 2.06 2.05 2.04 2.03 2.03 2.02 2.02 2.02 2.02 2.01 2.01 2.02 2.02 2.02 2.02 2.02 2.03 2.03 2.03 2.04 2.04 2.04 2.04 2.05 2.05 2.05 2.05 2.06 2.06
2.07 2.06 2.06 2.06 2.06 2.06 2.06 2.05 2.05 2.05 2.04 2.04 2.04 2.03 2.03 2.02 2.02 2.02 2.01 2.01 2.01 2.00 2.00 2.00 2.00 2.00 2.00 2.01 2.02 2.02 2.00 2.00 2.02 2.03 2.06 2.09 2.12 2.16 2.21 2.27 2.33 2.39 2.42 2.43 2.43 2.42 2.40 2.36 2.30 2.25 2.20 2.15 2.11 2.08 2.06 2.05 2.03 2.03 2.02 2.02 2.01 2.01 2.01 2.01 2.01 2.01 2.01 2.01 2.01 2.01 2.02 2.02 2.02 2.03 2.03 2.03 2.04 2.04 2.04 2.05 2.05 2.05 2.06 2.06
2.07 2.06 2.06 2.06 2.06 2.06 2.05 2.05 2.05 2.05 2.04 2.04 2.03 2.03 2.02 2.02 2.01 2.01 2.01 2.00 2.00 1.99 1.99 1.99 1.99 1.99 1.99 2.00 2.00 1.99 1.97 1.98 2.00 2.01 2.04 2.07 2.11 2.17 2.23 2.31 2.40 2.49 2.54 2.54 2.53 2.52 2.49 2.44 2.37 2.29 2.21 2.14 2.10 2.07 2.04 2.03 2.02 2.01 2.00 2.00 2.00 2.00 2.00 1.99 2.00 2.00 2.00 2.00 2.00 2.01 2.01 2.01 2.02 2.02 2.03 2.03 2.03 2.04 2.04 2.04 2.05 2.05 2.05 2.06
2.06 2.06 2.06 2.06 2.06 2.05 2.05 2.05 2.05 2.04 2.04 2.03 2.03 2.02 2.02 2.01 2.01 2.00 2.00 1.99 1.99 1.99 1.98 1.98 1.98 1.98 1.98 1.98 1.98 1.96 1.95 1.96 1.98 1.99 2.01 2.04 2.08 2.15 2.23 2.36 2.51 2.66 2.72 2.67 2.62 2.63 2.64 2.60 2.48 2.33 2.20 2.12 2.07 2.04 2.02 2.00 2.00 1.99 1.99 1.98 1.98 1.98 1.98 1.98 1.98 1.99 1.99 1.99 1.99 2.00 2.00 2.01 2.01 2.01 2.02 2.02 2.03 2.03 2.04 2.04 2.04 2.05 2.05 2.05
2.06 2.06 2.06 2.06 2.06 2.05 2.05 2.05 2.04 2.04 2.03 2.03 2.02 2.02 2.01 2.01 2.00 2.00 1.99 1.98 1.98 1.98 1.97 1.97 1.97 1.96 1.96 1.95 1.94 1.93 1.92 1.94 1.95 1.96 1.97 2.00 2.04 2.11 2.21 2.35 2.67 3.03 3.01 2.77 2.69 2.74 2.84 2.84 2.63 2.36 2.17 2.08 2.03 2.00 1.99 1.98 1.97 1.97 1.96 1.96 1.96 1.96 1.96 1.97 1.97 1.97 1.98 1.98 1.99 1.99 1.99 2.00 2.00 2.01 2.01 2.02 2.02 2.03 2.03 2.04 2.04 2.05 2.05 2.05
2.06 2.06 2.06 2.06 2.05 2.05 2.05 2.04 2.04 2.04 2.03 2.03 2.02 2.01 2.01 2.00 1.99 1.99 1.98 1.97 1.97 1.96 1.97 1.96 1.95 1.94 1.93 1.92 1.92 1.90 1.90 1.91 1.91 1.91 1.93 1.95 1.98 2.06 2.17 2.24 2.65 3.39 3.47 2.96 2.86 2.89 3.10 3.10 2.78 2.33 2.09 2.03 1.98 1.96 1.95 1.94 1.94 1.94 1.94 1.94 1.94 1.94 1.95 1.95 1.95 1.96 1.96 1.97 1.97 1.98 1.98 1.99 2.00 2.00 2.01 2.01 2.02 2.02 2.03 2.03 2.04 2.04 2.05 2.05
2.06 2.06 2.06 2.05 2.05 2.05 2.05 2.04 2.04 2.03 2.03 2.02 2.01 2.01 2.00 1.99 1.99 1.98 1.97 1.97 1.96 1.96 1.96 1.95 1.93 1.92 1.90 1.89 1.89 1.87 1.87 1.87 1.86 1.86 1.87 1.89 1.91 1.96 2.13 2.20 2.57 3.57 3.96 3.60 3.13 3.09 3.26 3.22 2.76 2.13 1.93 1.96 1.91 1.91 1.91 1.91 1.91 1.91 1.91 1.91 1.91 1.92 1.92 1.93 1.94 1.94 1.95 1.96 1.96 1.97 1.97 1.98 1.99 2.00 2.00 2.01 2.01 2.02 2.03 2.03 2.04 2.04 2.04 2.05
2.06 2.06 2.06 2.05 2.05 2.05 2.04 2.04 2.03 2.03 2.02 2.01 2.01 2.00 1.99 1.98 1.98 1.97 1.96 1.95 1.95 1.95 1.95 1.93 1.90 1.88 1.87 1.86 1.85 1.85 1.83 1.82 1.81 1.80 1.80 1.82 1.82 1.85 2.02 2.21 2.71 3.63 4.25 3.86 3.20 3.15 3.32 3.12 2.41 1.68 1.69 1.86 1.86 1.88 1.88 1.88 1.87 1.87 1.87 1.87 1.88 1.89 1.90 1.91 1.92 1.93 1.93 1.94 1.95 1.96 1.96 1.97 1.98 1.99 2.00 2.00 2.01 2.01 2.02 2.03 2.03 2.04 2.04 2.05
2.06 2.06 2.05 2.05 2.05 2.04 2.04 2.04 2.03 2.02 2.02 2.01 2.00 1.99 1.99 1.98 1.97 1.96 1.95 1.95 1.94 1.94 1.93 1.90 1.87 1.85 1.85 1.83 1.82 1.81 1.79 1.77 1.76 1.74 1.73 1.74 1.73 1.71 1.81 2.10 2.71 3.72 4.47 3.88 3.00 3.11 3.28 2.81 1.86 1.34 1.52 1.81 1.92 1.89 1.84 1.84 1.84 1.82 1.82 1.83 1.85 1.86 1.87 1.88 1.89 1.90 1.91 1.93 1.94 1.94 1.95 1.96 1.97 1.98 1.99 2.00 2.00 2.01 2.02 2.02 2.03 2.03 2.04 2.04
2.06 2.06 2.05 2.05 2.05 2.04 2.04 2.03 2.02 2.02 2.01 2.00 2.00 1.99 1.98 1.97 1.96 1.95 1.94 1.94 1.94 1.93 1.90 1.87 1.84 1.83 1.82 1.79 1.78 1.76 1.74 1.72 1.70 1.68 1.68 1.66 1.62 1.56 1.59 1.96 2.56 3.80 4.52 3.69 2.66 3.05 3.18 2.30 1.31 1.23 1.47 1.80 1.99 1.90 1.84 1.82 1.78 1.77 1.78 1.79 1.81 1.82 1.84 1.85 1.87 1.88 1.90 1.91 1.92 1.93 1.94 1.95 1.96 1.97 1.98 1.99 2.00 2.00 2.01 2.02 2.02 2.03 2.04 2.04
2.06 2.05 2.05 2.05 2.04 2.04 2.03 2.03 2.02 2.01 2.01 2.00 1.99 1.98 1.97 1.96 1.95 1.94 1.93 1.93 1.93 1.91 1.87 1.83 1.82 1.81 1.78 1.75 1.74 1.71 1.69 1.66 1.64 1.63 1.65 1.63 1.51 1.38 1.47 1.79 2.37 3.95 4.51 3.32 2.43 3.02 2.96 1.71 1.14 1.29 1.51 1.78 2.00 2.01 1.93 1.77 1.69 1.73 1.73 1.74 1.76 1.77 1.79 1.81 1.83 1.85 1.87 1.89 1.90 1.92 1.93 1.94 1.95 1.96 1.97 1.98 1.99 2.00 2.01 2.01 2.02 2.03 2.03 2.04
