data/AilsaCraig_270_1_25m_ang_20m.asc
ncols	257
nrows	257
xllcorner	3364200.000000
yllcorner	3669375.000000
cellsize	25.000000
NODATA_value	-1.000000
[rows 126 to 167 of 257, columns 94 to 187 of 257]
269 269 269 268 268 268 268 267 266 266 265 264 262 261 258 255 250 245 243 243 244 246 248 250 253 256 258 259 260 264 266 269 271 272 273 274 275 275 273 272 274 276 278 279 280 283 284 285 286 284 288 297 293 285 280 277 276 275 273 272 272 272 271 271 271 271 271 271 271 270 270 270 270 270 270 270 270 270 270 270 270 270 270 270 270 270 270 270 270 270 270 270 270 270
269 269 269 269 268 268 268 267 267 266 265 264 262 260 258 254 249 243 242 243 246 250 254 255 256 259 261 261 264 267 269 271 272 273 274 275 276 275 272 270 270 270 271 273 277 279 281 282 283 281 280 287 291 285 279 276 275 274 273 272 272 271 271 271 271 271 271 271 270 270 270 270 270 270 270 270 270 270 270 270 270 270 270 270 270 270 270 270 270 270 270 270 270 270
269 269 269 269 269 268 268 268 267 266 265 264 262 260 258 253 247 243 242 243 247 254 258 259 260 262 264 264 268 270 272 273 273 274 275 276 275 273 272 270 267 265 265 269 273 276 278 280 280 278 277 279 285 283 278 275 274 273 273 272 271 271 271 271 271 271 270 270 270 270 270 270 270 270 270 270 270 270 270 270 270 270 270 270 270 270 270 270 270 270 270 270 270 270
269 269 269 269 269 269 268 268 267 266 265 264 262 260 257 252 245 242 242 243 249 257 260 262 264 266 267 269 271 273 274 274 274 274 274 274 273 272 271 269 265 263 263 266 269 271 274 277 277 274 273 274 277 280 277 274 273 272 272 271 271 271 271 270 270 270 270 270 270 270 270 270 270 270 270 270 270 270 270 270 270 270 270 270 270 270 270 270 270 270 270 270 270 270
269 269 269 269 269 269 268 268 267 267 266 264 263 260 257 251 244 242 242 244 252 258 262 265 268 269 272 275 275 275 275 275 274 273 272 272 271 271 270 268 265 264 265 266 267 267 269 272 271 270 269 270 272 275 275 273 271 271 271 271 271 270 270 270 270 270 270 270 270 270 270 270 270 270 270 270 270 270 270 270 270 270 270 270 270 270 270 270 270 270 270 270 270 270
270 269 269 269 269 269 269 268 267 267 266 265 263 260 257 250 243 242 243 247 254 260 264 268 271 274 277 279 279 278 276 275 274 272 270 269 269 269 268 266 266 267 267 266 264 264 264 265 265 266 266 266 267 269 272 271 270 270 270 270 270 270 270 270 270 270 270 270 270 270 270 270 270 270 270 270 270 270 270 270 270 270 270 270 270 270 270 270 270 270 270 270 270 270
270 270 270 270 269 269 269 268 268 267 266 265 263 261 257 250 242 243 245 250 256 262 266 270 274 278 281 283 282 280 277 275 273 271 269 267 267 267 267 267 269 269 267 264 262 261 260 259 260 262 263 262 262 264 267 269 269 269 269 270 270 270 270 270 270 270 270 270 270 270 270 270 270 270 270 270 270 270 270 270 270 270 270 270 270 270 270 270 270 270 270 270 270 270
270 270 270 270 270 269 269 268 268 268 267 266 264 261 256 249 243 245 248 252 258 264 268 272 276 280 284 285 284 282 279 276 273 271 270 268 265 265 267 269 270 268 264 260 259 258 257 257 258 260 259 259 259 261 264 267 269 269 269 269 269 269 269 269 269 269 270 270 270 270 270 270 270 270 270 270 270 270 270 270 270 270 270 270 270 270 270 270 270 270 270 270 270 270
270 270 270 270 270 270 269 269 269 268 267 266 265 262 256 248 245 247 251 255 260 265 270 274 278 282 285 286 285 283 280 277 275 273 271 269 265 265 267 270 269 265 261 258 256 255 254 253 256 257 256 256 257 258 261 265 267 268 268 268 269 269 269 269 269 269 269 270 270 270 270 270 270 270 270 270 270 270 270 270 270 270 270 270 270 270 270 270 270 270 270 270 270 270
270 270 270 270 270 270 270 269 269 269 268 267 266 263 257 250 248 251 255 258 262 267 272 275 279 283 285 285 284 283 281 278 276 275 273 269 267 266 268 268 266 262 259 256 254 253 251 250 250 251 251 253 255 257 260 263 266 267 268 268 268 268 269 269 269 269 269 269 269 270 270 270 270 270 270 270 270 270 270 270 270 270 270 270 270 270 270 270 270 270 270 270 270 270
270 270 270 270 270 270 270 270 270 270 270 269 268 265 260 252 252 256 261 263 266 270 274 278 281 283 285 284 283 282 281 279 278 276 273 270 269 269 268 265 263 261 258 256 254 253 251 249 247 245 246 250 253 256 259 262 264 266 267 267 268 268 268 269 269 269 269 269 269 269 270 270 270 270 270 270 270 270 270 270 270 270 270 270 270 270 270 270 270 270 270 270 270 270
270 271 271 271 270 270 271 271 271 271 271 271 270 267 263 258 259 263 266 268 270 273 276 280 282 282 283 283 282 281 280 279 278 276 273 271 271 269 266 263 261 260 258 255 254 252 250 248 245 241 243 248 251 255 259 261 263 264 266 266 267 267 268 268 269 269 269 269 269 269 269 270 270 270 270 270 270 270 270 270 270 270 270 270 270 270 270 270 270 270 270 270 270 270
271 271 271 271 271 271 271 272 272 272 272 273 272 270 268 267 270 271 272 273 274 277 280 281 282 281 281 281 281 280 279 278 277 276 274 272 271 268 264 261 260 260 258 255 253 251 250 247 243 239 242 247 251 256 259 261 262 263 264 265 266 267 268 268 268 269 269 269 269 269 269 269 270 270 270 270 270 270 270 270 270 270 270 270 270 270 270 270 270 270 270 270 270 270
271 271 271 271 271 272 272 272 273 273 274 275 276 276 277 280 281 281 280 280 280 282 283 282 281 280 280 279 279 278 277 277 277 276 275 273 270 265 261 259 259 259 257 255 252 250 249 246 240 237 241 247 251 256 259 260 261 262 263 265 266 267 268 268 268 269 269 269 269 269 269 269 269 270 270 270 270 270 270 270 270 270 270 270 270 270 270 270 270 270 270 270 270 270
271 271 271 271 272 272 272 273 273 275 276 277 279 284 292 293 292 291 289 288 287 285 283 282 281 280 279 277 276 275 275 275 276 277 276 273 268 262 257 257 258 258 256 253 251 250 248 244 239 237 242 248 252 256 258 259 260 261 263 265 266 267 267 268 268 268 269 269 269 269 269 269 269 270 270 270 270 270 270 270 270 270 270 270 270 270 270 270 270 270 270 270 270 270
271 271 271 272 272 272 273 273 274 275 277 278 282 290 303 307 303 300 295 294 291 287 283 281 280 279 277 275 274 273 274 274 275 274 274 272 266 260 256 254 256 257 255 252 250 249 246 242 237 237 244 249 253 256 257 258 260 262 264 265 266 267 267 268 268 268 269 269 269 269 269 269 269 270 270 270 270 270 270 270 270 270 270 270 270 270 270 270 270 270 270 270 270 270
271 271 271 272 272 272 273 274 275 276 278 280 284 291 302 310 311 305 299 295 292 287 283 281 279 277 276 275 273 273 273 274 272 269 270 269 264 261 256 254 256 257 255 252 250 248 245 241 237 239 245 251 253 255 256 258 260 262 264 265 266 267 267 268 268 268 268 269 269 269 269 269 269 269 270 270 270 270 270 270 270 270 270 270 270 270 270 270 270 270 270 270 270 270
271 271 272 272 272 273 273 274 275 276 278 281 285 290 298 307 310 311 302 296 290 287 285 282 279 276 275 275 274 273 273 272 268 263 265 265 262 260 257 255 256 256 254 252 250 248 245 241 237 241 247 251 253 254 256 259 261 263 264 265 266 267 267 268 268 268 268 269 269 269 269 269 269 269 270 270 270 270 270 270 270 270 270 270 270 270 270 270 270 270 270 270 270 270
271 272 272 272 272 273 273 274 275 277 279 281 285 289 295 302 308 308 307 296 290 287 286 283 279 276 275 275 275 274 273 270 263 258 261 261 260 259 258 257 258 256 254 252 251 248 245 241 239 244 249 251 252 254 257 260 262 263 264 265 266 267 267 267 268 268 268 269 269 269 269 269 269 269 270 270 270 270 270 270 270 270 270 270 270 270 270 270 270 270 270 270 270 270
271 272 272 272 273 273 274 274 275 277 279 281 284 288 293 299 306 313 317 299 291 288 286 283 279 276 275 275 275 275 272 266 258 256 259 259 258 258 258 259 259 257 254 253 251 249 245 242 242 247 250 251 253 256 259 261 262 264 265 265 266 267 267 267 268 268 269 269 269 269 269 269 269 269 270 270 270 270 270 270 270 270 270 270 270 270 270 270 270 270 270 270 270 270
271 272 272 272 273 273 274 274 276 277 278 281 283 287 291 297 303 315 321 306 295 289 285 282 279 277 275 275 276 275 269 260 254 256 259 260 258 258 259 261 261 259 256 254 252 249 247 244 245 248 251 252 255 258 260 262 263 264 265 266 267 267 267 267 268 268 269 269 269 269 269 269 269 269 270 270 270 270 270 270 270 270 270 270 270 270 270 270 270 270 270 270 270 270
271 272 272 272 273 273 274 274 275 277 278 280 283 286 289 294 299 308 312 309 301 291 285 282 279 277 276 275 276 275 266 252 249 253 257 259 257 259 263 264 263 262 259 256 253 251 249 247 247 249 252 255 257 259 261 262 263 264 265 266 267 267 267 268 268 268 268 269 269 269 269 269 269 269 270 270 270 270 270 270 270 270 270 270 270 270 270 270 270 270 270 270 270 270
272 272 272 272 273 273 274 274 275 276 278 279 281 284 287 291 296 300 304 307 306 297 287 282 280 278 277 276 276 273 261 247 245 248 250 251 251 258 264 265 266 266 263 259 256 254 252 250 250 252 254 257 259 261 262 263 264 265 266 266 266 267 267 268 268 268 268 269 269 269 269 269 269 269 270 270 270 270 270 270 270 270 270 270 270 270 270 270 270 270 270 270 270 270
272 272 272 272 273 273 274 274 275 276 277 279 280 283 285 288 292 295 299 304 307 306 293 284 282 280 278 276 274 268 257 248 247 246 245 244 244 252 260 263 266 267 265 262 260 257 255 253 253 255 257 259 260 262 263 263 264 265 266 266 267 267 268 268 268 268 268 269 269 269 269 269 269 269 270 270 270 270 270 270 270 270 270 270 270 270 270 270 270 270 270 270 270 270
272 272 272 272 273 273 274 274 275 276 277 278 280 281 283 286 289 292 295 298 303 306 304 292 284 282 279 276 271 263 254 251 250 246 243 240 241 249 257 261 263 264 264 263 262 260 258 256 256 258 259 260 262 263 263 264 265 266 266 266 267 267 268 268 268 268 269 269 269 269 269 269 269 269 270 270 270 270 270 270 270 270 270 270 270 270 270 270 270 270 270 270 270 270
271 272 272 272 273 273 273 274 275 275 276 277 279 280 282 284 286 288 291 293 297 301 304 302 291 284 279 275 269 260 252 252 252 247 242 240 242 249 256 259 261 262 263 263 263 262 261 259 259 260 261 262 263 263 264 265 266 266 266 267 267 268 268 268 268 268 269 269 269 269 269 269 269 269 270 270 270 270 270 270 270 270 270 270 270 270 270 270 270 270 270 270 270 270
271 272 272 272 273 273 273 274 274 275 276 277 278 279 280 282 284 285 287 289 292 294 298 301 297 287 280 277 271 261 253 253 252 247 242 241 246 252 256 259 260 262 263 263 264 263 262 262 261 262 262 263 263 264 265 265 266 266 267 267 267 268 268 268 268 269 269 269 269 269 269 269 269 269 270 270 270 270 270 270 270 270 270 270 270 270 270 270 270 270 270 270 270 270
271 272 272 272 272 273 273 274 274 275 275 276 277 278 279 280 282 283 284 286 288 289 291 294 294 288 284 280 273 264 257 255 253 248 244 246 250 254 257 259 261 262 263 264 264 264 263 263 263 263 264 264 264 265 265 266 266 267 267 267 268 268 268 268 268 269 269 269 269 269 269 269 269 270 270 270 270 270 270 270 270 270 270 270 270 270 270 270 270 270 270 270 270 270
271 272 272 272 272 273 273 273 274 274 275 275 276 277 278 279 280 281 282 283 284 285 286 287 287 286 285 282 276 269 262 258 254 250 248 250 254 257 258 260 262 263 264 264 264 264 264 264 264 264 264 265 265 266 266 266 267 267 267 268 268 268 268 268 268 269 269 269 269 269 269 269 269 270 270 270 270 270 270 270 270 270 270 270 270 270 270 270 270 270 270 270 270 270
271 271 272 272 272 272 273 273 274 274 274 275 276 276 277 278 278 279 280 281 282 282 283 283 282 282 281 279 277 273 267 261 257 253 252 255 257 259 260 262 263 264 264 264 264 265 265 265 265 265 265 265 266 266 266 267 267 267 268 268 268 268 268 268 269 269 269 269 269 269 269 269 269 270 270 270 270 270 270 270 270 270 270 270 270 270 270 270 270 270 270 270 270 270
271 271 272 272 272 272 273 273 273 274 274 274 275 275 276 277 277 278 278 279 279 280 280 280 279 279 277 276 274 272 268 264 260 257 257 258 259 261 262 263 264 264 264 264 265 265 266 266 265 266 266 266 266 267 267 267 267 268 268 268 268 268 268 269 269 269 269 269 269 269 269 269 270 270 270 270 270 270 270 270 270 270 270 270 270 270 270 270 270 270 270 270 270 270
271 271 271 272 272 272 272 273 273 273 274 274 274 275 275 276 276 277 277 277 278 278 278 278 277 276 275 274 272 270 268 266 263 261 261 261 261 262 263 264 264 265 265 265 266 266 266 266 266 266 266 266 267 267 267 267 268 268 268 268 268 268 268 269 269 269 269 269 269 269 269 269 270 270 270 270 270 270 270 270 270 270 270 270 270 270 270 270 270 270 270 270 270 270
271 271 271 272 272 272 272 272 273 273 273 274 274 274 275 275 275 276 276 276 276 276 276 276 275 275 274 273 271 270 268 266 265 264 263 263 263 264 264 264 265 265 265 266 266 266 266 266 266 267 267 267 267 267 267 268 268 268 268 268 268 268 269 269 269 269 269 269 269 269 269 270 270 270 270 270 270 270 270 270 270 270 270 270 270 270 270 270 270 270 270 270 270 270
271 271 271 271 272 272 272 272 272 273 273 273 273 274 274 274 274 275 275 275 275 275 275 274 274 274 273 272 271 270 268 267 266 265 265 265 265 265 265 265 266 266 266 266 267 267 267 267 267 267 267 267 267 267 268 268 268 268 268 268 268 269 269 269 269 269 269 269 269 269 269 270 270 270 270 270 270 270 270 270 270 270 270 270 270 270 270 270 270 270 270 270 270 270
271 271 271 271 271 272 272 272 272 272 273 273 273 273 274 274 274 274 274 274 274 274 274 274 273 273 272 271 271 270 269 268 267 267 266 266 266 266 266 266 266 266 267 267 267 267 267 267 267 267 267 267 268 268 268 268 268 268 268 268 269 269 269 269 269 269 269 269 269 269 270 270 270 270 270 270 270 270 270 270 270 270 270 270 270 270 270 270 270 270 270 270 270 270
271 271 271 271 271 272 272 272 272 272 272 273 273 273 273 273 273 273 273 274 274 273 273 273 273 272 272 271 270 270 269 268 268 267 267 267 267 267 267 267 267 267 267 267 267 267 267 267 267 267 268 268 268 268 268 268 268 268 269 269 269 269 269 269 269 269 269 269 269 270 270 270 270 270 270 270 270 270 270 270 270 270 270 270 270 270 270 270 270 270 270 270 270 270
271 271 271 271 271 271 271 272 272 272 272 272 272 273 273 273 273 273 273 273 273 273 273 272 272 272 271 271 270 270 269 269 268 268 268 267 267 267 267 267 267 267 267 268 267 267 268 268 268 268 268 268 268 268 268 268 268 269 269 269 269 269 269 269 269 269 269 269 269 270 270 270 270 270 270 270 270 270 270 270 270 270 270 270 270 270 270 270 270 270 270 270 270 270
271 271 271 271 271 271 271 271 272 272 272 272 272 272 272 272 273 272 273 273 272 272 272 272 272 271 271 271 270 270 269 269 269 268 268 268 268 268 268 268 268 268 268 268 268 268 268 268 268 268 268 268 268 268 268 268 269 269 269 269 269 269 269 269 269 269 269 269 270 270 270 270 270 270 270 270 270 270 270 270 270 270 270 270 270 270 270 270 270 270 270 270 270 270
271 271 271 271 271 271 271 271 271 272 272 272 272 272 272 272 272 272 272 272 272 272 272 272 271 271 271 270 270 270 269 269 269 269 268 268 268 268 268 268 268 268 268 268 268 268 268 268 268 268 268 268 268 268 269 269 269 269 269 269 269 269 269 269 269 269 269 270 270 270 270 270 270 270 270 270 270 270 270 270 270 270 270 270 270 270 270 270 270 270 270 270 270 270
271 271 271 271 271 271 271 271 271 271 271 272 272 272 272 272 272 272 272 272 272 272 271 271 271 271 271 270 270 270 270 269 269 269 269 269 268 268 268 268 268 268 268 268 268 268 268 268 268 268 268 268 269 269 269 269 269 269 269 269 269 269 269 269 269 269 270 270 270 270 270 270 270 270 270 270 270 270 270 270 270 270 270 270 270 270 270 270 270 270 270 270 270 270
271 271 271 271 271 271 271 271 271 271 271 271 271 272 272 272 272 272 272 272 271 271 271 271 271 271 271 270 270 270 270 269 269 269 269 269 269 269 268 268 268 268 268 268 268 268 268 268 268 269 269 269 269 269 269 269 269 269 269 269 269 269 269 269 269 270 270 270 270 270 270 270 270 270 270 270 270 270 270 270 270 270 270 270 270 270 270 270 270 270 270 270 270 270
270 271 271 271 271 271 271 271 271 271 271 271 271 271 271 271 271 271 271 271 271 271 271 271 271 271 270 270 270 270 270 270 269 269 269 269 269 269 269 269 269 269 269 269 269 269 269 269 269 269 269 269 269 269 269 269 269 269 269 269 269 269 269 270 270 270 270 270 270 270 270 270 270 270 270 270 270 270 270 270 270 270 270 270 270 270 270 270 270 270 270 270 270 270
