data/AilsaCraig_270_1_25m_ang_10m.asc
ncols	257
nrows	257
xllcorner	3364200.000000
yllcorner	3669375.000000
cellsize	25.000000
NODATA_value	-1.000000
[rows 126 to 167 of 257, columns 94 to 187 of 257]
269 269 269 269 268 268 268 268 267 266 265 264 263 262 260 257 253 249 247 246 247 248 250 252 255 257 260 260 262 266 268 270 271 272 272 273 273 273 272 271 272 275 277 278 279 281 283 283 283 283 285 292 289 283 279 276 275 274 273 272 272 272 271 271 271 271 271 271 270 270 270 270 270 270 270 270 270 270 270 270 270 270 270 270 270 270 270 270 270 270 270 270 270 270
269 269 269 269 269 268 268 268 267 266 266 264 263 262 259 256 252 248 246 246 248 252 255 256 258 260 262 263 266 268 270 271 272 272 273 274 274 273 271 270 269 270 271 273 276 279 280 281 281 280 280 284 287 282 278 276 274 273 273 272 272 271 271 271 271 271 271 270 270 270 270 270 270 270 270 270 270 270 270 270 270 270 270 270 270 270 270 270 270 270 270 270 270 270
269 269 269 269 269 269 268 268 267 266 266 265 263 261 259 255 250 247 245 246 250 255 259 260 261 263 264 266 269 271 272 273 273 273 273 274 274 272 271 270 267 265 266 269 272 275 277 279 279 277 276 278 282 281 277 275 274 273 272 272 271 271 271 271 271 270 270 270 270 270 270 270 270 270 270 270 270 270 270 270 270 270 270 270 270 270 270 270 270 270 270 270 270 270
269 269 269 269 269 269 268 268 267 267 266 265 263 261 259 254 249 246 245 246 251 257 261 263 264 266 268 270 272 273 273 273 273 272 273 273 273 272 271 269 266 263 264 267 269 271 274 276 276 274 273 274 276 278 276 274 273 272 272 271 271 271 271 270 270 270 270 270 270 270 270 270 270 270 270 270 270 270 270 270 270 270 270 270 270 270 270 270 270 270 270 270 270 270
269 269 269 269 269 269 268 268 267 267 266 265 263 261 258 254 248 246 245 247 253 259 262 265 267 269 272 274 274 274 274 273 273 272 272 271 271 271 270 268 266 265 266 267 267 268 269 272 271 270 270 270 272 274 274 272 271 271 271 271 271 270 270 270 270 270 270 270 270 270 270 270 270 270 270 270 270 270 270 270 270 270 270 270 270 270 270 270 270 270 270 270 270 270
270 269 269 269 269 269 269 268 268 267 266 265 264 261 258 253 247 246 246 249 255 260 264 268 271 273 276 278 277 276 274 273 272 271 270 269 269 270 269 267 267 267 267 267 265 264 265 265 266 266 267 266 267 269 271 271 270 270 270 270 270 270 270 270 270 270 270 270 270 270 270 270 270 270 270 270 270 270 270 270 270 270 270 270 270 270 270 270 270 270 270 270 270 270
270 270 270 270 269 269 269 268 268 267 267 265 264 262 258 253 247 246 248 251 257 262 266 270 273 277 279 281 280 278 275 273 272 271 269 268 267 268 268 268 269 269 267 265 263 262 261 260 261 263 264 264 264 265 268 269 270 269 270 270 270 270 270 270 270 270 270 270 270 270 270 270 270 270 270 270 270 270 270 270 270 270 270 270 270 270 270 270 270 270 270 270 270 270
270 270 270 270 270 269 269 269 268 268 267 266 265 262 258 252 248 248 250 253 258 264 268 271 275 279 282 282 281 279 277 274 272 271 270 268 267 266 268 270 271 269 265 262 260 259 258 258 259 261 261 261 261 262 265 268 269 269 269 269 269 269 269 269 270 270 270 270 270 270 270 270 270 270 270 270 270 270 270 270 270 270 270 270 270 270 270 270 270 270 270 270 270 270
270 270 270 270 270 270 269 269 269 268 268 267 265 263 258 252 249 250 252 255 260 265 269 273 277 280 283 283 282 280 278 275 273 272 271 269 267 266 268 270 270 266 262 259 258 256 256 255 257 258 258 258 259 260 263 266 268 268 268 269 269 269 269 269 269 269 270 270 270 270 270 270 270 270 270 270 270 270 270 270 270 270 270 270 270 270 270 270 270 270 270 270 270 270
270 270 270 270 270 270 270 269 269 269 268 268 266 264 259 253 251 253 256 259 262 266 270 274 278 281 283 283 282 280 279 277 275 274 272 270 268 268 269 269 267 264 261 258 256 255 253 252 253 254 254 255 257 259 262 264 266 267 268 268 268 269 269 269 269 269 269 269 270 270 270 270 270 270 270 270 270 270 270 270 270 270 270 270 270 270 270 270 270 270 270 270 270 270
270 270 270 270 270 270 270 270 270 270 269 269 268 265 261 255 254 257 260 262 265 269 272 276 279 281 282 282 281 280 279 278 276 275 273 271 270 269 269 266 264 262 260 257 256 254 253 251 250 248 250 253 255 258 261 263 265 266 267 268 268 268 269 269 269 269 269 269 269 270 270 270 270 270 270 270 270 270 270 270 270 270 270 270 270 270 270 270 270 270 270 270 270 270
270 270 270 270 270 270 271 271 271 271 271 270 269 267 264 260 260 263 265 267 269 271 275 278 280 280 281 280 280 279 279 278 277 275 273 272 271 270 267 264 263 261 259 257 255 254 252 250 247 245 247 251 254 257 260 262 264 265 266 267 267 268 268 269 269 269 269 269 269 269 270 270 270 270 270 270 270 270 270 270 270 270 270 270 270 270 270 270 270 270 270 270 270 270
271 271 271 271 271 271 271 271 272 272 272 272 272 270 268 267 269 270 271 272 273 275 278 279 280 279 279 279 279 278 278 277 276 275 274 272 271 269 265 262 262 261 259 257 254 253 251 249 245 242 245 250 254 257 260 262 263 264 265 266 267 267 268 268 269 269 269 269 269 269 269 270 270 270 270 270 270 270 270 270 270 270 270 270 270 270 270 270 270 270 270 270 270 270
271 271 271 271 271 271 271 272 272 273 273 274 275 275 275 277 278 278 278 278 278 280 281 280 279 278 278 277 277 276 276 276 276 276 275 273 271 267 262 261 261 260 259 256 254 252 250 248 243 241 245 250 254 258 260 261 262 263 264 265 266 267 268 268 269 269 269 269 269 269 269 269 270 270 270 270 270 270 270 270 270 270 270 270 270 270 270 270 270 270 270 270 270 270
271 271 271 271 271 272 272 272 273 274 275 276 278 282 287 288 288 287 286 286 284 283 281 280 279 278 277 276 275 274 274 275 275 276 275 273 269 264 259 259 259 259 258 255 253 251 249 246 242 241 245 250 254 258 260 260 261 263 264 265 266 267 268 268 268 269 269 269 269 269 269 269 270 270 270 270 270 270 270 270 270 270 270 270 270 270 270 270 270 270 270 270 270 270
271 271 271 271 272 272 272 273 274 275 276 277 280 287 297 300 298 295 292 291 289 285 281 280 278 277 276 274 273 273 273 274 274 274 274 272 267 262 258 256 258 258 257 254 252 250 248 244 241 241 246 251 255 257 258 259 261 263 264 265 266 267 268 268 268 269 269 269 269 269 269 269 270 270 270 270 270 270 270 270 270 270 270 270 270 270 270 270 270 270 270 270 270 270
271 271 271 271 272 272 273 273 274 275 277 279 282 288 298 306 307 301 296 293 290 286 282 280 278 276 275 274 273 272 273 273 272 270 270 269 265 261 258 256 257 258 256 253 252 249 247 243 240 242 248 252 255 256 257 259 261 263 264 265 266 267 268 268 268 268 269 269 269 269 269 269 269 270 270 270 270 270 270 270 270 270 270 270 270 270 270 270 270 270 270 270 270 270
271 271 271 272 272 272 273 274 274 276 277 280 283 288 295 303 307 308 300 294 289 286 284 281 278 276 274 274 273 273 273 272 269 264 265 266 263 261 258 256 257 257 255 253 252 249 246 243 241 244 249 253 255 256 258 260 262 263 265 266 266 267 268 268 268 268 269 269 269 269 269 269 269 270 270 270 270 270 270 270 270 270 270 270 270 270 270 270 270 270 270 270 270 270
271 271 272 272 272 273 273 274 275 276 278 280 283 287 292 299 305 307 305 294 289 287 285 282 278 275 275 275 274 274 273 270 264 259 261 262 261 260 259 258 259 257 255 254 252 249 247 243 242 246 251 253 254 256 259 261 262 264 265 266 267 267 268 268 268 268 269 269 269 269 269 269 269 270 270 270 270 270 270 270 270 270 270 270 270 270 270 270 270 270 270 270 270 270
271 271 272 272 272 273 273 274 275 276 278 280 283 286 291 296 303 309 314 298 290 287 285 282 278 276 275 275 275 274 272 266 259 257 259 260 259 259 259 260 260 258 256 254 252 250 247 244 245 249 252 253 255 257 260 262 263 264 265 266 267 267 267 268 268 268 269 269 269 269 269 269 269 270 270 270 270 270 270 270 270 270 270 270 270 270 270 270 270 270 270 270 270 270
271 271 272 272 272 273 273 274 275 276 278 280 282 285 289 294 299 310 317 304 294 288 285 281 278 276 275 275 275 274 269 261 254 256 259 260 258 258 260 261 261 259 257 255 253 251 248 246 247 250 252 254 257 259 261 262 264 265 265 266 267 267 267 268 268 269 269 269 269 269 269 269 269 270 270 270 270 270 270 270 270 270 270 270 270 270 270 270 270 270 270 270 270 270
271 271 272 272 272 273 273 274 275 276 277 279 281 284 287 291 297 304 309 308 300 290 285 281 279 277 275 275 275 274 266 254 250 253 257 259 258 260 263 264 264 262 259 257 254 252 250 249 249 251 254 256 258 260 262 263 264 265 266 267 267 267 267 268 268 269 269 269 269 269 269 269 269 270 270 270 270 270 270 270 270 270 270 270 270 270 270 270 270 270 270 270 270 270
271 272 272 272 272 273 273 274 275 276 277 278 280 283 286 289 293 298 302 305 305 296 286 282 280 278 276 275 275 272 262 249 246 249 251 253 253 259 264 265 266 265 263 259 257 255 253 252 252 254 256 258 260 261 263 264 264 265 266 267 267 267 268 268 268 269 269 269 269 269 269 269 269 270 270 270 270 270 270 270 270 270 270 270 270 270 270 270 270 270 270 270 270 270
271 272 272 272 272 273 273 274 275 275 277 278 279 281 284 287 290 293 297 301 305 304 292 284 281 279 278 276 274 268 258 249 247 247 246 246 247 254 261 264 266 267 265 262 260 258 256 255 255 256 258 260 261 262 263 264 265 266 266 267 267 268 268 268 268 269 269 269 269 269 269 269 269 270 270 270 270 270 270 270 270 270 270 270 270 270 270 270 270 270 270 270 270 270
271 271 272 272 272 273 273 274 274 275 276 277 279 280 282 284 287 290 293 296 300 303 301 290 284 281 278 276 271 264 256 252 250 248 245 243 245 251 258 261 263 265 264 264 263 261 259 258 258 259 260 261 262 263 264 265 266 266 267 267 267 268 268 268 268 269 269 269 269 269 269 269 269 270 270 270 270 270 270 270 270 270 270 270 270 270 270 270 270 270 270 270 270 270
271 271 272 272 272 273 273 274 274 275 276 277 278 279 281 283 284 287 289 292 295 298 301 300 289 283 279 275 269 261 254 253 252 248 244 243 245 251 257 260 262 263 263 264 264 263 261 260 260 261 262 263 263 264 265 265 266 266 267 267 268 268 268 268 268 269 269 269 269 269 269 269 269 270 270 270 270 270 270 270 270 270 270 270 270 270 270 270 270 270 270 270 270 270
271 271 272 272 272 273 273 273 274 274 275 276 277 278 279 281 282 284 286 288 290 292 296 298 295 286 280 276 271 262 254 253 253 249 245 244 248 253 257 260 261 262 263 264 264 264 263 262 262 263 263 264 264 265 265 266 266 267 267 268 268 268 268 268 269 269 269 269 269 269 269 269 270 270 270 270 270 270 270 270 270 270 270 270 270 270 270 270 270 270 270 270 270 270
271 271 272 272 272 272 273 273 274 274 275 275 276 277 278 279 281 282 283 285 286 288 290 292 291 287 283 279 273 264 258 256 253 249 247 248 252 256 258 260 261 263 264 264 265 264 264 264 264 264 264 264 265 265 266 266 267 267 267 268 268 268 268 268 269 269 269 269 269 269 269 269 270 270 270 270 270 270 270 270 270 270 270 270 270 270 270 270 270 270 270 270 270 270
271 271 272 272 272 272 273 273 273 274 274 275 276 276 277 278 279 280 281 282 283 284 285 286 286 285 283 281 276 268 263 259 255 251 250 252 255 258 259 261 262 264 264 265 265 265 265 265 265 265 265 265 266 266 266 267 267 267 268 268 268 268 268 269 269 269 269 269 269 269 269 269 270 270 270 270 270 270 270 270 270 270 270 270 270 270 270 270 270 270 270 270 270 270
271 271 271 272 272 272 272 273 273 274 274 274 275 276 276 277 278 278 279 280 281 281 282 282 281 281 280 278 276 272 267 262 258 255 254 256 258 260 261 262 264 264 265 265 265 265 265 265 265 265 266 266 266 267 267 267 267 268 268 268 268 268 269 269 269 269 269 269 269 269 269 270 270 270 270 270 270 270 270 270 270 270 270 270 270 270 270 270 270 270 270 270 270 270
271 271 271 272 272 272 272 273 273 273 274 274 274 275 275 276 277 277 278 278 279 279 279 279 279 278 277 275 274 271 268 264 261 258 258 259 260 261 263 264 264 265 265 265 265 266 266 266 266 266 266 267 267 267 267 267 268 268 268 268 268 268 269 269 269 269 269 269 269 269 269 270 270 270 270 270 270 270 270 270 270 270 270 270 270 270 270 270 270 270 270 270 270 270
271 271 271 271 272 272 272 272 273 273 273 274 274 274 275 275 276 276 276 277 277 277 277 277 277 276 275 274 272 270 268 266 264 262 261 262 262 263 264 264 265 265 265 266 266 266 266 266 266 267 267 267 267 267 267 268 268 268 268 268 268 269 269 269 269 269 269 269 269 269 270 270 270 270 270 270 270 270 270 270 270 270 270 270 270 270 270 270 270 270 270 270 270 270
271 271 271 271 272 272 272 272 272 273 273 273 274 274 274 274 275 275 275 276 276 276 275 275 275 274 273 272 271 270 268 267 265 264 264 264 264 264 265 265 265 266 266 266 267 267 267 267 267 267 267 267 267 268 268 268 268 268 268 268 269 269 269 269 269 269 269 269 269 269 270 270 270 270 270 270 270 270 270 270 270 270 270 270 270 270 270 270 270 270 270 270 270 270
271 271 271 271 271 272 272 272 272 272 273 273 273 273 274 274 274 274 275 275 275 275 275 274 274 273 273 272 271 270 268 267 267 266 265 265 265 265 266 266 266 266 266 267 267 267 267 267 267 267 267 267 268 268 268 268 268 268 268 269 269 269 269 269 269 269 269 269 269 270 270 270 270 270 270 270 270 270 270 270 270 270 270 270 270 270 270 270 270 270 270 270 270 270
271 271 271 271 271 271 272 272 272 272 272 273 273 273 273 273 273 274 274 274 274 274 274 273 273 273 272 271 270 270 269 268 267 267 266 266 266 266 266 266 267 267 267 267 267 267 267 267 267 268 268 268 268 268 268 268 268 268 269 269 269 269 269 269 269 269 269 269 270 270 270 270 270 270 270 270 270 270 270 270 270 270 270 270 270 270 270 270 270 270 270 270 270 270
271 271 271 271 271 271 271 272 272 272 272 272 272 273 273 273 273 273 273 273 273 273 273 273 272 272 271 271 270 270 269 268 268 268 267 267 267 267 267 267 267 267 267 268 268 268 268 268 268 268 268 268 268 268 268 268 269 269 269 269 269 269 269 269 269 269 269 269 270 270 270 270 270 270 270 270 270 270 270 270 270 270 270 270 270 270 270 270 270 270 270 270 270 270
271 271 271 271 271 271 271 271 272 272 272 272 272 272 272 273 273 273 273 273 273 273 272 272 272 272 271 271 270 270 269 269 268 268 268 268 267 267 267 267 268 268 268 268 268 268 268 268 268 268 268 268 268 268 268 269 269 269 269 269 269 269 269 269 269 269 269 270 270 270 270 270 270 270 270 270 270 270 270 270 270 270 270 270 270 270 270 270 270 270 270 270 270 270
271 271 271 271 271 271 271 271 271 271 272 272 272 272 272 272 272 272 272 272 272 272 272 272 272 271 271 271 270 270 269 269 269 268 268 268 268 268 268 268 268 268 268 268 268 268 268 268 268 268 268 268 268 269 269 269 269 269 269 269 269 269 269 269 269 269 270 270 270 270 270 270 270 270 270 270 270 270 270 270 270 270 270 270 270 270 270 270 270 270 270 270 270 270
271 271 271 271 271 271 271 271 271 271 271 272 272 272 272 272 272 272 272 272 272 272 272 271 271 271 271 270 270 270 270 269 269 269 269 268 268 268 268 268 268 268 268 268 268 268 268 268 268 268 268 269 269 269 269 269 269 269 269 269 269 269 269 269 269 270 270 270 270 270 270 270 270 270 270 270 270 270 270 270 270 270 270 270 270 270 270 270 270 270 270 270 270 270
270 271 271 271 271 271 271 271 271 271 271 271 271 271 272 272 272 272 272 272 272 271 271 271 271 271 271 270 270 270 270 269 269 269 269 269 269 269 268 268 268 268 268 268 268 268 268 268 269 269 269 269 269 269 269 269 269 269 269 269 269 269 269 269 270 270 270 270 270 270 270 270 270 270 270 270 270 270 270 270 270 270 270 270 270 270 270 270 270 270 270 270 270 270
270 270 271 271 271 271 271 271 271 271 271 271 271 271 271 271 271 271 271 271 271 271 271 271 271 271 270 270 270 270 270 269 269 269 269 269 269 269 269 269 269 269 269 269 269 269 269 269 269 269 269 269 269 269 269 269 269 269 269 269 269 269 269 270 270 270 270 270 270 270 270 270 270 270 270 270 270 270 270 270 270 270 270 270 270 270 270 270 270 270 270 270 270 270
270 270 270 271 271 271 271 271 271 271 271 271 271 271 271 271 271 271 271 271 271 271 271 271 271 271 270 270 270 270 270 270 269 269 269 269 269 269 269 269 269 269 269 269 269 269 269 269 269 269 269 269 269 269 269 269 269 269 269 269 269 270 270 270 270 270 270 270 270 270 270 270 270 270 270 270 270 270 270 270 270 270 270 270 270 270 270 270 270 270 270 270 270 270
