data/AilsaCraig_270_1_25m_ang_10m.asc
ncols	257
nrows	257
xllcorner	3364200.000000
yllcorner	3669375.000000
cellsize	25.000000
NODATA_value	-1.000000
[rows 84 to 125 of 257, columns 94 to 187 of 257]
270 270 270 270 270 270 270 270 270 270 270 270 270 270 270 270 270 270 270 270 270 270 270 270 270 270 270 270 270 270 270 270 270 270 270 270 270 270 270 270 270 270 270 270 270 270 270 270 270 270 270 270 270 270 270 270 270 270 270 270 270 270 270 270 270 270 270 270 270 270 270 270 270 270 270 270 270 270 270 270 270 270 270 270 270 270 270 270 270 270 270 270 270 270
270 270 270 270 270 270 270 270 270 270 270 270 270 270 270 270 270 270 270 270 270 270 270 270 270 270 270 270 270 270 270 270 270 270 270 270 270 270 270 270 270 270 270 270 270 270 270 270 270 270 270 270 270 270 270 270 270 270 270 270 270 270 270 270 270 270 270 270 270 270 270 270 270 270 270 270 270 270 270 270 270 270 270 270 270 270 270 270 270 270 270 270 270 270
270 270 270 270 270 270 270 270 270 270 270 270 270 270 270 270 270 270 270 270 270 270 270 270 270 270 270 270 270 270 270 270 270 270 270 270 270 270 270 270 270 270 270 270 270 270 270 270 270 270 270 270 270 270 270 270 270 270 270 270 270 270 270 270 270 270 270 270 270 270 270 270 270 270 270 270 270 270 270 270 270 270 270 270 270 270 270 270 270 270 270 270 270 270
270 270 270 270 270 270 270 270 270 270 270 270 270 270 270 270 270 270 270 270 270 270 270 270 270 270 270 270 270 270 270 270 270 270 270 270 270 270 270 270 270 270 270 270 270 270 270 270 270 270 270 270 270 270 270 270 270 270 270 270 270 270 270 270 270 270 270 270 270 270 270 270 270 270 270 270 270 270 270 270 270 270 270 270 270 270 270 270 270 270 270 270 270 270
270 270 270 270 270 270 270 270 270 270 270 270 270 270 270 270 269 269 269 269 269 269 269 269 269 269 270 270 270 270 270 270 270 270 270 270 270 270 270 270 270 270 270 270 271 271 271 271 271 271 271 271 270 270 270 270 270 270 270 270 270 270 270 270 270 270 270 270 270 270 270 270 270 270 270 270 270 270 270 270 270 270 270 270 270 270 270 270 270 270 270 270 270 270
270 270 270 270 270 270 270 270 270 270 270 270 270 270 269 269 269 269 269 269 269 269 269 269 269 269 269 269 270 270 270 270 270 270 270 270 270 270 270 270 270 270 271 271 271 271 271 271 271 271 271 271 271 271 271 270 270 270 270 270 270 270 270 270 270 270 270 270 270 270 270 270 270 270 270 270 270 270 270 270 270 270 270 270 270 270 270 270 270 270 270 270 270 270
270 270 270 270 270 270 270 270 270 270 270 270 269 269 269 269 269 269 269 269 269 269 269 269 269 269 269 269 269 270 270 270 270 270 270 270 270 270 270 270 271 271 271 271 271 271 271 271 271 271 271 271 271 271 271 271 271 270 270 270 270 270 270 270 270 270 270 270 270 270 270 270 270 270 270 270 270 270 270 270 270 270 270 270 270 270 270 270 270 270 270 270 270 270
270 270 270 270 270 270 270 270 270 270 269 269 269 269 269 269 269 269 269 269 269 269 269 269 269 269 269 269 269 269 270 270 270 270 270 270 270 270 270 271 271 271 271 271 271 271 271 271 271 271 271 271 271 271 271 271 271 271 271 270 270 270 270 270 270 270 270 270 270 270 270 270 270 270 270 270 270 270 270 270 270 270 270 270 270 270 270 270 270 270 270 270 270 270
270 270 270 270 270 270 270 270 270 269 269 269 269 269 269 269 269 269 269 269 269 269 269 269 269 269 269 269 269 269 269 270 270 270 270 270 270 270 271 271 271 271 271 271 271 271 271 271 271 271 271 271 271 271 271 271 271 271 271 271 270 270 270 270 270 270 270 270 270 270 270 270 270 270 270 270 270 270 270 270 270 270 270 270 270 270 270 270 270 270 270 270 270 270
270 270 270 270 270 270 270 270 269 269 269 269 269 269 269 269 269 269 269 269 269 269 269 269 269 269 269 269 269 269 269 269 270 270 270 270 270 271 271 271 271 271 271 271 271 271 271 271 271 271 271 271 271 271 271 271 271 271 271 271 271 270 270 270 270 270 270 270 270 270 270 270 270 270 270 270 270 270 270 270 270 270 270 270 270 270 270 270 270 270 270 270 270 270
270 270 270 270 270 270 270 269 269 269 269 269 269 269 269 269 269 269 269 269 269 269 269 269 269 269 269 269 269 269 269 269 270 270 270 270 270 271 271 271 271 271 271 271 271 271 271 271 271 271 271 271 271 271 271 271 271 271 271 271 271 271 270 270 270 270 270 270 270 270 270 270 270 270 270 270 270 270 270 270 270 270 270 270 270 270 270 270 270 270 270 270 270 270
270 270 270 270 270 270 269 269 269 269 269 269 269 269 269 269 269 269 268 268 268 268 268 268 268 268 268 269 269 269 269 269 269 270 270 270 270 271 271 271 271 271 271 272 272 272 272 272 272 271 271 271 271 271 271 271 271 271 271 271 271 271 271 271 270 270 270 270 270 270 270 270 270 270 270 270 270 270 270 270 270 270 270 270 270 270 270 270 270 270 270 270 270 270
270 270 270 270 270 269 269 269 269 269 269 269 269 269 269 269 268 268 268 268 268 268 268 268 268 268 268 268 268 269 269 269 269 270 270 270 271 271 271 271 271 272 272 272 272 272 272 272 272 272 272 272 271 271 271 271 271 271 271 271 271 271 271 271 271 270 270 270 270 270 270 270 270 270 270 270 270 270 270 270 270 270 270 270 270 270 270 270 270 270 270 270 270 270
270 270 270 270 269 269 269 269 269 269 269 269 269 269 268 268 268 268 268 268 268 268 268 268 268 268 268 268 268 268 269 269 269 270 270 270 271 271 271 272 272 272 272 272 272 272 272 272 272 272 272 272 272 272 271 271 271 271 271 271 271 271 271 271 271 270 270 270 270 270 270 270 270 270 270 270 270 270 270 270 270 270 270 270 270 270 270 270 270 270 270 270 270 270
270 270 270 269 269 269 269 269 269 269 269 269 269 268 268 268 268 268 268 268 268 267 267 267 267 267 267 268 268 268 268 269 269 270 270 270 271 271 272 272 272 272 272 272 273 273 272 272 272 272 272 272 272 272 272 272 271 271 271 271 271 271 271 271 271 271 270 270 270 270 270 270 270 270 270 270 270 270 270 270 270 270 270 270 270 270 270 270 270 270 270 270 270 270
270 270 269 269 269 269 269 269 269 269 269 269 268 268 268 268 268 268 267 267 267 267 267 267 267 267 267 267 267 267 268 268 269 269 270 271 271 272 272 272 273 273 273 273 273 273 273 273 273 273 272 272 272 272 272 272 272 271 271 271 271 271 271 271 271 271 271 270 270 270 270 270 270 270 270 270 270 270 270 270 270 270 270 270 270 270 270 270 270 270 270 270 270 270
270 270 269 269 269 269 269 269 269 269 269 268 268 268 268 268 267 267 267 267 267 267 266 266 266 266 266 266 267 267 267 268 269 269 270 271 271 272 272 273 273 273 273 274 273 273 273 273 273 273 273 273 272 272 272 272 272 272 271 271 271 271 271 271 271 271 271 271 270 270 270 270 270 270 270 270 270 270 270 270 270 270 270 270 270 270 270 270 270 270 270 270 270 270
270 269 269 269 269 269 269 269 269 269 268 268 268 268 268 267 267 267 267 267 266 266 266 266 265 265 265 265 266 266 267 267 268 269 270 271 272 273 273 274 274 274 274 274 274 274 274 274 273 273 273 273 273 272 272 272 272 272 272 271 271 271 271 271 271 271 271 271 270 270 270 270 270 270 270 270 270 270 270 270 270 270 270 270 270 270 270 270 270 270 270 270 270 270
269 269 269 269 269 269 269 269 269 268 268 268 268 268 267 267 267 267 266 266 266 266 265 265 265 264 264 264 264 265 266 267 268 269 270 271 272 273 274 275 275 275 275 275 275 275 274 274 274 274 273 273 273 273 273 272 272 272 272 272 271 271 271 271 271 271 271 271 271 270 270 270 270 270 270 270 270 270 270 270 270 270 270 270 270 270 270 270 270 270 270 270 270 270
269 269 269 269 269 269 269 269 268 268 268 268 268 267 267 267 267 266 266 266 265 265 264 264 263 263 263 263 263 264 264 266 267 269 270 272 273 274 275 276 276 276 276 276 276 276 275 275 274 274 274 274 273 273 273 273 272 272 272 272 272 271 271 271 271 271 271 271 271 271 270 270 270 270 270 270 270 270 270 270 270 270 270 270 270 270 270 270 270 270 270 270 270 270
269 269 269 269 269 269 269 268 268 268 268 268 267 267 267 267 266 266 266 265 265 264 263 263 262 262 261 261 261 262 263 264 266 268 270 272 274 276 277 278 278 278 278 278 277 277 276 276 275 275 274 274 274 273 273 273 273 272 272 272 272 272 271 271 271 271 271 271 271 271 270 270 270 270 270 270 270 270 270 270 270 270 270 270 270 270 270 270 270 270 270 270 270 270
269 269 269 269 269 269 269 268 268 268 268 267 267 267 267 266 266 266 265 264 263 263 262 261 261 260 259 259 258 259 260 262 265 267 270 272 275 277 279 280 281 280 280 279 278 278 277 276 276 275 275 274 274 274 273 273 273 273 272 272 272 272 271 271 271 271 271 271 271 271 271 270 270 270 270 270 270 270 270 270 270 270 270 270 270 270 270 270 270 270 270 270 270 270
269 269 269 269 269 269 268 268 268 268 268 267 267 267 266 266 266 265 264 263 262 262 261 260 259 258 257 256 255 254 256 259 264 267 269 271 275 279 282 284 284 283 282 281 280 279 278 277 277 276 276 275 275 274 274 273 273 273 272 272 272 272 272 271 271 271 271 271 271 271 271 270 270 270 270 270 270 270 270 270 270 270 270 270 270 270 270 270 270 270 270 270 270 270
269 269 269 269 269 269 268 268 268 268 267 267 267 267 266 266 265 264 263 262 262 261 260 258 257 255 254 252 250 248 248 255 264 269 269 271 275 281 287 289 288 286 285 283 282 280 279 279 278 277 276 276 275 275 274 274 273 273 273 272 272 272 272 271 271 271 271 271 271 271 271 270 270 270 270 270 270 270 270 270 270 270 270 270 270 270 270 270 270 270 270 270 270 270
269 269 269 269 269 268 268 268 268 268 267 267 267 266 266 265 265 264 263 262 261 260 258 257 255 253 250 247 245 240 240 250 263 271 274 275 281 287 293 296 294 290 287 285 284 282 281 280 279 278 277 276 276 275 274 274 274 273 273 273 272 272 272 272 271 271 271 271 271 271 271 271 270 270 270 270 270 270 270 270 270 270 270 270 270 270 270 270 270 270 270 270 270 270
269 269 269 269 269 268 268 268 268 267 267 267 267 266 266 265 264 263 262 261 260 258 257 255 252 250 246 242 238 235 235 247 262 274 280 282 286 292 299 303 298 293 290 288 286 284 283 281 280 279 278 277 276 276 275 274 274 273 273 273 272 272 272 272 271 271 271 271 271 271 271 271 270 270 270 270 270 270 270 270 270 270 270 270 270 270 270 270 270 270 270 270 270 270
269 269 269 269 268 268 268 268 268 267 267 267 266 266 265 264 263 262 261 260 259 257 255 253 250 247 242 237 232 229 233 247 264 278 283 284 289 296 304 305 297 292 291 290 288 286 285 283 282 280 279 278 277 276 275 275 274 274 273 273 273 272 272 272 272 271 271 271 271 271 271 271 270 270 270 270 270 270 270 270 270 270 270 270 270 270 270 270 270 270 270 270 270 270
269 269 269 269 268 268 268 268 267 267 267 267 266 265 264 264 263 262 260 259 257 255 253 250 247 244 239 232 226 227 235 250 268 282 285 283 288 298 306 302 292 288 290 293 292 290 287 285 283 282 280 279 278 277 276 275 274 274 273 273 273 272 272 272 272 271 271 271 271 271 271 271 270 270 270 270 270 270 270 270 270 270 270 270 270 270 270 270 270 270 270 270 270 270
269 269 269 269 268 268 268 268 267 267 267 267 266 265 264 263 262 261 259 258 256 254 251 248 245 242 237 230 225 228 236 254 271 283 286 283 287 297 302 294 288 285 286 292 294 294 291 288 285 283 282 280 279 277 276 275 275 274 274 273 273 272 272 272 272 271 271 271 271 271 271 271 271 270 270 270 270 270 270 270 270 270 270 270 270 270 270 270 270 270 270 270 270 270
269 269 269 268 268 268 268 268 267 267 267 266 265 264 263 263 262 260 258 257 254 251 248 244 242 241 238 231 227 231 241 261 272 280 282 280 284 290 288 285 285 284 283 287 294 298 295 291 288 285 283 281 279 278 277 276 275 274 274 273 273 273 272 272 272 271 271 271 271 271 271 271 271 270 270 270 270 270 270 270 270 270 270 270 270 270 270 270 270 270 270 270 270 270
269 269 269 268 268 268 268 267 267 267 267 266 265 264 263 262 261 259 257 255 252 249 245 241 240 241 240 234 232 237 250 266 272 275 275 276 278 280 281 281 283 283 283 285 291 300 302 297 291 288 285 282 280 279 277 276 275 275 274 273 273 273 272 272 272 272 271 271 271 271 271 271 271 270 270 270 270 270 270 270 270 270 270 270 270 270 270 270 270 270 270 270 270 270
269 269 269 268 268 268 268 267 267 267 266 266 265 264 263 262 260 258 256 254 250 246 242 239 239 242 243 238 239 245 257 267 271 270 270 272 273 273 278 281 282 284 285 286 289 298 308 304 295 290 287 284 281 279 278 277 275 275 274 273 273 273 272 272 272 272 271 271 271 271 271 271 271 270 270 270 270 270 270 270 270 270 270 270 270 270 270 270 270 270 270 270 270 270
269 269 269 268 268 268 268 267 267 267 266 265 264 264 263 261 260 258 255 252 248 243 239 238 240 244 244 242 246 252 260 266 267 266 266 270 271 270 276 283 284 285 286 288 289 294 309 308 300 293 289 285 282 280 278 277 276 275 274 274 273 273 272 272 272 272 271 271 271 271 271 271 271 270 270 270 270 270 270 270 270 270 270 270 270 270 270 270 270 270 270 270 270 270
269 269 269 268 268 268 268 267 267 267 266 265 264 263 262 261 259 257 254 250 244 239 238 240 244 246 246 246 252 258 262 264 263 263 266 270 272 270 274 282 286 286 286 288 289 291 302 312 306 296 291 287 284 281 279 277 276 275 274 274 273 273 272 272 272 272 271 271 271 271 271 271 271 270 270 270 270 270 270 270 270 270 270 270 270 270 270 270 270 270 270 270 270 270
269 269 269 268 268 268 268 267 267 266 266 265 264 263 262 260 258 256 252 247 241 237 237 242 247 248 249 252 257 260 262 261 261 262 266 270 271 273 276 279 282 286 287 287 289 291 297 313 311 300 293 288 285 282 279 278 276 275 274 274 273 273 272 272 272 272 271 271 271 271 271 271 271 270 270 270 270 270 270 270 270 270 270 270 270 270 270 270 270 270 270 270 270 270
269 269 269 268 268 268 268 267 267 266 266 265 264 263 261 260 258 255 251 244 238 235 237 243 248 250 252 256 258 260 261 260 261 263 267 269 271 275 278 278 279 284 288 288 290 291 294 308 314 305 295 289 285 282 280 278 276 275 274 274 273 273 272 272 272 271 271 271 271 271 271 271 271 270 270 270 270 270 270 270 270 270 270 270 270 270 270 270 270 270 270 270 270 270
269 269 269 268 268 268 268 267 267 266 266 265 264 263 261 259 257 254 249 242 237 235 237 242 247 250 254 257 258 259 260 261 262 265 267 268 271 275 277 278 279 282 285 288 290 291 293 301 314 308 298 291 286 283 280 278 277 275 274 274 273 273 272 272 272 271 271 271 271 271 271 271 270 270 270 270 270 270 270 270 270 270 270 270 270 270 270 270 270 270 270 270 270 270
269 269 269 268 268 268 268 267 267 266 265 265 264 262 261 259 257 253 248 241 237 237 239 243 245 249 254 256 256 257 260 262 265 266 267 268 271 274 277 278 279 280 283 288 291 293 293 297 308 309 302 293 287 283 281 278 277 275 274 273 273 272 272 272 272 271 271 271 271 271 271 271 270 270 270 270 270 270 270 270 270 270 270 270 270 270 270 270 270 270 270 270 270 270
269 269 269 268 268 268 268 267 267 266 265 265 264 262 261 259 256 252 247 242 238 238 242 245 246 248 253 255 256 258 261 264 266 267 268 269 271 273 276 277 278 281 284 288 291 293 293 294 300 308 305 295 288 283 281 278 277 275 274 273 273 272 272 272 271 271 271 271 271 271 271 271 270 270 270 270 270 270 270 270 270 270 270 270 270 270 270 270 270 270 270 270 270 270
269 269 269 268 268 268 268 267 267 266 265 264 263 262 261 258 256 251 247 243 240 240 244 248 249 250 252 255 256 260 263 265 267 269 269 270 271 273 274 276 278 281 285 287 289 291 292 291 293 302 304 296 288 283 280 278 276 275 274 273 273 272 272 272 271 271 271 271 271 271 271 270 270 270 270 270 270 270 270 270 270 270 270 270 270 270 270 270 270 270 270 270 270 270
269 269 269 268 268 268 268 267 267 266 265 265 263 262 260 258 255 251 247 245 243 242 245 249 251 252 254 255 257 262 265 267 268 270 270 271 272 272 273 275 277 281 284 286 287 288 289 289 288 292 301 297 289 283 280 278 276 275 274 273 272 272 272 271 271 271 271 271 271 271 270 270 270 270 270 270 270 270 270 270 270 270 270 270 270 270 270 270 270 270 270 270 270 270
269 269 269 269 268 268 268 267 267 266 265 265 263 262 260 257 254 250 247 246 245 245 247 250 253 255 257 257 259 263 266 268 270 271 271 272 272 273 272 273 275 279 281 282 283 284 286 286 285 287 293 297 290 283 279 277 276 275 273 273 272 272 271 271 271 271 271 271 271 271 270 270 270 270 270 270 270 270 270 270 270 270 270 270 270 270 270 270 270 270 270 270 270 270
