data/AilsaCraig_270_1_25m_ang_20m.asc
ncols	257
nrows	257
xllcorner	3364200.000000
yllcorner	3669375.000000
cellsize	25.000000
NODATA_value	-1.000000
[rows 84 to 125 of 257, columns 94 to 187 of 257]
270 270 270 270 270 270 270 270 270 270 270 270 270 270 270 270 270 270 270 270 270 270 270 270 270 270 270 270 270 270 270 270 270 270 270 270 270 270 270 270 270 270 270 270 270 270 270 270 270 270 270 270 270 270 270 270 270 270 270 270 270 270 270 270 270 270 270 270 270 270 270 270 270 270 270 270 270 270 270 270 270 270 270 270 270 270 270 270 270 270 270 270 270 270
270 270 270 270 270 270 270 270 270 270 270 270 270 270 270 270 270 270 270 270 270 270 270 270 270 270 270 270 270 270 270 270 270 270 270 270 270 270 270 270 270 270 270 270 270 270 270 270 270 270 270 270 270 270 270 270 270 270 270 270 270 270 270 270 270 270 270 270 270 270 270 270 270 270 270 270 270 270 270 270 270 270 270 270 270 270 270 270 270 270 270 270 270 270
270 270 270 270 270 270 270 270 270 270 270 270 270 270 270 270 270 270 270 270 270 270 270 270 270 270 270 270 270 270 270 270 270 270 270 270 270 270 270 270 270 270 270 270 270 270 270 270 270 270 270 270 270 270 270 270 270 270 270 270 270 270 270 270 270 270 270 270 270 270 270 270 270 270 270 270 270 270 270 270 270 270 270 270 270 270 270 270 270 270 270 270 270 270
270 270 270 270 270 270 270 270 270 270 270 270 270 270 270 270 270 270 270 270 270 270 270 270 270 270 270 270 270 270 270 270 270 270 270 270 270 270 270 270 270 270 270 270 270 270 270 270 270 270 270 270 270 270 270 270 270 270 270 270 270 270 270 270 270 270 270 270 270 270 270 270 270 270 270 270 270 270 270 270 270 270 270 270 270 270 270 270 270 270 270 270 270 270
270 270 270 270 270 270 270 270 270 270 270 270 270 270 270 270 269 269 269 269 269 269 269 269 269 269 270 270 270 270 270 270 270 270 270 270 270 270 270 270 270 270 270 270 271 271 271 271 271 271 271 271 271 270 270 270 270 270 270 270 270 270 270 270 270 270 270 270 270 270 270 270 270 270 270 270 270 270 270 270 270 270 270 270 270 270 270 270 270 270 270 270 270 270
270 270 270 270 270 270 270 270 270 270 270 270 270 269 269 269 269 269 269 269 269 269 269 269 269 269 269 269 270 270 270 270 270 270 270 270 270 270 270 270 270 270 271 271 271 271 271 271 271 271 271 271 271 271 271 271 270 270 270 270 270 270 270 270 270 270 270 270 270 270 270 270 270 270 270 270 270 270 270 270 270 270 270 270 270 270 270 270 270 270 270 270 270 270
270 270 270 270 270 270 270 270 270 270 270 269 269 269 269 269 269 269 269 269 269 269 269 269 269 269 269 269 269 270 270 270 270 270 270 270 270 270 270 270 271 271 271 271 271 271 271 271 271 271 271 271 271 271 271 271 271 271 270 270 270 270 270 270 270 270 270 270 270 270 270 270 270 270 270 270 270 270 270 270 270 270 270 270 270 270 270 270 270 270 270 270 270 270
270 270 270 270 270 270 270 270 270 270 269 269 269 269 269 269 269 269 269 269 269 269 269 269 269 269 269 269 269 269 270 270 270 270 270 270 270 270 270 271 271 271 271 271 271 271 271 271 271 271 271 271 271 271 271 271 271 271 271 270 270 270 270 270 270 270 270 270 270 270 270 270 270 270 270 270 270 270 270 270 270 270 270 270 270 270 270 270 270 270 270 270 270 270
270 270 270 270 270 270 270 270 269 269 269 269 269 269 269 269 269 269 269 269 269 269 269 269 269 269 269 269 269 269 269 270 270 270 270 270 270 270 271 271 271 271 271 271 271 271 271 271 271 271 271 271 271 271 271 271 271 271 271 271 271 270 270 270 270 270 270 270 270 270 270 270 270 270 270 270 270 270 270 270 270 270 270 270 270 270 270 270 270 270 270 270 270 270
270 270 270 270 270 270 270 269 269 269 269 269 269 269 269 269 269 269 269 269 269 269 269 269 269 269 269 269 269 269 269 269 270 270 270 270 270 270 271 271 271 271 271 271 271 271 271 271 271 271 271 271 271 271 271 271 271 271 271 271 271 271 270 270 270 270 270 270 270 270 270 270 270 270 270 270 270 270 270 270 270 270 270 270 270 270 270 270 270 270 270 270 270 270
270 270 270 270 270 270 269 269 269 269 269 269 269 269 269 269 269 269 269 269 269 269 269 269 269 269 269 269 269 269 269 269 270 270 270 270 270 271 271 271 271 271 271 271 271 271 271 271 271 271 271 271 271 271 271 271 271 271 271 271 271 271 271 270 270 270 270 270 270 270 270 270 270 270 270 270 270 270 270 270 270 270 270 270 270 270 270 270 270 270 270 270 270 270
270 270 270 270 270 269 269 269 269 269 269 269 269 269 269 269 269 269 268 268 268 268 268 268 268 268 269 269 269 269 269 269 270 270 270 270 270 271 271 271 271 271 271 271 272 272 272 272 271 271 271 271 271 271 271 271 271 271 271 271 271 271 271 271 270 270 270 270 270 270 270 270 270 270 270 270 270 270 270 270 270 270 270 270 270 270 270 270 270 270 270 270 270 270
270 270 270 270 269 269 269 269 269 269 269 269 269 269 269 269 268 268 268 268 268 268 268 268 268 268 268 268 269 269 269 269 269 270 270 270 271 271 271 271 271 272 272 272 272 272 272 272 272 272 272 272 271 271 271 271 271 271 271 271 271 271 271 271 271 270 270 270 270 270 270 270 270 270 270 270 270 270 270 270 270 270 270 270 270 270 270 270 270 270 270 270 270 270
270 270 270 269 269 269 269 269 269 269 269 269 269 269 268 268 268 268 268 268 268 268 268 268 268 268 268 268 268 268 269 269 269 270 270 270 271 271 271 271 272 272 272 272 272 272 272 272 272 272 272 272 272 272 271 271 271 271 271 271 271 271 271 271 271 271 270 270 270 270 270 270 270 270 270 270 270 270 270 270 270 270 270 270 270 270 270 270 270 270 270 270 270 270
270 270 269 269 269 269 269 269 269 269 269 269 269 268 268 268 268 268 268 268 268 268 268 267 267 267 268 268 268 268 268 269 269 270 270 270 271 271 272 272 272 272 272 272 272 272 272 272 272 272 272 272 272 272 272 272 271 271 271 271 271 271 271 271 271 271 271 270 270 270 270 270 270 270 270 270 270 270 270 270 270 270 270 270 270 270 270 270 270 270 270 270 270 270
270 270 269 269 269 269 269 269 269 269 269 269 268 268 268 268 268 268 268 267 267 267 267 267 267 267 267 267 267 268 268 268 269 269 270 271 271 271 272 272 272 273 273 273 273 273 273 273 273 272 272 272 272 272 272 272 272 271 271 271 271 271 271 271 271 271 271 271 270 270 270 270 270 270 270 270 270 270 270 270 270 270 270 270 270 270 270 270 270 270 270 270 270 270
270 269 269 269 269 269 269 269 269 269 269 268 268 268 268 268 268 267 267 267 267 267 267 266 266 266 266 267 267 267 267 268 269 269 270 271 271 272 272 273 273 273 273 273 273 273 273 273 273 273 273 272 272 272 272 272 272 272 271 271 271 271 271 271 271 271 271 271 270 270 270 270 270 270 270 270 270 270 270 270 270 270 270 270 270 270 270 270 270 270 270 270 270 270
269 269 269 269 269 269 269 269 269 269 268 268 268 268 268 267 267 267 267 267 267 266 266 266 266 266 266 266 266 266 267 268 268 269 270 271 272 272 273 273 274 274 274 274 274 274 274 273 273 273 273 273 273 272 272 272 272 272 272 271 271 271 271 271 271 271 271 271 271 270 270 270 270 270 270 270 270 270 270 270 270 270 270 270 270 270 270 270 270 270 270 270 270 270
269 269 269 269 269 269 269 269 269 268 268 268 268 268 267 267 267 267 267 266 266 266 265 265 265 265 265 265 265 265 266 267 268 269 270 271 272 273 274 274 275 275 275 275 275 274 274 274 274 274 273 273 273 273 272 272 272 272 272 272 271 271 271 271 271 271 271 271 271 270 270 270 270 270 270 270 270 270 270 270 270 270 270 270 270 270 270 270 270 270 270 270 270 270
269 269 269 269 269 269 269 269 268 268 268 268 268 267 267 267 267 266 266 266 265 265 265 264 264 263 263 263 264 264 265 266 267 269 270 272 273 274 275 276 276 276 276 276 276 275 275 275 274 274 274 273 273 273 273 273 272 272 272 272 272 271 271 271 271 271 271 271 271 271 270 270 270 270 270 270 270 270 270 270 270 270 270 270 270 270 270 270 270 270 270 270 270 270
269 269 269 269 269 269 269 268 268 268 268 268 267 267 267 267 266 266 266 265 265 264 264 263 263 262 262 262 262 262 263 265 266 268 270 272 274 275 276 277 278 278 277 277 277 276 276 275 275 275 274 274 274 273 273 273 273 272 272 272 272 272 271 271 271 271 271 271 271 271 271 270 270 270 270 270 270 270 270 270 270 270 270 270 270 270 270 270 270 270 270 270 270 270
269 269 269 269 269 269 269 268 268 268 268 268 267 267 267 266 266 266 265 265 264 263 263 262 261 261 260 259 259 260 261 263 265 268 270 272 274 276 278 279 280 280 279 278 278 277 277 276 276 275 275 274 274 274 273 273 273 272 272 272 272 272 271 271 271 271 271 271 271 271 271 270 270 270 270 270 270 270 270 270 270 270 270 270 270 270 270 270 270 270 270 270 270 270
269 269 269 269 269 269 268 268 268 268 268 267 267 267 267 266 266 265 265 264 263 262 262 261 260 259 258 257 256 256 257 260 264 268 270 272 275 278 281 283 283 282 281 280 279 278 278 277 276 276 275 275 274 274 274 273 273 273 272 272 272 272 272 271 271 271 271 271 271 271 271 270 270 270 270 270 270 270 270 270 270 270 270 270 270 270 270 270 270 270 270 270 270 270
269 269 269 269 269 269 268 268 268 268 267 267 267 267 266 266 265 265 264 263 262 261 260 259 258 257 255 253 252 250 251 257 264 269 270 272 276 281 286 288 287 285 283 282 281 280 279 278 277 277 276 275 275 274 274 274 273 273 273 272 272 272 272 271 271 271 271 271 271 271 271 271 270 270 270 270 270 270 270 270 270 270 270 270 270 270 270 270 270 270 270 270 270 270
269 269 269 269 269 268 268 268 268 268 267 267 267 266 266 265 265 264 263 262 261 260 259 258 256 254 252 249 247 243 244 251 263 270 274 277 281 286 291 293 291 288 286 284 282 281 280 279 278 277 277 276 275 275 274 274 273 273 273 272 272 272 272 272 271 271 271 271 271 271 271 271 270 270 270 270 270 270 270 270 270 270 270 270 270 270 270 270 270 270 270 270 270 270
269 269 269 269 269 268 268 268 268 267 267 267 267 266 266 265 264 263 262 261 260 259 258 256 254 252 249 245 241 238 238 250 263 273 279 282 285 290 295 298 295 290 288 286 284 283 282 281 279 278 277 277 276 275 275 274 274 273 273 273 272 272 272 272 271 271 271 271 271 271 271 271 270 270 270 270 270 270 270 270 270 270 270 270 270 270 270 270 270 270 270 270 270 270
269 269 269 269 268 268 268 268 268 267 267 267 266 266 265 264 264 263 262 261 259 258 256 254 252 249 245 240 235 233 237 251 265 276 281 283 287 293 299 300 294 290 289 288 287 285 283 282 281 280 278 277 277 276 275 275 274 274 273 273 272 272 272 272 272 271 271 271 271 271 271 271 271 270 270 270 270 270 270 270 270 270 270 270 270 270 270 270 270 270 270 270 270 270
269 269 269 269 268 268 268 268 267 267 267 267 266 265 265 264 263 262 261 260 258 257 255 252 250 246 242 236 230 231 239 254 268 279 283 283 286 294 300 298 290 287 288 290 289 287 286 284 282 281 279 278 277 276 276 275 274 274 273 273 273 272 272 272 272 271 271 271 271 271 271 271 271 270 270 270 270 270 270 270 270 270 270 270 270 270 270 270 270 270 270 270 270 270
269 269 269 269 268 268 268 268 267 267 267 266 266 265 264 263 263 261 260 259 257 255 253 250 247 244 240 234 230 232 242 258 270 279 283 282 284 291 297 292 287 285 285 288 291 290 289 286 284 282 281 279 278 277 276 275 275 274 273 273 273 272 272 272 272 271 271 271 271 271 271 271 271 270 270 270 270 270 270 270 270 270 270 270 270 270 270 270 270 270 270 270 270 270
269 269 269 268 268 268 268 268 267 267 267 266 265 265 264 263 262 261 259 258 256 253 250 247 245 243 240 234 232 235 247 263 271 277 280 279 282 287 288 285 284 284 283 286 291 294 292 289 286 284 282 280 279 278 276 276 275 274 274 273 273 272 272 272 272 271 271 271 271 271 271 271 271 270 270 270 270 270 270 270 270 270 270 270 270 270 270 270 270 270 270 270 270 270
269 269 269 268 268 268 268 268 267 267 267 266 265 264 264 263 261 260 258 256 254 251 248 245 243 244 241 237 236 241 254 266 271 274 275 275 277 280 282 282 283 283 283 285 289 296 297 293 289 286 284 281 280 278 277 276 275 274 274 273 273 273 272 272 272 271 271 271 271 271 271 271 271 270 270 270 270 270 270 270 270 270 270 270 270 270 270 270 270 270 270 270 270 270
269 269 269 268 268 268 268 268 267 267 266 266 265 264 263 262 261 259 257 255 252 249 245 243 243 244 243 240 242 248 259 267 269 270 271 272 274 275 278 281 283 284 285 286 288 294 301 298 292 288 285 283 281 279 277 276 275 274 274 273 273 273 272 272 272 271 271 271 271 271 271 271 271 270 270 270 270 270 270 270 270 270 270 270 270 270 270 270 270 270 270 270 270 270
269 269 269 268 268 268 268 267 267 267 266 265 265 264 263 262 260 259 256 254 250 246 243 242 244 246 245 244 248 254 261 266 267 267 268 270 272 273 276 282 284 285 286 287 288 292 301 302 296 291 287 284 281 279 278 277 276 275 274 273 273 273 272 272 272 272 271 271 271 271 271 271 271 270 270 270 270 270 270 270 270 270 270 270 270 270 270 270 270 270 270 270 270 270
269 269 269 268 268 268 268 267 267 267 266 265 265 264 263 261 260 258 255 252 248 244 242 243 246 247 247 248 253 258 262 264 264 264 267 270 272 273 275 281 284 285 286 287 288 290 298 304 300 293 288 285 282 280 278 277 276 275 274 273 273 273 272 272 272 271 271 271 271 271 271 271 271 270 270 270 270 270 270 270 270 270 270 270 270 270 270 270 270 270 270 270 270 270
269 269 269 268 268 268 268 267 267 266 266 265 264 264 262 261 259 257 254 250 245 241 242 245 248 249 250 252 256 260 262 262 262 264 267 270 272 274 277 279 282 285 287 287 289 290 294 305 304 297 290 286 283 281 279 277 276 275 274 274 273 273 272 272 272 271 271 271 271 271 271 271 271 270 270 270 270 270 270 270 270 270 270 270 270 270 270 270 270 270 270 270 270 270
269 269 269 268 268 268 268 267 267 266 266 265 264 263 262 261 259 256 253 248 243 240 241 245 248 250 252 255 258 260 261 261 262 264 267 269 272 275 277 279 280 283 287 288 289 290 293 301 307 300 292 287 284 281 279 277 276 275 274 273 273 273 272 272 272 271 271 271 271 271 271 271 271 270 270 270 270 270 270 270 270 270 270 270 270 270 270 270 270 270 270 270 270 270
269 269 269 268 268 268 268 267 267 266 266 265 264 263 262 260 258 255 252 246 242 240 241 245 248 250 254 256 257 258 260 261 263 265 267 269 272 275 277 279 280 282 285 287 289 291 292 298 307 303 294 289 284 282 279 278 276 275 274 273 273 272 272 272 272 271 271 271 271 271 271 271 270 270 270 270 270 270 270 270 270 270 270 270 270 270 270 270 270 270 270 270 270 270
269 269 269 268 268 268 268 267 267 266 266 265 264 263 262 260 258 255 251 246 242 241 243 245 247 250 254 256 256 258 260 262 265 266 267 269 271 274 277 278 280 281 284 287 290 291 292 294 302 303 297 290 285 282 280 278 276 275 274 273 273 272 272 272 271 271 271 271 271 271 271 271 270 270 270 270 270 270 270 270 270 270 270 270 270 270 270 270 270 270 270 270 270 270
269 269 269 268 268 268 268 267 267 266 266 265 264 263 261 260 257 254 250 246 243 243 245 247 248 250 253 255 256 258 261 264 266 267 268 270 271 274 276 278 279 281 284 287 289 291 291 292 296 301 298 291 285 282 279 278 276 275 274 273 273 272 272 272 271 271 271 271 271 271 271 271 270 270 270 270 270 270 270 270 270 270 270 270 270 270 270 270 270 270 270 270 270 270
269 269 269 268 268 268 268 267 267 266 266 265 264 263 261 259 257 254 250 247 245 244 247 249 250 251 253 255 256 260 263 265 267 268 269 270 272 273 275 277 279 281 284 286 288 289 290 290 291 296 297 292 286 282 279 277 276 275 274 273 273 272 272 271 271 271 271 271 271 271 271 270 270 270 270 270 270 270 270 270 270 270 270 270 270 270 270 270 270 270 270 270 270 270
269 269 269 269 268 268 268 267 267 266 266 265 264 263 261 259 257 254 251 249 247 246 248 250 251 253 254 255 258 261 264 266 268 269 270 271 272 273 274 276 278 280 283 285 286 286 287 287 287 289 294 292 286 282 279 277 276 274 274 273 272 272 272 271 271 271 271 271 271 271 270 270 270 270 270 270 270 270 270 270 270 270 270 270 270 270 270 270 270 270 270 270 270 270
269 269 269 269 268 268 268 268 267 266 266 265 264 263 261 259 256 253 251 249 248 248 249 251 253 255 256 257 260 263 265 267 269 270 271 272 273 274 274 274 276 278 280 282 282 283 284 285 284 285 288 290 286 281 278 276 275 274 273 273 272 272 271 271 271 271 271 271 271 270 270 270 270 270 270 270 270 270 270 270 270 270 270 270 270 270 270 270 270 270 270 270 270 270
