data/AilsaCraig_270_1_25m_ang_2m.asc
ncols	257
nrows	257
xllcorner	3364200.000000
yllcorner	3669375.000000
cellsize	25.000000
NODATA_value	-1.000000
[rows 84 to 125 of 257, columns 94 to 187 of 257]
270 270 270 270 270 270 270 270 270 270 270 270 270 270 270 270 270 270 270 270 270 270 270 270 270 270 270 270 270 270 270 270 270 270 270 270 270 270 270 270 270 270 270 270 270 270 270 270 270 270 270 270 270 270 270 270 270 270 270 270 270 270 270 270 270 270 270 270 270 270 270 270 270 270 270 270 270 270 270 270 270 270 270 270 270 270 270 270 270 270 270 270 270 270
270 270 270 270 270 270 270 270 270 270 270 270 270 270 270 270 270 270 270 270 270 270 270 270 270 270 270 270 270 270 270 270 270 270 270 270 270 270 270 270 270 270 270 270 270 270 270 270 270 270 270 270 270 270 270 270 270 270 270 270 270 270 270 270 270 270 270 270 270 270 270 270 270 270 270 270 270 270 270 270 270 270 270 270 270 270 270 270 270 270 270 270 270 270
270 270 270 270 270 270 270 270 270 270 270 270 270 270 270 270 270 270 270 270 270 270 270 270 270 270 270 270 270 270 270 270 270 270 270 270 270 270 270 270 270 270 270 270 270 270 270 270 270 270 270 270 270 270 270 270 270 270 270 270 270 270 270 270 270 270 270 270 270 270 270 270 270 270 270 270 270 270 270 270 270 270 270 270 270 270 270 270 270 270 270 270 270 270
270 270 270 270 270 270 270 270 270 270 270 270 270 270 270 270 270 270 270 269 269 269 269 269 270 270 270 270 270 270 270 270 270 270 270 270 270 270 270 270 270 270 270 270 270 270 271 271 271 270 270 270 270 270 270 270 270 270 270 270 270 270 270 270 270 270 270 270 270 270 270 270 270 270 270 270 270 270 270 270 270 270 270 270 270 270 270 270 270 270 270 270 270 270
270 270 270 270 270 270 270 270 270 270 270 270 270 270 270 269 269 269 269 269 269 269 269 269 269 269 270 270 270 270 270 270 270 270 270 270 270 270 270 270 270 270 270 271 271 271 271 271 271 271 271 271 271 270 270 270 270 270 270 270 270 270 270 270 270 270 270 270 270 270 270 270 270 270 270 270 270 270 270 270 270 270 270 270 270 270 270 270 270 270 270 270 270 270
270 270 270 270 270 270 270 270 270 270 270 270 270 269 269 269 269 269 269 269 269 269 269 269 269 269 269 269 270 270 270 270 270 270 270 270 270 270 270 270 270 271 271 271 271 271 271 271 271 271 271 271 271 271 271 271 270 270 270 270 270 270 270 270 270 270 270 270 270 270 270 270 270 270 270 270 270 270 270 270 270 270 270 270 270 270 270 270 270 270 270 270 270 270
270 270 270 270 270 270 270 270 270 270 270 269 269 269 269 269 269 269 269 269 269 269 269 269 269 269 269 269 269 269 270 270 270 270 270 270 270 270 270 270 271 271 271 271 271 271 271 271 271 271 271 271 271 271 271 271 271 271 270 270 270 270 270 270 270 270 270 270 270 270 270 270 270 270 270 270 270 270 270 270 270 270 270 270 270 270 270 270 270 270 270 270 270 270
270 270 270 270 270 270 270 270 270 270 269 269 269 269 269 269 269 269 269 269 269 269 269 269 269 269 269 269 269 269 270 270 270 270 270 270 270 270 270 271 271 271 271 271 271 271 271 271 271 271 271 271 271 271 271 271 271 271 271 271 270 270 270 270 270 270 270 270 270 270 270 270 270 270 270 270 270 270 270 270 270 270 270 270 270 270 270 270 270 270 270 270 270 270
270 270 270 270 270 270 270 270 269 269 269 269 269 269 269 269 269 269 269 269 269 269 269 269 269 269 269 269 269 269 269 270 270 270 270 270 270 270 271 271 271 271 271 271 271 271 271 271 271 271 271 271 271 271 271 271 271 271 271 271 271 270 270 270 270 270 270 270 270 270 270 270 270 270 270 270 270 270 270 270 270 270 270 270 270 270 270 270 270 270 270 270 270 270
270 270 270 270 270 270 270 269 269 269 269 269 269 269 269 269 269 269 269 269 269 269 269 269 269 269 269 269 269 269 269 269 270 270 270 270 270 271 271 271 271 271 271 271 271 271 271 271 271 271 271 271 271 271 271 271 271 271 271 271 271 271 270 270 270 270 270 270 270 270 270 270 270 270 270 270 270 270 270 270 270 270 270 270 270 270 270 270 270 270 270 270 270 270
270 270 270 270 270 270 269 269 269 269 269 269 269 269 269 269 269 269 269 268 268 268 268 268 268 269 269 269 269 269 269 269 270 270 270 270 270 271 271 271 271 271 271 271 271 271 271 271 271 271 271 271 271 271 271 271 271 271 271 271 271 271 271 270 270 270 270 270 270 270 270 270 270 270 270 270 270 270 270 270 270 270 270 270 270 270 270 270 270 270 270 270 270 270
270 270 270 270 270 269 269 269 269 269 269 269 269 269 269 269 269 268 268 268 268 268 268 268 268 268 268 268 269 269 269 269 269 270 270 270 271 271 271 271 271 271 272 272 272 272 272 272 272 272 272 271 271 271 271 271 271 271 271 271 271 271 271 271 270 270 270 270 270 270 270 270 270 270 270 270 270 270 270 270 270 270 270 270 270 270 270 270 270 270 270 270 270 270
270 270 270 270 269 269 269 269 269 269 269 269 269 269 269 268 268 268 268 268 268 268 268 268 268 268 268 268 268 269 269 269 269 270 270 270 271 271 271 271 272 272 272 272 272 272 272 272 272 272 272 272 272 272 271 271 271 271 271 271 271 271 271 271 271 270 270 270 270 270 270 270 270 270 270 270 270 270 270 270 270 270 270 270 270 270 270 270 270 270 270 270 270 270
270 270 270 269 269 269 269 269 269 269 269 269 269 268 268 268 268 268 268 268 268 268 268 268 268 268 268 268 268 268 268 269 269 270 270 270 271 271 271 272 272 272 272 272 272 272 272 272 272 272 272 272 272 272 272 271 271 271 271 271 271 271 271 271 271 271 270 270 270 270 270 270 270 270 270 270 270 270 270 270 270 270 270 270 270 270 270 270 270 270 270 270 270 270
270 270 269 269 269 269 269 269 269 269 269 269 268 268 268 268 268 268 268 267 267 267 267 267 267 267 267 267 267 268 268 269 269 269 270 270 271 271 272 272 272 273 273 273 273 273 273 273 272 272 272 272 272 272 272 272 272 271 271 271 271 271 271 271 271 271 271 270 270 270 270 270 270 270 270 270 270 270 270 270 270 270 270 270 270 270 270 270 270 270 270 270 270 270
270 270 269 269 269 269 269 269 269 269 269 268 268 268 268 268 268 267 267 267 267 267 267 267 267 267 267 267 267 267 268 268 269 269 270 271 271 272 272 273 273 273 273 273 273 273 273 273 273 273 273 272 272 272 272 272 272 272 271 271 271 271 271 271 271 271 271 271 270 270 270 270 270 270 270 270 270 270 270 270 270 270 270 270 270 270 270 270 270 270 270 270 270 270
270 269 269 269 269 269 269 269 269 269 268 268 268 268 268 267 267 267 267 267 267 266 266 266 266 266 266 266 266 267 267 268 268 269 270 271 272 272 273 273 273 274 274 274 274 274 274 273 273 273 273 273 273 272 272 272 272 272 272 271 271 271 271 271 271 271 271 271 270 270 270 270 270 270 270 270 270 270 270 270 270 270 270 270 270 270 270 270 270 270 270 270 270 270
269 269 269 269 269 269 269 269 269 268 268 268 268 268 267 267 267 267 267 266 266 266 266 265 265 265 265 265 265 266 266 267 268 269 270 271 272 273 273 274 274 275 275 275 274 274 274 274 274 274 273 273 273 273 272 272 272 272 272 272 271 271 271 271 271 271 271 271 271 270 270 270 270 270 270 270 270 270 270 270 270 270 270 270 270 270 270 270 270 270 270 270 270 270
269 269 269 269 269 269 269 269 268 268 268 268 268 267 267 267 267 266 266 266 266 265 265 264 264 264 264 264 264 265 265 266 268 269 270 271 272 274 274 275 275 276 276 276 275 275 275 275 274 274 274 273 273 273 273 272 272 272 272 272 272 271 271 271 271 271 271 271 271 271 270 270 270 270 270 270 270 270 270 270 270 270 270 270 270 270 270 270 270 270 270 270 270 270
269 269 269 269 269 269 269 268 268 268 268 268 267 267 267 267 266 266 266 266 265 264 264 263 263 262 262 262 263 263 264 265 267 268 270 272 273 275 276 276 277 277 277 277 276 276 276 275 275 274 274 274 274 273 273 273 273 272 272 272 272 272 271 271 271 271 271 271 271 271 270 270 270 270 270 270 270 270 270 270 270 270 270 270 270 270 270 270 270 270 270 270 270 270
269 269 269 269 269 269 269 268 268 268 268 267 267 267 267 266 266 266 265 265 264 263 263 262 261 261 260 260 261 261 262 264 266 268 270 272 274 276 277 278 279 279 279 278 278 277 277 276 276 275 275 274 274 274 273 273 273 273 272 272 272 272 271 271 271 271 271 271 271 271 271 270 270 270 270 270 270 270 270 270 270 270 270 270 270 270 270 270 270 270 270 270 270 270
269 269 269 269 269 269 268 268 268 268 268 267 267 267 266 266 266 265 265 264 263 262 261 261 260 259 258 258 258 258 259 262 264 267 270 272 275 277 280 281 281 281 281 280 279 278 278 277 276 276 275 275 274 274 274 273 273 273 272 272 272 272 272 271 271 271 271 271 271 271 271 270 270 270 270 270 270 270 270 270 270 270 270 270 270 270 270 270 270 270 270 270 270 270
269 269 269 269 269 269 268 268 268 268 267 267 267 266 266 266 265 265 264 263 262 261 260 259 258 257 256 255 253 253 255 259 263 267 269 271 275 279 283 285 285 284 283 282 281 280 279 278 277 277 276 275 275 274 274 274 273 273 273 272 272 272 272 271 271 271 271 271 271 271 271 270 270 270 270 270 270 270 270 270 270 270 270 270 270 270 270 270 270 270 270 270 270 270
269 269 269 269 269 268 268 268 268 267 267 267 267 266 266 266 265 264 263 262 261 260 259 258 256 254 252 250 249 246 246 255 264 268 269 270 275 282 288 290 290 288 286 284 283 281 280 279 278 277 277 276 275 275 274 274 274 273 273 273 272 272 272 272 271 271 271 271 271 271 271 271 270 270 270 270 270 270 270 270 270 270 270 270 270 270 270 270 270 270 270 270 270 270
269 269 269 269 269 268 268 268 268 267 267 267 266 266 266 265 264 263 262 261 260 259 257 255 253 251 249 245 243 238 237 249 264 271 273 275 280 287 295 298 295 292 289 287 285 283 282 281 280 279 278 277 276 275 275 274 274 273 273 273 272 272 272 272 271 271 271 271 271 271 271 271 270 270 270 270 270 270 270 270 270 270 270 270 270 270 270 270 270 270 270 270 270 270
269 269 269 269 268 268 268 268 267 267 267 267 266 266 265 264 263 262 261 260 259 257 256 253 251 248 244 240 237 234 233 245 261 275 280 282 287 293 302 306 300 295 292 289 287 285 284 282 281 280 279 278 277 276 275 275 274 274 273 273 273 272 272 272 272 271 271 271 271 271 271 271 270 270 270 270 270 270 270 270 270 270 270 270 270 270 270 270 270 270 270 270 270 270
269 269 269 269 268 268 268 268 267 267 267 267 266 266 265 263 263 262 260 259 258 256 254 251 248 245 240 234 230 228 231 246 264 279 284 284 290 298 307 309 299 294 293 292 290 288 286 284 283 281 280 278 277 277 276 275 274 274 273 273 273 272 272 272 272 271 271 271 271 271 271 271 271 270 270 270 270 270 270 270 270 270 270 270 270 270 270 270 270 270 270 270 270 270
269 269 269 269 268 268 268 268 267 267 267 266 266 265 264 263 262 261 259 258 256 254 252 249 245 241 236 230 223 224 233 248 268 284 287 283 290 301 310 304 293 289 292 295 294 291 289 287 285 283 281 280 278 277 276 275 275 274 274 273 273 273 272 272 272 272 271 271 271 271 271 271 271 270 270 270 270 270 270 270 270 270 270 270 270 270 270 270 270 270 270 270 270 270
269 269 269 268 268 268 268 267 267 267 267 266 266 264 263 262 261 260 259 257 255 252 249 246 242 239 234 227 222 226 234 252 271 286 288 283 288 300 305 295 289 286 287 294 297 296 293 289 287 285 283 281 279 278 277 276 275 274 274 273 273 273 272 272 272 272 271 271 271 271 271 271 271 270 270 270 270 270 270 270 270 270 270 270 270 270 270 270 270 270 270 270 270 270
269 269 269 268 268 268 268 267 267 267 267 266 265 264 263 262 261 259 257 255 253 250 246 242 239 238 235 228 224 229 239 260 273 282 282 281 285 292 288 285 287 285 283 287 296 301 298 293 290 287 284 282 280 279 277 276 275 275 274 274 273 273 272 272 272 272 271 271 271 271 271 271 271 270 270 270 270 270 270 270 270 270 270 270 270 270 270 270 270 270 270 270 270 270
269 269 269 268 268 268 268 267 267 267 266 266 264 263 263 262 260 258 256 254 251 247 242 238 237 239 239 232 229 236 248 266 273 276 275 276 279 280 280 280 283 284 283 285 292 303 305 300 294 290 286 284 281 280 278 277 276 275 274 274 273 273 272 272 272 272 271 271 271 271 271 271 271 270 270 270 270 270 270 270 270 270 270 270 270 270 270 270 270 270 270 270 270 270
269 269 268 268 268 268 267 267 267 267 266 265 264 263 262 261 259 257 255 252 248 244 239 236 236 240 242 236 237 244 255 267 271 270 269 272 272 272 278 281 282 285 286 287 290 300 313 308 297 293 289 285 282 280 279 277 276 275 274 274 273 273 272 272 272 272 271 271 271 271 271 271 271 270 270 270 270 270 270 270 270 270 270 270 270 270 270 270 270 270 270 270 270 270
269 269 268 268 268 268 267 267 267 267 266 265 264 263 262 260 259 256 254 250 245 240 236 235 238 242 243 240 245 252 260 266 268 265 265 270 271 269 276 283 285 286 287 289 290 296 315 313 303 296 290 287 284 281 279 278 276 275 274 274 273 273 273 272 272 272 271 271 271 271 271 271 271 270 270 270 270 270 270 270 270 270 270 270 270 270 270 270 270 270 270 270 270 270
269 269 268 268 268 268 267 267 267 266 265 264 264 263 262 260 258 255 252 248 242 236 234 237 241 244 244 245 251 257 262 264 263 262 265 270 271 269 274 283 287 286 286 288 290 292 305 317 309 299 293 288 285 282 280 278 276 275 275 274 273 273 273 272 272 272 271 271 271 271 271 271 271 270 270 270 270 270 270 270 270 270 270 270 270 270 270 270 270 270 270 270 270 270
269 269 268 268 268 268 267 267 267 266 265 264 264 263 261 259 257 254 250 244 237 233 234 240 246 248 248 251 256 260 262 261 260 261 266 270 271 272 276 280 283 287 288 288 290 291 298 318 315 304 296 290 286 283 280 278 277 276 275 274 273 273 272 272 272 272 271 271 271 271 271 271 271 270 270 270 270 270 270 270 270 270 270 270 270 270 270 270 270 270 270 270 270 270
269 269 268 268 268 268 267 267 267 266 265 264 264 262 261 259 256 253 248 241 234 232 234 241 247 249 251 255 259 260 261 260 260 263 266 269 271 275 278 277 278 285 289 288 291 291 295 312 319 309 298 292 287 284 281 279 277 276 275 274 273 273 272 272 272 272 271 271 271 271 271 271 271 270 270 270 270 270 270 270 270 270 270 270 270 270 270 270 270 270 270 270 270 270
269 269 268 268 268 268 267 267 267 266 265 264 263 262 260 258 256 252 246 238 232 232 234 240 245 249 254 257 258 258 259 260 262 264 266 268 271 275 277 278 279 282 286 289 291 292 293 304 319 312 301 294 288 284 282 279 277 276 275 274 273 273 272 272 272 272 271 271 271 271 271 271 271 270 270 270 270 270 270 270 270 270 270 270 270 270 270 270 270 270 270 270 270 270
269 269 268 268 268 268 267 267 267 266 265 264 263 262 260 258 255 251 245 237 232 233 236 241 244 247 253 257 256 257 259 262 264 266 267 268 271 274 277 278 279 280 284 289 292 294 295 299 312 313 306 296 289 285 282 279 277 276 275 274 273 273 272 272 272 271 271 271 271 271 271 271 270 270 270 270 270 270 270 270 270 270 270 270 270 270 270 270 270 270 270 270 270 270
269 269 268 268 268 268 268 267 267 266 265 264 263 261 260 258 254 250 243 237 234 234 239 243 244 247 252 255 255 257 261 264 266 267 268 268 270 273 276 277 278 281 285 289 292 294 295 295 303 314 310 299 290 285 282 279 277 276 274 274 273 273 272 272 272 271 271 271 271 271 271 271 270 270 270 270 270 270 270 270 270 270 270 270 270 270 270 270 270 270 270 270 270 270
269 269 268 268 268 268 268 267 267 266 265 264 263 261 260 257 254 249 243 239 236 236 242 246 247 248 252 254 256 259 263 265 267 269 269 270 271 273 274 276 278 282 285 289 290 292 293 292 294 307 310 300 291 285 282 279 277 275 274 274 273 272 272 272 271 271 271 271 271 271 271 271 270 270 270 270 270 270 270 270 270 270 270 270 270 270 270 270 270 270 270 270 270 270
269 269 269 268 268 268 268 267 267 266 265 264 263 261 259 256 253 248 244 241 239 238 243 248 250 252 253 255 257 261 265 267 268 270 271 271 272 272 273 275 278 281 285 287 288 289 290 290 289 294 306 302 292 285 281 279 277 275 274 273 273 272 272 272 271 271 271 271 271 271 271 270 270 270 270 270 270 270 270 270 270 270 270 270 270 270 270 270 270 270 270 270 270 270
269 269 269 268 268 268 268 267 267 266 265 264 263 261 259 256 251 246 244 243 241 242 245 249 252 254 256 257 259 263 266 268 270 271 271 272 273 273 272 273 276 279 282 283 284 285 287 288 287 288 297 302 294 285 281 278 277 275 274 273 272 272 272 271 271 271 271 271 271 271 270 270 270 270 270 270 270 270 270 270 270 270 270 270 270 270 270 270 270 270 270 270 270 270
