data/AilsaCraig_45_1_25m_vel_2m.asc
ncols	257
nrows	257
xllcorner	3364200.000000
yllcorner	3669375.000000
cellsize	25.000000
NODATA_value	-1.000000
[rows 114 to 151 of 257, columns 84 to 167 of 257]
1.21 1.21 1.21 1.21 1.21 1.21 1.21 1.21 1.21 1.21 1.21 1.21 1.21 1.21 1.21 1.21 1.21 1.21 1.21 1.22 1.22 1.22 1.22 1.23 1.23 1.24 1.24 1.25 1.26 1.27 1.29 1.30 1.33 1.35 1.39 1.37 1.23 1.15 1.26 1.37 1.55 2.01 2.03 1.49 1.31 1.42 1.25 0.85 0.68 0.64 0.61 0.60 0.67 0.70 0.56 0.37 0.40 0.53 0.65 0.73 0.79 0.85 0.90 0.94 0.98 1.01 1.04 1.06 1.08 1.10 1.11 1.12 1.13 1.14 1.14 1.15 1.16 1.16 1.17 1.17 1.18 1.18 1.19 1.19
1.21 1.21 1.21 1.21 1.21 1.21 1.21 1.21 1.21 1.21 1.21 1.21 1.21 1.21 1.21 1.21 1.21 1.21 1.21 1.22 1.22 1.21 1.22 1.22 1.23 1.23 1.24 1.25 1.27 1.28 1.29 1.30 1.32 1.35 1.39 1.40 1.26 1.14 1.21 1.30 1.53 2.06 2.04 1.47 1.41 1.48 1.27 1.01 0.77 0.67 0.66 0.63 0.65 0.70 0.66 0.49 0.36 0.43 0.58 0.68 0.76 0.82 0.87 0.92 0.96 1.00 1.03 1.05 1.07 1.09 1.11 1.12 1.13 1.14 1.14 1.15 1.16 1.16 1.17 1.17 1.18 1.18 1.18 1.19
1.21 1.21 1.21 1.21 1.21 1.21 1.21 1.21 1.21 1.21 1.21 1.21 1.21 1.21 1.21 1.21 1.21 1.21 1.21 1.21 1.21 1.21 1.21 1.22 1.23 1.23 1.24 1.25 1.27 1.28 1.30 1.32 1.33 1.35 1.39 1.41 1.30 1.19 1.22 1.27 1.56 2.11 2.07 1.53 1.49 1.50 1.26 1.17 0.97 0.72 0.69 0.68 0.66 0.67 0.68 0.56 0.35 0.38 0.51 0.63 0.73 0.79 0.85 0.90 0.95 0.99 1.02 1.05 1.07 1.09 1.10 1.11 1.12 1.13 1.14 1.15 1.16 1.16 1.17 1.17 1.18 1.18 1.18 1.19
1.21 1.21 1.21 1.21 1.21 1.21 1.21 1.21 1.21 1.21 1.21 1.21 1.21 1.21 1.21 1.21 1.21 1.21 1.21 1.21 1.21 1.21 1.21 1.22 1.22 1.23 1.24 1.25 1.26 1.28 1.30 1.33 1.37 1.37 1.37 1.37 1.31 1.23 1.23 1.27 1.58 2.11 2.13 1.73 1.59 1.50 1.25 1.19 1.13 0.85 0.70 0.70 0.70 0.68 0.66 0.60 0.41 0.37 0.44 0.58 0.69 0.77 0.83 0.88 0.93 0.98 1.01 1.04 1.06 1.08 1.10 1.11 1.12 1.13 1.14 1.15 1.15 1.16 1.17 1.17 1.18 1.18 1.18 1.19
1.21 1.21 1.21 1.21 1.21 1.21 1.21 1.20 1.20 1.20 1.20 1.20 1.20 1.20 1.20 1.21 1.21 1.21 1.21 1.21 1.21 1.21 1.21 1.21 1.22 1.22 1.23 1.24 1.26 1.29 1.32 1.34 1.39 1.40 1.37 1.32 1.27 1.23 1.24 1.29 1.59 2.03 2.14 1.91 1.70 1.53 1.31 1.20 1.16 1.02 0.82 0.71 0.72 0.73 0.68 0.66 0.54 0.40 0.44 0.55 0.66 0.75 0.82 0.87 0.92 0.97 1.00 1.03 1.06 1.08 1.10 1.11 1.12 1.13 1.14 1.15 1.15 1.16 1.17 1.17 1.18 1.18 1.18 1.19
1.21 1.21 1.21 1.21 1.21 1.20 1.20 1.20 1.20 1.20 1.20 1.20 1.20 1.20 1.20 1.20 1.21 1.21 1.21 1.20 1.21 1.21 1.21 1.21 1.21 1.22 1.23 1.24 1.25 1.27 1.32 1.38 1.44 1.48 1.45 1.35 1.28 1.25 1.26 1.35 1.59 1.90 2.02 1.93 1.76 1.57 1.40 1.26 1.15 1.07 1.01 0.84 0.74 0.75 0.74 0.73 0.65 0.48 0.47 0.52 0.63 0.73 0.81 0.86 0.91 0.96 1.00 1.03 1.06 1.08 1.10 1.11 1.12 1.13 1.14 1.15 1.15 1.16 1.17 1.17 1.18 1.18 1.18 1.19
1.21 1.21 1.21 1.21 1.20 1.20 1.20 1.20 1.20 1.20 1.20 1.20 1.20 1.20 1.20 1.20 1.20 1.20 1.20 1.20 1.20 1.20 1.20 1.20 1.21 1.21 1.21 1.22 1.24 1.25 1.29 1.37 1.45 1.55 1.55 1.47 1.37 1.30 1.31 1.42 1.60 1.78 1.88 1.86 1.75 1.61 1.46 1.31 1.15 1.06 1.05 0.98 0.82 0.77 0.76 0.78 0.77 0.61 0.50 0.51 0.61 0.71 0.80 0.86 0.90 0.95 0.99 1.02 1.05 1.08 1.09 1.11 1.12 1.13 1.14 1.15 1.15 1.16 1.17 1.17 1.18 1.18 1.18 1.19
1.21 1.21 1.21 1.20 1.20 1.20 1.20 1.20 1.20 1.20 1.20 1.20 1.20 1.20 1.20 1.20 1.20 1.20 1.20 1.20 1.20 1.20 1.20 1.20 1.20 1.20 1.20 1.21 1.21 1.23 1.28 1.33 1.40 1.50 1.57 1.55 1.46 1.36 1.36 1.47 1.61 1.72 1.77 1.76 1.70 1.62 1.50 1.35 1.19 1.09 1.05 1.01 0.94 0.85 0.81 0.81 0.84 0.79 0.64 0.59 0.62 0.70 0.79 0.86 0.90 0.94 0.99 1.02 1.05 1.07 1.09 1.11 1.12 1.13 1.14 1.15 1.15 1.16 1.17 1.17 1.18 1.18 1.18 1.19
1.21 1.21 1.20 1.20 1.20 1.20 1.20 1.20 1.20 1.20 1.20 1.20 1.20 1.20 1.20 1.20 1.20 1.20 1.20 1.19 1.20 1.20 1.19 1.19 1.19 1.19 1.19 1.19 1.19 1.19 1.23 1.28 1.32 1.37 1.44 1.51 1.50 1.42 1.40 1.50 1.62 1.69 1.71 1.68 1.63 1.60 1.53 1.40 1.25 1.15 1.10 1.05 1.01 0.96 0.92 0.87 0.86 0.86 0.76 0.67 0.65 0.70 0.78 0.86 0.91 0.94 0.98 1.02 1.05 1.07 1.09 1.11 1.12 1.13 1.14 1.15 1.16 1.16 1.17 1.17 1.18 1.18 1.18 1.19
1.21 1.20 1.20 1.20 1.20 1.20 1.20 1.20 1.20 1.20 1.20 1.20 1.20 1.20 1.20 1.20 1.20 1.19 1.19 1.19 1.19 1.19 1.19 1.19 1.19 1.18 1.18 1.17 1.17 1.15 1.16 1.20 1.25 1.27 1.28 1.37 1.47 1.46 1.45 1.54 1.61 1.66 1.67 1.62 1.56 1.55 1.52 1.44 1.32 1.23 1.17 1.12 1.07 1.03 1.00 0.96 0.91 0.91 0.86 0.69 0.64 0.68 0.78 0.86 0.92 0.95 0.98 1.02 1.05 1.07 1.09 1.11 1.12 1.14 1.14 1.15 1.16 1.16 1.17 1.17 1.18 1.18 1.18 1.19
1.20 1.20 1.20 1.20 1.20 1.20 1.20 1.20 1.20 1.20 1.20 1.20 1.20 1.20 1.20 1.20 1.20 1.19 1.19 1.19 1.19 1.19 1.18 1.18 1.18 1.17 1.17 1.16 1.13 1.11 1.09 1.11 1.19 1.25 1.24 1.29 1.42 1.48 1.51 1.57 1.60 1.62 1.63 1.58 1.53 1.51 1.50 1.47 1.41 1.33 1.26 1.19 1.13 1.08 1.05 1.02 0.98 0.97 0.97 0.88 0.71 0.71 0.78 0.85 0.92 0.96 0.98 1.02 1.05 1.07 1.09 1.11 1.13 1.14 1.15 1.15 1.16 1.16 1.17 1.17 1.18 1.18 1.18 1.19
1.20 1.20 1.20 1.20 1.20 1.20 1.20 1.20 1.20 1.20 1.20 1.20 1.20 1.20 1.20 1.19 1.19 1.19 1.18 1.19 1.19 1.18 1.18 1.18 1.17 1.17 1.17 1.17 1.14 1.08 1.04 1.04 1.13 1.25 1.28 1.29 1.36 1.42 1.49 1.56 1.58 1.58 1.57 1.54 1.51 1.50 1.50 1.49 1.49 1.46 1.37 1.27 1.19 1.13 1.07 1.03 1.00 0.98 1.00 0.99 0.89 0.78 0.79 0.85 0.92 0.97 0.99 1.02 1.05 1.08 1.10 1.12 1.13 1.14 1.15 1.15 1.16 1.17 1.17 1.17 1.18 1.18 1.18 1.19
1.20 1.20 1.20 1.20 1.20 1.20 1.20 1.20 1.20 1.20 1.20 1.19 1.19 1.19 1.19 1.19 1.19 1.18 1.18 1.18 1.19 1.18 1.17 1.17 1.17 1.16 1.15 1.16 1.16 1.12 1.04 1.02 1.08 1.20 1.27 1.29 1.31 1.33 1.41 1.50 1.54 1.54 1.52 1.48 1.47 1.48 1.48 1.49 1.55 1.58 1.50 1.36 1.24 1.15 1.08 1.02 0.99 0.97 0.97 0.99 0.93 0.82 0.80 0.86 0.92 0.98 1.01 1.02 1.05 1.08 1.10 1.12 1.13 1.14 1.15 1.16 1.16 1.17 1.17 1.18 1.18 1.18 1.19 1.19
1.20 1.20 1.20 1.20 1.20 1.20 1.20 1.20 1.20 1.19 1.19 1.19 1.19 1.19 1.19 1.19 1.19 1.18 1.18 1.18 1.18 1.17 1.17 1.17 1.17 1.16 1.14 1.13 1.16 1.15 1.09 1.04 1.04 1.11 1.20 1.25 1.27 1.29 1.35 1.43 1.47 1.48 1.46 1.43 1.42 1.43 1.43 1.45 1.51 1.60 1.61 1.49 1.32 1.20 1.09 1.01 0.97 0.95 0.96 0.99 0.98 0.89 0.83 0.86 0.93 0.99 1.02 1.04 1.06 1.08 1.10 1.12 1.13 1.15 1.15 1.16 1.16 1.17 1.17 1.18 1.18 1.18 1.19 1.19
1.20 1.20 1.20 1.20 1.20 1.20 1.20 1.20 1.19 1.19 1.19 1.19 1.19 1.19 1.19 1.19 1.18 1.18 1.17 1.18 1.18 1.17 1.17 1.16 1.16 1.16 1.15 1.14 1.17 1.19 1.15 1.08 1.04 1.06 1.13 1.19 1.20 1.23 1.31 1.37 1.41 1.42 1.41 1.39 1.38 1.37 1.37 1.37 1.43 1.54 1.63 1.60 1.44 1.28 1.16 1.06 1.00 0.98 0.99 1.02 1.04 0.99 0.89 0.88 0.94 0.99 1.03 1.05 1.06 1.09 1.11 1.12 1.14 1.15 1.16 1.16 1.17 1.17 1.18 1.18 1.18 1.18 1.19 1.19
1.20 1.20 1.20 1.20 1.20 1.20 1.20 1.19 1.19 1.19 1.19 1.19 1.19 1.19 1.19 1.18 1.18 1.17 1.17 1.17 1.17 1.16 1.16 1.16 1.15 1.16 1.17 1.17 1.18 1.20 1.19 1.13 1.07 1.06 1.10 1.15 1.16 1.19 1.31 1.37 1.40 1.40 1.39 1.38 1.38 1.36 1.31 1.31 1.36 1.45 1.58 1.63 1.52 1.38 1.28 1.19 1.11 1.07 1.06 1.07 1.07 1.05 0.98 0.92 0.95 1.00 1.04 1.07 1.08 1.09 1.12 1.13 1.14 1.15 1.16 1.16 1.17 1.17 1.18 1.18 1.18 1.19 1.19 1.19
1.20 1.20 1.20 1.20 1.20 1.20 1.19 1.19 1.19 1.19 1.19 1.19 1.19 1.19 1.18 1.18 1.17 1.17 1.17 1.17 1.16 1.16 1.16 1.15 1.15 1.15 1.16 1.18 1.17 1.18 1.20 1.16 1.09 1.07 1.08 1.13 1.15 1.18 1.28 1.37 1.41 1.41 1.40 1.40 1.42 1.39 1.31 1.28 1.32 1.39 1.51 1.60 1.55 1.47 1.41 1.33 1.25 1.18 1.13 1.12 1.12 1.12 1.07 0.98 0.97 1.01 1.05 1.08 1.09 1.10 1.12 1.13 1.14 1.16 1.16 1.17 1.17 1.18 1.18 1.18 1.18 1.19 1.19 1.19
1.20 1.20 1.20 1.20 1.20 1.20 1.19 1.19 1.19 1.19 1.19 1.19 1.18 1.18 1.18 1.18 1.17 1.16 1.16 1.16 1.16 1.15 1.15 1.15 1.14 1.13 1.15 1.18 1.18 1.18 1.20 1.17 1.11 1.08 1.08 1.09 1.10 1.14 1.21 1.31 1.39 1.41 1.41 1.43 1.47 1.46 1.36 1.30 1.33 1.38 1.47 1.56 1.56 1.52 1.50 1.44 1.36 1.26 1.19 1.16 1.16 1.16 1.14 1.07 1.01 1.02 1.06 1.09 1.10 1.11 1.12 1.14 1.15 1.16 1.17 1.17 1.18 1.18 1.18 1.18 1.19 1.19 1.19 1.19
1.20 1.20 1.20 1.20 1.20 1.19 1.19 1.19 1.19 1.19 1.19 1.18 1.18 1.18 1.18 1.17 1.16 1.16 1.16 1.16 1.15 1.15 1.14 1.14 1.14 1.11 1.11 1.17 1.20 1.20 1.22 1.19 1.13 1.10 1.09 1.07 1.06 1.08 1.15 1.23 1.32 1.38 1.40 1.43 1.50 1.53 1.46 1.36 1.36 1.39 1.47 1.55 1.57 1.54 1.51 1.46 1.37 1.26 1.20 1.19 1.18 1.18 1.18 1.13 1.06 1.04 1.07 1.10 1.12 1.12 1.13 1.14 1.16 1.16 1.17 1.18 1.18 1.18 1.18 1.19 1.19 1.19 1.19 1.19
1.20 1.20 1.20 1.20 1.19 1.19 1.19 1.19 1.19 1.19 1.18 1.18 1.18 1.18 1.18 1.17 1.16 1.15 1.15 1.15 1.15 1.14 1.14 1.13 1.14 1.12 1.10 1.15 1.20 1.23 1.26 1.22 1.15 1.12 1.10 1.08 1.06 1.07 1.11 1.17 1.25 1.33 1.38 1.42 1.49 1.55 1.54 1.46 1.42 1.42 1.47 1.56 1.59 1.55 1.48 1.42 1.32 1.21 1.15 1.15 1.17 1.18 1.19 1.17 1.12 1.07 1.07 1.10 1.12 1.13 1.14 1.15 1.16 1.17 1.17 1.18 1.18 1.18 1.19 1.19 1.19 1.19 1.19 1.20
1.20 1.20 1.20 1.20 1.19 1.19 1.19 1.19 1.19 1.18 1.18 1.18 1.18 1.18 1.17 1.16 1.15 1.15 1.15 1.15 1.14 1.14 1.13 1.13 1.13 1.14 1.15 1.15 1.18 1.23 1.29 1.27 1.21 1.16 1.14 1.11 1.08 1.08 1.10 1.14 1.20 1.26 1.33 1.38 1.46 1.54 1.56 1.54 1.49 1.46 1.49 1.57 1.62 1.59 1.53 1.48 1.39 1.26 1.15 1.13 1.16 1.19 1.20 1.20 1.17 1.12 1.09 1.10 1.12 1.14 1.15 1.15 1.17 1.17 1.18 1.18 1.19 1.19 1.19 1.19 1.19 1.19 1.19 1.20
1.20 1.20 1.20 1.20 1.19 1.19 1.19 1.19 1.18 1.18 1.18 1.18 1.17 1.17 1.17 1.16 1.15 1.15 1.14 1.14 1.13 1.13 1.12 1.12 1.12 1.13 1.15 1.15 1.16 1.21 1.29 1.31 1.26 1.22 1.20 1.17 1.13 1.12 1.13 1.14 1.17 1.21 1.26 1.33 1.40 1.48 1.53 1.54 1.52 1.49 1.51 1.59 1.65 1.64 1.60 1.57 1.52 1.42 1.31 1.22 1.19 1.20 1.21 1.21 1.20 1.17 1.14 1.12 1.13 1.15 1.16 1.16 1.17 1.18 1.18 1.19 1.19 1.19 1.19 1.19 1.19 1.19 1.20 1.20
1.20 1.20 1.20 1.19 1.19 1.19 1.19 1.19 1.18 1.18 1.18 1.18 1.17 1.17 1.16 1.15 1.14 1.14 1.14 1.13 1.12 1.12 1.11 1.11 1.09 1.09 1.13 1.16 1.18 1.23 1.30 1.34 1.33 1.29 1.27 1.25 1.20 1.17 1.17 1.17 1.18 1.19 1.23 1.28 1.35 1.41 1.46 1.49 1.49 1.47 1.51 1.60 1.68 1.68 1.63 1.60 1.57 1.51 1.41 1.32 1.25 1.23 1.22 1.23 1.23 1.21 1.19 1.16 1.15 1.16 1.17 1.17 1.18 1.18 1.19 1.19 1.19 1.19 1.19 1.19 1.20 1.20 1.20 1.20
1.20 1.20 1.20 1.19 1.19 1.19 1.19 1.18 1.18 1.18 1.18 1.17 1.17 1.16 1.16 1.15 1.14 1.13 1.12 1.12 1.11 1.11 1.10 1.11 1.10 1.09 1.15 1.21 1.25 1.28 1.32 1.36 1.36 1.35 1.35 1.33 1.29 1.24 1.22 1.22 1.21 1.20 1.22 1.26 1.31 1.36 1.41 1.45 1.45 1.45 1.50 1.59 1.69 1.70 1.65 1.61 1.57 1.51 1.42 1.34 1.30 1.27 1.24 1.24 1.25 1.24 1.22 1.20 1.18 1.18 1.18 1.19 1.19 1.19 1.19 1.19 1.19 1.19 1.20 1.20 1.20 1.20 1.20 1.20
1.20 1.20 1.20 1.19 1.19 1.19 1.19 1.18 1.18 1.18 1.17 1.17 1.17 1.16 1.15 1.14 1.13 1.12 1.11 1.11 1.10 1.09 1.09 1.10 1.13 1.16 1.20 1.25 1.29 1.32 1.36 1.39 1.40 1.40 1.41 1.41 1.38 1.34 1.31 1.29 1.27 1.24 1.24 1.27 1.31 1.35 1.41 1.45 1.43 1.44 1.49 1.59 1.69 1.71 1.68 1.64 1.58 1.51 1.43 1.36 1.33 1.30 1.26 1.25 1.26 1.25 1.25 1.23 1.21 1.20 1.20 1.20 1.19 1.20 1.20 1.20 1.20 1.20 1.20 1.20 1.20 1.20 1.20 1.20
1.20 1.20 1.19 1.19 1.19 1.19 1.18 1.18 1.18 1.18 1.17 1.17 1.16 1.16 1.15 1.14 1.13 1.11 1.10 1.09 1.08 1.07 1.07 1.08 1.12 1.17 1.21 1.25 1.30 1.34 1.39 1.43 1.43 1.44 1.46 1.47 1.46 1.44 1.41 1.38 1.35 1.31 1.28 1.28 1.32 1.39 1.47 1.50 1.46 1.45 1.51 1.60 1.70 1.72 1.70 1.66 1.60 1.53 1.44 1.37 1.36 1.33 1.29 1.27 1.26 1.26 1.25 1.24 1.23 1.21 1.20 1.20 1.20 1.20 1.20 1.20 1.20 1.20 1.20 1.20 1.20 1.20 1.20 1.20
1.20 1.20 1.19 1.19 1.19 1.19 1.18 1.18 1.18 1.17 1.17 1.17 1.16 1.15 1.14 1.13 1.12 1.11 1.09 1.07 1.06 1.05 1.04 1.04 1.10 1.17 1.18 1.20 1.26 1.29 1.35 1.40 1.43 1.44 1.46 1.48 1.49 1.49 1.49 1.47 1.43 1.39 1.35 1.30 1.31 1.40 1.53 1.59 1.56 1.51 1.53 1.62 1.72 1.74 1.73 1.69 1.62 1.54 1.44 1.38 1.37 1.36 1.32 1.28 1.27 1.25 1.24 1.23 1.23 1.22 1.21 1.21 1.21 1.21 1.20 1.20 1.20 1.20 1.20 1.20 1.20 1.20 1.20 1.20
1.20 1.20 1.19 1.19 1.19 1.19 1.18 1.18 1.18 1.17 1.17 1.16 1.16 1.15 1.14 1.13 1.12 1.10 1.08 1.06 1.04 1.02 0.99 0.96 0.98 1.10 1.17 1.17 1.17 1.18 1.20 1.27 1.34 1.39 1.42 1.44 1.46 1.49 1.51 1.52 1.48 1.45 1.40 1.30 1.23 1.33 1.47 1.59 1.62 1.57 1.57 1.65 1.74 1.77 1.77 1.73 1.65 1.56 1.46 1.39 1.37 1.36 1.32 1.29 1.27 1.25 1.24 1.23 1.23 1.22 1.21 1.21 1.21 1.21 1.21 1.21 1.20 1.20 1.20 1.20 1.20 1.20 1.20 1.20
1.20 1.20 1.19 1.19 1.19 1.19 1.18 1.18 1.18 1.17 1.17 1.16 1.16 1.15 1.14 1.13 1.11 1.09 1.07 1.05 1.02 0.99 0.95 0.88 0.81 0.83 1.02 1.10 1.08 1.06 1.04 1.08 1.17 1.27 1.34 1.37 1.39 1.43 1.48 1.52 1.50 1.48 1.43 1.29 1.18 1.25 1.36 1.46 1.56 1.56 1.57 1.66 1.73 1.77 1.79 1.76 1.69 1.57 1.46 1.40 1.38 1.35 1.32 1.29 1.27 1.26 1.24 1.23 1.23 1.23 1.22 1.22 1.22 1.21 1.21 1.21 1.21 1.21 1.21 1.21 1.20 1.20 1.20 1.20
1.20 1.20 1.19 1.19 1.19 1.18 1.18 1.18 1.17 1.17 1.17 1.16 1.15 1.15 1.14 1.12 1.11 1.09 1.07 1.04 1.00 0.97 0.92 0.85 0.74 0.64 0.63 0.83 0.97 0.96 0.96 0.97 1.04 1.15 1.25 1.30 1.32 1.35 1.42 1.48 1.50 1.48 1.43 1.28 1.16 1.21 1.25 1.31 1.42 1.48 1.53 1.64 1.70 1.74 1.78 1.77 1.70 1.57 1.45 1.41 1.39 1.36 1.33 1.30 1.27 1.26 1.25 1.24 1.23 1.23 1.22 1.22 1.22 1.22 1.21 1.21 1.21 1.21 1.21 1.21 1.21 1.21 1.21 1.21
1.20 1.20 1.19 1.19 1.19 1.18 1.18 1.18 1.17 1.17 1.16 1.16 1.15 1.14 1.13 1.12 1.11 1.09 1.06 1.03 1.00 0.95 0.90 0.83 0.73 0.58 0.48 0.46 0.61 0.83 0.91 0.95 0.99 1.10 1.20 1.25 1.27 1.29 1.35 1.44 1.49 1.48 1.38 1.23 1.14 1.16 1.17 1.19 1.27 1.35 1.47 1.60 1.67 1.71 1.76 1.76 1.71 1.56 1.43 1.40 1.39 1.36 1.33 1.30 1.28 1.26 1.25 1.24 1.24 1.23 1.23 1.22 1.22 1.22 1.21 1.21 1.21 1.21 1.21 1.21 1.21 1.21 1.21 1.21
1.20 1.20 1.19 1.19 1.19 1.18 1.18 1.18 1.17 1.17 1.16 1.16 1.15 1.14 1.13 1.12 1.10 1.08 1.06 1.03 0.99 0.95 0.89 0.82 0.73 0.61 0.47 0.38 0.37 0.66 0.86 0.93 1.00 1.08 1.17 1.23 1.26 1.28 1.32 1.43 1.51 1.45 1.28 1.14 1.10 1.11 1.10 1.09 1.14 1.23 1.37 1.52 1.62 1.68 1.73 1.75 1.70 1.56 1.42 1.38 1.37 1.35 1.32 1.29 1.28 1.26 1.25 1.24 1.24 1.23 1.23 1.22 1.22 1.22 1.21 1.21 1.21 1.21 1.21 1.21 1.21 1.21 1.21 1.21
1.20 1.20 1.19 1.19 1.19 1.18 1.18 1.18 1.17 1.17 1.16 1.16 1.15 1.14 1.13 1.12 1.10 1.08 1.06 1.03 0.99 0.95 0.89 0.82 0.74 0.64 0.52 0.38 0.36 0.49 0.73 0.86 0.97 1.05 1.14 1.22 1.27 1.29 1.32 1.46 1.55 1.39 1.14 1.02 0.97 0.98 0.96 0.93 0.99 1.10 1.25 1.41 1.53 1.62 1.68 1.72 1.69 1.56 1.42 1.36 1.35 1.33 1.31 1.29 1.27 1.26 1.25 1.24 1.24 1.23 1.23 1.22 1.22 1.22 1.22 1.21 1.21 1.21 1.21 1.21 1.21 1.21 1.21 1.21
1.20 1.20 1.19 1.19 1.19 1.18 1.18 1.18 1.17 1.17 1.16 1.16 1.15 1.14 1.13 1.12 1.10 1.08 1.06 1.03 1.00 0.95 0.90 0.84 0.76 0.68 0.57 0.43 0.30 0.25 0.44 0.74 0.88 1.00 1.09 1.18 1.26 1.31 1.34 1.50 1.60 1.39 1.13 0.97 0.85 0.80 0.73 0.70 0.85 0.98 1.08 1.25 1.40 1.51 1.60 1.66 1.65 1.54 1.42 1.36 1.34 1.32 1.30 1.29 1.27 1.26 1.25 1.24 1.24 1.23 1.23 1.23 1.22 1.22 1.22 1.22 1.21 1.21 1.21 1.21 1.21 1.21 1.21 1.21
1.20 1.20 1.19 1.19 1.19 1.18 1.18 1.18 1.17 1.17 1.16 1.16 1.15 1.14 1.13 1.12 1.11 1.09 1.07 1.04 1.01 0.97 0.92 0.86 0.79 0.71 0.62 0.50 0.33 0.20 0.21 0.47 0.79 0.91 1.02 1.12 1.23 1.31 1.38 1.55 1.66 1.51 1.30 1.12 0.92 0.79 0.67 0.62 0.78 0.91 0.94 1.08 1.24 1.34 1.46 1.56 1.58 1.50 1.40 1.35 1.33 1.31 1.30 1.28 1.27 1.26 1.24 1.24 1.24 1.23 1.23 1.23 1.22 1.22 1.22 1.22 1.21 1.21 1.21 1.21 1.21 1.21 1.21 1.21
1.20 1.20 1.19 1.19 1.19 1.18 1.18 1.18 1.17 1.17 1.16 1.16 1.15 1.14 1.13 1.12 1.11 1.09 1.07 1.05 1.02 0.98 0.94 0.88 0.82 0.75 0.67 0.57 0.45 0.30 0.19 0.23 0.56 0.82 0.94 1.06 1.18 1.31 1.45 1.59 1.63 1.54 1.44 1.28 1.09 0.94 0.81 0.75 0.83 0.91 0.94 1.02 1.11 1.18 1.30 1.43 1.49 1.45 1.38 1.34 1.32 1.30 1.29 1.28 1.27 1.25 1.24 1.24 1.24 1.23 1.23 1.22 1.22 1.22 1.22 1.22 1.21 1.21 1.21 1.21 1.21 1.21 1.21 1.21
1.20 1.20 1.19 1.19 1.19 1.19 1.18 1.18 1.17 1.17 1.16 1.16 1.15 1.14 1.13 1.12 1.11 1.09 1.08 1.06 1.03 1.00 0.96 0.91 0.86 0.80 0.73 0.65 0.55 0.44 0.32 0.24 0.31 0.62 0.86 1.00 1.13 1.30 1.53 1.63 1.52 1.47 1.49 1.36 1.20 1.06 0.96 0.92 0.94 0.98 1.01 1.04 1.08 1.12 1.21 1.32 1.39 1.38 1.35 1.32 1.30 1.29 1.28 1.27 1.26 1.25 1.24 1.24 1.23 1.23 1.23 1.22 1.22 1.22 1.22 1.22 1.21 1.21 1.21 1.21 1.21 1.21 1.21 1.21
1.20 1.20 1.19 1.19 1.19 1.19 1.18 1.18 1.17 1.17 1.16 1.16 1.15 1.14 1.14 1.13 1.11 1.10 1.08 1.06 1.04 1.01 0.98 0.94 0.89 0.84 0.78 0.72 0.64 0.56 0.48 0.38 0.34 0.42 0.71 0.92 1.07 1.24 1.53 1.67 1.53 1.46 1.50 1.40 1.25 1.13 1.06 1.03 1.03 1.05 1.07 1.09 1.11 1.13 1.18 1.25 1.31 1.32 1.31 1.30 1.29 1.28 1.27 1.26 1.26 1.25 1.24 1.23 1.23 1.23 1.23 1.22 1.22 1.22 1.22 1.22 1.22 1.21 1.21 1.21 1.21 1.21 1.21 1.21
