data/AilsaCraig_180_1_25m_ang_2m.asc
ncols	257
nrows	257
xllcorner	3364200.000000
yllcorner	3669375.000000
cellsize	25.000000
NODATA_value	-1.000000
[rows 126 to 167 of 257, columns 94 to 187 of 257]
181 181 181 182 182 182 182 183 183 184 185 185 186 187 188 189 191 192 194 194 192 190 188 188 188 187 185 183 182 181 180 179 178 178 178 177 177 179 181 181 179 178 178 178 177 176 177 177 177 178 176 172 170 171 174 175 176 176 177 178 178 178 179 179 179 179 179 179 179 180 180 180 180 180 180 180 180 180 180 180 180 180 180 180 180 180 180 180 180 180 180 180 180 180
181 181 181 182 182 182 182 183 183 184 185 185 186 187 188 190 191 193 195 196 195 191 187 185 185 184 183 182 180 179 178 177 177 177 177 177 178 181 183 184 184 183 181 179 177 176 176 176 176 178 177 174 170 172 174 176 176 177 177 178 178 179 179 179 179 179 179 179 180 180 180 180 180 180 180 180 180 180 180 180 180 180 180 180 180 180 180 180 180 180 180 180 180 180
181 181 181 182 182 182 182 183 183 184 185 185 186 187 189 191 193 194 195 196 195 192 187 185 184 182 181 181 179 177 176 175 176 177 176 176 179 182 184 185 187 187 184 179 176 175 174 174 175 178 178 176 173 172 174 176 177 177 178 178 179 179 179 179 179 179 180 180 180 180 180 180 180 180 180 180 180 180 180 180 180 180 180 180 180 180 180 180 180 180 180 180 180 180
181 181 181 181 182 182 182 183 183 184 185 185 186 187 189 191 193 194 194 195 195 192 188 185 183 182 182 180 178 176 175 175 176 177 177 177 179 181 183 186 189 189 184 179 177 175 174 174 177 178 179 178 176 173 175 176 177 178 178 179 179 179 179 179 180 180 180 180 180 180 180 180 180 180 180 180 180 180 180 180 180 180 180 180 180 180 180 180 180 180 180 180 180 180
181 181 181 181 181 182 182 183 183 184 184 185 186 187 189 190 192 194 195 194 194 192 189 186 183 181 180 177 175 174 175 175 176 177 178 178 179 180 182 185 187 186 183 180 179 178 177 178 179 180 180 180 178 176 176 177 178 178 179 179 179 179 179 180 180 180 180 180 180 180 180 180 180 180 180 180 180 180 180 180 180 180 180 180 180 180 180 180 180 180 180 180 180 180
181 181 181 181 181 182 182 183 183 184 184 185 186 188 189 190 192 195 195 194 194 192 189 186 182 179 177 173 171 171 173 175 177 178 180 180 179 180 182 183 183 182 182 182 183 183 182 182 182 181 181 181 181 179 177 178 179 179 179 179 179 180 180 180 180 180 180 180 180 180 180 180 180 180 180 180 180 180 180 180 180 180 180 180 180 180 180 180 180 180 180 180 180 180
181 181 181 181 181 182 182 183 183 184 184 185 186 188 189 190 192 194 195 194 194 192 189 186 182 178 174 170 168 168 171 174 176 179 181 181 181 180 181 181 180 181 183 186 187 187 186 185 183 182 182 183 183 182 180 179 179 180 180 180 180 180 180 180 180 180 180 180 180 180 180 180 180 180 180 180 180 180 180 180 180 180 180 180 180 180 180 180 180 180 180 180 180 180
181 181 181 181 181 181 182 182 183 183 184 185 186 188 190 192 192 193 194 194 194 193 189 186 181 177 172 168 166 166 169 172 176 179 181 182 182 182 180 179 179 183 186 188 189 188 187 185 183 183 184 184 185 184 182 180 179 180 180 180 180 180 180 180 180 180 180 180 180 180 180 180 180 180 180 180 180 180 180 180 180 180 180 180 180 180 180 180 180 180 180 180 180 180
181 181 181 181 181 181 182 182 182 183 184 185 186 187 189 191 192 193 192 193 194 193 190 185 181 175 170 167 165 165 167 171 175 177 179 181 183 183 180 179 182 186 189 189 189 188 186 183 181 181 184 185 186 185 184 182 180 180 180 180 180 180 181 180 180 180 180 180 180 180 180 180 180 180 180 180 180 180 180 180 180 180 180 180 180 180 180 180 180 180 180 180 180 180
180 180 181 181 181 181 181 182 182 183 183 184 185 187 189 190 192 193 192 192 193 192 190 185 180 175 170 167 165 165 166 169 173 175 177 181 183 183 181 182 185 189 190 190 190 189 187 184 182 182 184 186 186 186 185 183 181 180 180 181 181 181 181 181 181 181 180 180 180 180 180 180 180 180 180 180 180 180 180 180 180 180 180 180 180 180 180 180 180 180 180 180 180 180
180 180 180 181 181 181 181 181 182 182 183 184 185 187 189 190 193 193 193 192 192 191 189 185 179 174 171 168 167 166 167 169 171 173 176 179 181 181 182 185 188 191 192 191 191 190 189 188 186 186 186 187 187 186 185 184 183 181 181 181 181 181 181 181 181 181 181 181 180 180 180 180 180 180 180 180 180 180 180 180 180 180 180 180 180 180 180 180 180 180 180 180 180 180
180 180 180 180 181 181 181 181 181 181 182 183 184 187 189 191 192 192 191 191 190 189 186 182 178 175 172 171 169 168 168 169 170 172 175 177 179 179 182 186 189 192 193 193 192 191 191 190 189 189 189 188 187 186 185 184 183 183 182 182 182 182 181 181 181 181 181 181 181 180 180 180 180 180 180 180 180 180 180 180 180 180 180 180 180 180 180 180 180 180 180 180 180 180
180 180 180 180 180 180 180 180 180 181 181 182 183 185 188 189 189 188 189 189 188 186 183 179 177 175 174 173 171 170 169 170 170 172 174 176 177 179 183 187 190 192 193 194 193 193 192 192 191 191 191 190 188 186 185 184 184 184 183 183 182 182 182 181 181 181 181 181 181 181 180 180 180 180 180 180 180 180 180 180 180 180 180 180 180 180 180 180 180 180 180 180 180 180
180 180 180 180 180 180 180 180 180 180 180 180 181 183 185 186 184 185 186 185 185 182 179 176 175 175 175 174 173 172 172 171 170 171 174 177 178 181 184 188 190 193 194 195 195 194 194 193 193 192 192 191 188 186 185 185 185 185 185 184 183 182 182 181 181 181 181 181 181 181 181 180 180 180 180 180 180 180 180 180 180 180 180 180 180 180 180 180 180 180 180 180 180 180
180 180 180 180 180 180 179 179 179 179 179 179 178 179 180 181 182 181 181 180 179 176 175 174 174 174 174 174 174 174 174 172 170 170 174 179 182 186 188 189 191 194 196 197 197 196 195 195 194 193 193 191 189 187 186 186 187 186 185 184 183 182 182 182 181 181 181 181 181 181 181 181 180 180 180 180 180 180 180 180 180 180 180 180 180 180 180 180 180 180 180 180 180 180
180 180 180 179 179 179 179 179 178 178 177 177 176 174 171 174 179 178 176 174 171 170 171 172 172 172 173 175 176 176 175 173 170 171 176 181 186 191 193 193 194 197 198 199 199 198 197 196 195 194 193 192 189 188 188 188 188 186 185 184 183 183 182 182 181 181 181 181 181 181 181 181 180 180 180 180 180 180 180 180 180 180 180 180 180 180 180 180 180 180 180 180 180 180
180 179 179 179 179 179 179 178 178 177 176 175 174 170 164 162 169 173 172 169 165 164 167 169 169 170 172 174 176 176 175 173 171 174 179 184 189 195 197 198 199 200 201 201 201 201 200 198 196 195 194 192 190 190 190 189 187 186 185 184 183 183 182 182 182 181 181 181 181 181 181 181 180 180 180 180 180 180 180 180 180 180 180 180 180 180 180 180 180 180 180 180 180 180
179 179 179 179 179 179 178 178 177 176 175 174 172 169 163 155 153 163 168 166 164 163 165 166 167 169 171 173 175 175 174 172 173 178 183 187 192 197 201 202 203 204 204 204 204 204 202 200 197 196 194 192 192 192 191 189 187 186 185 184 183 183 182 182 182 182 181 181 181 181 181 181 181 180 180 180 180 180 180 180 180 180 180 180 180 180 180 180 180 180 180 180 180 180
179 179 179 179 179 178 178 177 177 176 175 173 171 168 164 156 150 151 160 164 163 164 164 164 166 168 171 172 174 174 172 171 176 184 187 190 194 198 202 204 206 207 207 207 207 206 204 201 198 196 195 194 194 193 190 188 187 186 185 184 183 183 182 182 182 182 181 181 181 181 181 181 181 180 180 180 180 180 180 180 180 180 180 180 180 180 180 180 180 180 180 180 180 180
179 179 179 179 178 178 178 177 176 175 174 173 171 168 164 160 153 153 160 161 162 164 164 164 165 168 170 172 173 172 170 171 180 188 191 193 195 199 203 206 208 209 210 209 209 208 206 202 198 197 196 196 195 192 189 188 186 185 185 184 183 183 182 182 182 182 181 181 181 181 181 181 181 180 180 180 180 180 180 180 180 180 180 180 180 180 180 180 180 180 180 180 180 180
179 179 179 178 178 178 177 177 176 175 174 173 171 168 165 162 157 156 156 154 158 161 162 163 165 169 171 172 172 171 169 173 183 188 191 195 198 202 207 209 211 212 212 211 211 210 208 203 199 198 198 196 193 191 189 187 186 185 184 184 183 183 183 182 182 181 181 181 181 181 181 181 181 180 180 180 180 180 180 180 180 180 180 180 180 180 180 180 180 180 180 180 180 180
179 179 179 178 178 178 177 177 176 175 174 173 171 169 166 163 160 155 148 144 148 157 159 162 165 168 171 172 172 171 171 179 185 185 187 192 199 208 213 213 214 215 214 213 212 211 209 205 201 199 197 194 192 190 188 187 186 185 184 183 183 183 183 182 182 181 181 181 181 181 181 181 181 180 180 180 180 180 180 180 180 180 180 180 180 180 180 180 180 180 180 180 180 180
179 179 179 178 178 178 177 177 176 175 174 173 171 169 167 164 160 155 148 143 143 147 155 159 163 167 170 171 171 172 178 188 190 187 187 190 196 205 215 216 215 216 215 214 214 212 209 205 201 198 195 193 191 189 188 186 186 185 184 183 183 183 182 182 182 181 181 181 181 181 181 181 181 180 180 180 180 180 180 180 180 180 180 180 180 180 180 180 180 180 180 180 180 180
179 179 179 178 178 178 177 177 176 175 174 173 172 170 168 165 161 158 153 147 142 142 147 155 160 164 167 170 171 175 186 194 195 193 192 194 197 202 208 210 210 212 213 213 212 210 207 203 199 196 193 191 190 188 187 186 185 184 184 183 183 183 182 182 182 181 181 181 181 181 181 181 181 180 180 180 180 180 180 180 180 180 180 180 180 180 180 180 180 180 180 180 180 180
179 179 178 178 178 178 177 177 176 175 174 173 172 170 169 166 163 160 156 151 146 141 140 147 156 160 163 168 174 180 189 196 198 197 196 198 200 201 202 203 203 204 205 205 205 204 203 200 197 194 191 190 189 187 187 186 185 184 184 183 183 182 182 182 182 181 181 181 181 181 181 181 181 180 180 180 180 180 180 180 180 180 180 180 180 180 180 180 180 180 180 180 180 180
179 179 178 178 178 178 177 177 176 175 175 174 173 171 170 168 165 162 159 155 151 146 141 142 146 153 159 168 177 185 191 196 199 199 200 201 201 200 199 199 199 199 199 199 198 198 198 196 194 192 190 189 188 187 186 185 184 184 183 183 182 182 182 182 182 181 181 181 181 181 181 181 181 180 180 180 180 180 180 180 180 180 180 180 180 180 180 180 180 180 180 180 180 180
179 179 178 178 178 178 177 177 176 176 175 174 173 172 171 169 167 165 162 159 156 152 148 143 140 141 151 164 177 188 195 198 200 202 203 202 200 198 197 196 196 196 195 194 193 193 193 192 191 190 189 188 187 186 185 185 184 184 183 183 182 182 182 182 181 181 181 181 181 181 181 181 181 180 180 180 180 180 180 180 180 180 180 180 180 180 180 180 180 180 180 180 180 180
179 179 179 178 178 178 177 177 176 176 175 175 174 173 172 170 169 167 165 163 160 157 154 149 143 137 140 155 170 188 196 200 204 205 204 201 198 196 195 194 193 192 191 191 190 190 190 190 189 188 187 187 186 185 185 184 184 183 183 182 182 182 182 182 181 181 181 181 181 181 181 181 180 180 180 180 180 180 180 180 180 180 180 180 180 180 180 180 180 180 180 180 180 180
179 179 179 178 178 178 177 177 177 176 176 175 174 174 173 171 170 169 167 166 164 161 159 156 152 148 148 151 162 181 194 201 204 204 201 198 195 193 192 191 190 189 188 188 188 188 188 188 187 187 186 186 185 185 184 184 183 183 183 182 182 182 182 182 181 181 181 181 181 181 181 181 180 180 180 180 180 180 180 180 180 180 180 180 180 180 180 180 180 180 180 180 180 180
179 179 179 178 178 178 178 177 177 176 176 175 175 174 173 173 172 171 169 168 167 165 164 162 161 160 160 161 167 176 188 196 199 199 196 193 191 190 189 188 187 187 187 187 187 187 187 186 186 186 186 185 184 184 184 183 183 183 182 182 182 182 182 181 181 181 181 181 181 181 181 181 180 180 180 180 180 180 180 180 180 180 180 180 180 180 180 180 180 180 180 180 180 180
179 179 179 178 178 178 178 177 177 177 176 176 175 175 174 174 173 172 171 170 169 169 167 167 166 166 168 170 173 177 183 189 192 193 192 190 188 187 187 187 186 186 186 187 186 186 185 185 185 185 185 184 184 184 183 183 183 182 182 182 182 182 181 181 181 181 181 181 181 181 181 180 180 180 180 180 180 180 180 180 180 180 180 180 180 180 180 180 180 180 180 180 180 180
179 179 179 179 178 178 178 178 177 177 177 176 176 175 175 174 174 173 173 172 171 171 171 170 170 171 172 173 176 179 181 185 187 188 188 188 187 186 186 186 186 186 186 186 185 185 185 185 184 184 184 184 183 183 183 183 182 182 182 182 182 182 181 181 181 181 181 181 181 181 181 180 180 180 180 180 180 180 180 180 180 180 180 180 180 180 180 180 180 180 180 180 180 180
179 179 179 179 178 178 178 178 178 177 177 177 176 176 176 175 175 174 174 173 173 173 173 173 173 173 174 175 177 179 181 183 184 185 186 186 185 185 185 185 185 185 185 184 184 184 184 184 184 184 183 183 183 183 183 183 182 182 182 182 182 181 181 181 181 181 181 181 181 181 180 180 180 180 180 180 180 180 180 180 180 180 180 180 180 180 180 180 180 180 180 180 180 180
179 179 179 179 179 178 178 178 178 178 177 177 177 176 176 176 175 175 175 175 174 174 174 174 175 175 176 177 178 179 180 182 183 184 184 184 184 184 184 184 184 184 184 184 183 183 183 183 183 183 183 183 183 183 182 182 182 182 182 182 181 181 181 181 181 181 181 181 181 181 180 180 180 180 180 180 180 180 180 180 180 180 180 180 180 180 180 180 180 180 180 180 180 180
179 179 179 179 179 179 178 178 178 178 178 177 177 177 177 176 176 176 176 176 175 175 175 175 176 176 177 177 178 179 180 181 182 182 183 183 183 183 183 183 184 183 183 183 183 183 183 183 183 183 183 183 182 182 182 182 182 182 182 181 181 181 181 181 181 181 181 181 181 180 180 180 180 180 180 180 180 180 180 180 180 180 180 180 180 180 180 180 180 180 180 180 180 180
179 179 179 179 179 179 179 178 178 178 178 178 177 177 177 177 177 176 176 176 176 176 176 176 177 177 178 178 179 179 180 181 181 182 182 182 183 183 183 183 183 183 183 183 183 183 183 183 183 183 182 182 182 182 182 182 182 182 181 181 181 181 181 181 181 181 181 181 180 180 180 180 180 180 180 180 180 180 180 180 180 180 180 180 180 180 180 180 180 180 180 180 180 180
179 179 179 179 179 179 179 179 178 178 178 178 178 178 177 177 177 177 177 177 177 177 177 177 177 178 178 178 179 179 180 180 181 181 182 182 182 182 182 182 182 182 182 182 182 182 182 182 182 182 182 182 182 182 182 182 181 181 181 181 181 181 181 181 181 181 181 180 180 180 180 180 180 180 180 180 180 180 180 180 180 180 180 180 180 180 180 180 180 180 180 180 180 180
179 179 179 179 179 179 179 179 179 178 178 178 178 178 178 178 177 177 177 177 177 178 177 178 178 178 178 179 179 180 180 180 181 181 181 182 182 182 182 182 182 182 182 182 182 182 182 182 182 182 182 182 182 182 182 181 181 181 181 181 181 181 181 181 181 181 180 180 180 180 180 180 180 180 180 180 180 180 180 180 180 180 180 180 180 180 180 180 180 180 180 180 180 180
179 179 179 179 179 179 179 179 179 179 178 178 178 178 178 178 178 178 178 178 178 178 178 178 178 178 179 179 179 180 180 180 181 181 181 181 181 181 182 182 182 182 182 182 182 182 182 182 182 182 182 182 182 181 181 181 181 181 181 181 181 181 181 181 181 181 180 180 180 180 180 180 180 180 180 180 180 180 180 180 180 180 180 180 180 180 180 180 180 180 180 180 180 180
179 179 179 179 179 179 179 179 179 179 179 179 178 178 178 178 178 178 178 178 178 178 178 178 179 179 179 179 179 180 180 180 180 181 181 181 181 181 181 181 181 181 182 182 182 182 182 182 182 182 181 181 181 181 181 181 181 181 181 181 181 181 181 181 181 180 180 180 180 180 180 180 180 180 180 180 180 180 180 180 180 180 180 180 180 180 180 180 180 180 180 180 180 180
180 179 179 179 179 179 179 179 179 179 179 179 179 179 179 178 178 178 178 178 178 179 179 179 179 179 179 179 179 180 180 180 180 180 181 181 181 181 181 181 181 181 181 181 181 181 181 181 181 181 181 181 181 181 181 181 181 181 181 181 181 181 181 181 180 180 180 180 180 180 180 180 180 180 180 180 180 180 180 180 180 180 180 180 180 180 180 180 180 180 180 180 180 180
180 180 179 179 179 179 179 179 179 179 179 179 179 179 179 179 179 179 179 179 179 179 179 179 179 179 179 179 180 180 180 180 180 180 181 181 181 181 181 181 181 181 181 181 181 181 181 181 181 181 181 181 181 181 181 181 181 181 181 181 181 181 180 180 180 180 180 180 180 180 180 180 180 180 180 180 180 180 180 180 180 180 180 180 180 180 180 180 180 180 180 180 180 180
