data/AilsaCraig_270_1_25m_vel_50m.asc
ncols	257
nrows	257
xllcorner	3364200.000000
yllcorner	3669375.000000
cellsize	25.000000
NODATA_value	-1.000000
[rows 76 to 113 of 257, columns 84 to 167 of 257]
1.61 1.61 1.61 1.61 1.61 1.61 1.61 1.61 1.61 1.61 1.61 1.61 1.61 1.61 1.61 1.61 1.61 1.61 1.61 1.61 1.61 1.61 1.61 1.61 1.61 1.61 1.61 1.61 1.61 1.61 1.61 1.61 1.61 1.61 1.61 1.61 1.61 1.61 1.61 1.61 1.61 1.61 1.61 1.61 1.61 1.61 1.61 1.61 1.61 1.61 1.61 1.61 1.61 1.61 1.61 1.61 1.61 1.61 1.61 1.61 1.61 1.61 1.61 1.61 1.61 1.61 1.61 1.61 1.61 1.61 1.61 1.61 1.61 1.61 1.61 1.61 1.61 1.61 1.61 1.61 1.61 1.61 1.61 1.61
1.61 1.61 1.61 1.61 1.61 1.61 1.61 1.61 1.61 1.61 1.61 1.61 1.61 1.61 1.61 1.61 1.61 1.61 1.61 1.61 1.61 1.61 1.61 1.61 1.61 1.61 1.61 1.61 1.61 1.61 1.61 1.61 1.61 1.61 1.61 1.61 1.61 1.61 1.61 1.61 1.61 1.61 1.61 1.61 1.61 1.61 1.61 1.61 1.61 1.61 1.61 1.61 1.61 1.61 1.61 1.61 1.61 1.61 1.61 1.61 1.61 1.61 1.61 1.61 1.61 1.61 1.61 1.61 1.61 1.61 1.61 1.61 1.61 1.61 1.61 1.61 1.61 1.61 1.61 1.61 1.61 1.61 1.61 1.61
1.61 1.61 1.61 1.61 1.61 1.61 1.61 1.61 1.61 1.61 1.61 1.61 1.61 1.61 1.61 1.61 1.61 1.61 1.61 1.61 1.61 1.61 1.61 1.61 1.61 1.61 1.61 1.61 1.61 1.61 1.61 1.61 1.61 1.61 1.61 1.61 1.61 1.61 1.61 1.61 1.61 1.61 1.61 1.61 1.61 1.61 1.61 1.61 1.61 1.61 1.61 1.61 1.61 1.61 1.61 1.61 1.61 1.61 1.61 1.61 1.61 1.61 1.61 1.61 1.61 1.61 1.61 1.61 1.61 1.61 1.61 1.61 1.61 1.61 1.61 1.61 1.61 1.61 1.61 1.61 1.61 1.61 1.61 1.61
1.61 1.61 1.61 1.61 1.61 1.61 1.61 1.61 1.61 1.61 1.61 1.61 1.61 1.61 1.61 1.61 1.61 1.61 1.61 1.61 1.61 1.61 1.61 1.61 1.61 1.61 1.61 1.61 1.61 1.61 1.61 1.61 1.61 1.61 1.61 1.61 1.61 1.61 1.61 1.61 1.62 1.62 1.62 1.62 1.62 1.62 1.62 1.61 1.61 1.61 1.61 1.61 1.61 1.61 1.61 1.61 1.61 1.61 1.61 1.61 1.61 1.61 1.61 1.61 1.61 1.61 1.61 1.61 1.61 1.61 1.61 1.61 1.61 1.61 1.61 1.61 1.61 1.61 1.61 1.61 1.61 1.61 1.61 1.61
1.61 1.61 1.61 1.61 1.61 1.61 1.61 1.61 1.61 1.61 1.61 1.61 1.61 1.61 1.61 1.61 1.61 1.61 1.61 1.61 1.61 1.61 1.61 1.61 1.61 1.61 1.61 1.61 1.61 1.61 1.61 1.61 1.61 1.61 1.61 1.61 1.61 1.61 1.62 1.62 1.62 1.62 1.62 1.62 1.62 1.62 1.62 1.62 1.62 1.62 1.61 1.61 1.61 1.61 1.61 1.61 1.61 1.61 1.61 1.61 1.61 1.61 1.61 1.61 1.61 1.61 1.61 1.61 1.61 1.61 1.61 1.61 1.61 1.61 1.61 1.61 1.61 1.61 1.61 1.61 1.61 1.61 1.61 1.61
1.61 1.61 1.61 1.61 1.61 1.61 1.61 1.61 1.61 1.61 1.61 1.61 1.61 1.61 1.61 1.61 1.61 1.61 1.61 1.61 1.61 1.61 1.61 1.61 1.61 1.61 1.61 1.61 1.61 1.61 1.61 1.61 1.61 1.61 1.61 1.61 1.61 1.62 1.62 1.62 1.62 1.62 1.62 1.62 1.62 1.62 1.62 1.62 1.62 1.62 1.62 1.62 1.61 1.61 1.61 1.61 1.61 1.61 1.61 1.61 1.61 1.61 1.61 1.61 1.61 1.61 1.61 1.61 1.61 1.61 1.61 1.61 1.61 1.61 1.61 1.61 1.61 1.61 1.61 1.61 1.61 1.61 1.61 1.61
1.61 1.61 1.61 1.61 1.61 1.61 1.61 1.61 1.61 1.61 1.61 1.61 1.61 1.61 1.61 1.61 1.61 1.61 1.61 1.61 1.61 1.61 1.61 1.61 1.61 1.61 1.61 1.61 1.61 1.61 1.61 1.61 1.61 1.61 1.61 1.61 1.62 1.62 1.62 1.62 1.62 1.62 1.62 1.62 1.62 1.62 1.62 1.62 1.62 1.62 1.62 1.62 1.62 1.62 1.61 1.61 1.61 1.61 1.61 1.61 1.61 1.61 1.61 1.61 1.61 1.61 1.61 1.61 1.61 1.61 1.61 1.61 1.61 1.61 1.61 1.61 1.61 1.61 1.61 1.61 1.61 1.61 1.61 1.61
1.61 1.61 1.61 1.61 1.61 1.61 1.61 1.61 1.61 1.61 1.61 1.61 1.61 1.61 1.61 1.61 1.61 1.61 1.61 1.61 1.61 1.61 1.61 1.61 1.61 1.61 1.61 1.61 1.61 1.61 1.61 1.61 1.61 1.61 1.61 1.62 1.62 1.62 1.62 1.62 1.62 1.62 1.62 1.62 1.62 1.62 1.62 1.62 1.62 1.62 1.62 1.62 1.62 1.62 1.62 1.61 1.61 1.61 1.61 1.61 1.61 1.61 1.61 1.61 1.61 1.61 1.61 1.61 1.61 1.61 1.61 1.61 1.61 1.61 1.61 1.61 1.61 1.61 1.61 1.61 1.61 1.61 1.61 1.61
1.61 1.61 1.61 1.61 1.61 1.61 1.61 1.61 1.61 1.61 1.61 1.61 1.61 1.61 1.61 1.61 1.61 1.61 1.61 1.61 1.61 1.61 1.61 1.61 1.61 1.61 1.61 1.61 1.61 1.61 1.61 1.61 1.61 1.61 1.62 1.62 1.62 1.62 1.62 1.62 1.62 1.62 1.62 1.62 1.62 1.62 1.62 1.62 1.62 1.62 1.62 1.62 1.62 1.62 1.62 1.61 1.61 1.61 1.61 1.61 1.61 1.61 1.61 1.61 1.61 1.61 1.61 1.61 1.61 1.61 1.61 1.61 1.61 1.61 1.61 1.61 1.61 1.61 1.61 1.61 1.61 1.61 1.61 1.61
1.61 1.61 1.61 1.61 1.61 1.61 1.61 1.61 1.61 1.61 1.61 1.61 1.61 1.61 1.61 1.61 1.61 1.61 1.61 1.61 1.61 1.61 1.61 1.61 1.61 1.61 1.61 1.61 1.61 1.61 1.61 1.61 1.61 1.62 1.62 1.62 1.62 1.62 1.62 1.62 1.62 1.62 1.62 1.62 1.62 1.62 1.62 1.62 1.62 1.62 1.62 1.62 1.62 1.62 1.62 1.62 1.61 1.61 1.61 1.61 1.61 1.61 1.61 1.61 1.61 1.61 1.61 1.61 1.61 1.61 1.61 1.61 1.61 1.61 1.61 1.61 1.61 1.61 1.61 1.61 1.61 1.61 1.61 1.61
1.61 1.61 1.61 1.61 1.61 1.61 1.61 1.61 1.61 1.61 1.61 1.61 1.61 1.61 1.61 1.61 1.61 1.61 1.61 1.61 1.61 1.61 1.61 1.61 1.61 1.61 1.61 1.61 1.61 1.61 1.61 1.61 1.61 1.62 1.62 1.62 1.62 1.62 1.62 1.62 1.62 1.62 1.62 1.62 1.62 1.62 1.62 1.62 1.62 1.62 1.62 1.62 1.62 1.62 1.62 1.62 1.61 1.61 1.61 1.61 1.61 1.61 1.61 1.61 1.61 1.61 1.61 1.61 1.61 1.61 1.61 1.61 1.61 1.61 1.61 1.61 1.61 1.61 1.61 1.61 1.61 1.61 1.61 1.61
1.61 1.61 1.61 1.61 1.61 1.61 1.61 1.61 1.61 1.61 1.61 1.61 1.61 1.61 1.61 1.61 1.61 1.61 1.61 1.61 1.61 1.61 1.61 1.61 1.61 1.61 1.61 1.61 1.61 1.61 1.61 1.61 1.62 1.62 1.62 1.62 1.62 1.62 1.62 1.62 1.62 1.62 1.63 1.63 1.62 1.62 1.62 1.62 1.62 1.62 1.62 1.62 1.62 1.62 1.62 1.62 1.62 1.61 1.61 1.61 1.61 1.61 1.61 1.61 1.61 1.61 1.61 1.61 1.61 1.61 1.61 1.61 1.61 1.61 1.61 1.61 1.61 1.61 1.61 1.61 1.61 1.61 1.61 1.61
1.61 1.61 1.61 1.61 1.61 1.61 1.61 1.61 1.61 1.61 1.61 1.61 1.60 1.60 1.60 1.60 1.60 1.60 1.60 1.60 1.61 1.61 1.61 1.61 1.61 1.61 1.61 1.61 1.61 1.61 1.61 1.61 1.62 1.62 1.62 1.62 1.62 1.62 1.62 1.63 1.63 1.63 1.63 1.63 1.63 1.63 1.63 1.63 1.63 1.62 1.62 1.62 1.62 1.62 1.62 1.62 1.62 1.61 1.61 1.61 1.61 1.61 1.61 1.61 1.61 1.61 1.61 1.61 1.61 1.61 1.61 1.61 1.61 1.61 1.61 1.61 1.61 1.61 1.61 1.61 1.61 1.61 1.61 1.61
1.61 1.61 1.61 1.61 1.61 1.61 1.61 1.61 1.61 1.61 1.60 1.60 1.60 1.60 1.60 1.60 1.60 1.60 1.60 1.60 1.60 1.60 1.61 1.61 1.61 1.61 1.61 1.61 1.61 1.61 1.61 1.61 1.62 1.62 1.62 1.62 1.62 1.62 1.63 1.63 1.63 1.63 1.63 1.63 1.63 1.63 1.63 1.63 1.63 1.63 1.63 1.62 1.62 1.62 1.62 1.62 1.62 1.61 1.61 1.61 1.61 1.61 1.61 1.61 1.61 1.61 1.61 1.61 1.60 1.60 1.60 1.60 1.60 1.60 1.60 1.60 1.60 1.60 1.61 1.61 1.61 1.61 1.61 1.61
1.61 1.61 1.61 1.61 1.61 1.61 1.61 1.61 1.60 1.60 1.60 1.60 1.60 1.60 1.60 1.60 1.60 1.60 1.60 1.60 1.60 1.60 1.60 1.61 1.61 1.61 1.61 1.61 1.61 1.61 1.61 1.62 1.62 1.62 1.62 1.62 1.62 1.63 1.63 1.63 1.63 1.63 1.63 1.63 1.63 1.63 1.63 1.63 1.63 1.63 1.63 1.63 1.62 1.62 1.62 1.62 1.62 1.62 1.61 1.61 1.61 1.61 1.61 1.61 1.61 1.61 1.60 1.60 1.60 1.60 1.60 1.60 1.60 1.60 1.60 1.60 1.60 1.60 1.60 1.60 1.60 1.61 1.61 1.61
1.61 1.61 1.61 1.61 1.61 1.61 1.60 1.60 1.60 1.60 1.60 1.60 1.60 1.60 1.60 1.60 1.60 1.60 1.60 1.60 1.60 1.60 1.60 1.60 1.60 1.61 1.61 1.61 1.61 1.61 1.61 1.62 1.62 1.62 1.62 1.62 1.63 1.63 1.63 1.63 1.63 1.64 1.64 1.64 1.64 1.64 1.64 1.63 1.63 1.63 1.63 1.63 1.63 1.62 1.62 1.62 1.62 1.62 1.61 1.61 1.61 1.61 1.61 1.61 1.61 1.60 1.60 1.60 1.60 1.60 1.60 1.60 1.60 1.60 1.60 1.60 1.60 1.60 1.60 1.60 1.60 1.60 1.60 1.61
1.61 1.61 1.61 1.61 1.61 1.60 1.60 1.60 1.60 1.60 1.60 1.60 1.60 1.60 1.60 1.60 1.60 1.60 1.60 1.60 1.60 1.60 1.60 1.60 1.60 1.60 1.61 1.61 1.61 1.61 1.61 1.62 1.62 1.62 1.62 1.63 1.63 1.63 1.63 1.64 1.64 1.64 1.64 1.64 1.64 1.64 1.64 1.64 1.64 1.63 1.63 1.63 1.63 1.63 1.62 1.62 1.62 1.62 1.61 1.61 1.61 1.61 1.61 1.61 1.60 1.60 1.60 1.60 1.60 1.60 1.60 1.60 1.60 1.60 1.60 1.60 1.60 1.60 1.60 1.60 1.60 1.60 1.60 1.60
1.61 1.61 1.61 1.61 1.60 1.60 1.60 1.60 1.60 1.60 1.60 1.60 1.60 1.60 1.60 1.60 1.60 1.60 1.60 1.60 1.60 1.60 1.60 1.60 1.60 1.60 1.61 1.61 1.61 1.61 1.61 1.62 1.62 1.62 1.63 1.63 1.63 1.63 1.64 1.64 1.64 1.64 1.64 1.64 1.65 1.64 1.64 1.64 1.64 1.64 1.64 1.63 1.63 1.63 1.62 1.62 1.62 1.62 1.61 1.61 1.61 1.61 1.61 1.60 1.60 1.60 1.60 1.60 1.60 1.60 1.60 1.60 1.60 1.60 1.60 1.60 1.60 1.60 1.60 1.60 1.60 1.60 1.60 1.60
1.61 1.61 1.60 1.60 1.60 1.60 1.60 1.60 1.60 1.60 1.60 1.60 1.60 1.60 1.60 1.60 1.60 1.60 1.60 1.60 1.60 1.60 1.60 1.60 1.60 1.60 1.60 1.61 1.61 1.61 1.61 1.62 1.62 1.62 1.63 1.63 1.63 1.64 1.64 1.64 1.65 1.65 1.65 1.65 1.65 1.65 1.65 1.65 1.64 1.64 1.64 1.64 1.63 1.63 1.63 1.62 1.62 1.62 1.61 1.61 1.61 1.61 1.60 1.60 1.60 1.60 1.60 1.60 1.60 1.60 1.60 1.60 1.60 1.60 1.60 1.60 1.60 1.60 1.60 1.60 1.60 1.60 1.60 1.60
1.61 1.60 1.60 1.60 1.60 1.60 1.60 1.60 1.60 1.60 1.60 1.60 1.60 1.60 1.60 1.60 1.60 1.60 1.60 1.60 1.60 1.60 1.60 1.60 1.60 1.60 1.60 1.60 1.61 1.61 1.61 1.62 1.62 1.62 1.63 1.63 1.64 1.64 1.64 1.65 1.65 1.65 1.66 1.66 1.66 1.66 1.66 1.65 1.65 1.65 1.64 1.64 1.64 1.63 1.63 1.62 1.62 1.62 1.61 1.61 1.61 1.61 1.60 1.60 1.60 1.60 1.60 1.60 1.60 1.60 1.60 1.60 1.60 1.60 1.60 1.60 1.60 1.60 1.60 1.60 1.60 1.60 1.60 1.60
1.60 1.60 1.60 1.60 1.60 1.60 1.60 1.60 1.60 1.60 1.60 1.60 1.60 1.59 1.59 1.59 1.59 1.59 1.59 1.59 1.59 1.59 1.59 1.60 1.60 1.60 1.60 1.60 1.61 1.61 1.61 1.62 1.62 1.63 1.63 1.63 1.64 1.64 1.65 1.65 1.66 1.66 1.66 1.66 1.66 1.66 1.66 1.66 1.66 1.65 1.65 1.64 1.64 1.63 1.63 1.62 1.62 1.62 1.61 1.61 1.61 1.60 1.60 1.60 1.60 1.60 1.60 1.60 1.59 1.59 1.59 1.59 1.59 1.59 1.60 1.60 1.60 1.60 1.60 1.60 1.60 1.60 1.60 1.60
1.60 1.60 1.60 1.60 1.60 1.60 1.60 1.60 1.60 1.60 1.60 1.59 1.59 1.59 1.59 1.59 1.59 1.59 1.59 1.59 1.59 1.59 1.59 1.59 1.59 1.60 1.60 1.60 1.60 1.61 1.61 1.62 1.62 1.63 1.63 1.64 1.64 1.65 1.65 1.66 1.67 1.67 1.67 1.67 1.67 1.67 1.67 1.67 1.66 1.66 1.65 1.65 1.64 1.64 1.63 1.62 1.62 1.62 1.61 1.61 1.61 1.60 1.60 1.60 1.60 1.60 1.59 1.59 1.59 1.59 1.59 1.59 1.59 1.59 1.59 1.59 1.59 1.60 1.60 1.60 1.60 1.60 1.60 1.60
1.60 1.60 1.60 1.60 1.60 1.60 1.60 1.60 1.60 1.59 1.59 1.59 1.59 1.59 1.59 1.59 1.59 1.59 1.59 1.59 1.59 1.59 1.59 1.59 1.59 1.59 1.60 1.60 1.60 1.61 1.61 1.62 1.62 1.63 1.63 1.64 1.65 1.65 1.66 1.67 1.67 1.68 1.68 1.69 1.69 1.68 1.68 1.68 1.67 1.67 1.66 1.65 1.64 1.64 1.63 1.63 1.62 1.61 1.61 1.61 1.60 1.60 1.60 1.60 1.59 1.59 1.59 1.59 1.59 1.59 1.59 1.59 1.59 1.59 1.59 1.59 1.59 1.59 1.59 1.60 1.60 1.60 1.60 1.60
1.60 1.60 1.60 1.60 1.60 1.60 1.60 1.60 1.59 1.59 1.59 1.59 1.59 1.59 1.59 1.59 1.59 1.59 1.59 1.58 1.58 1.59 1.59 1.59 1.59 1.59 1.59 1.60 1.60 1.60 1.61 1.61 1.62 1.63 1.63 1.64 1.65 1.66 1.67 1.68 1.69 1.69 1.70 1.70 1.70 1.70 1.69 1.69 1.68 1.67 1.67 1.66 1.65 1.64 1.63 1.63 1.62 1.61 1.61 1.60 1.60 1.60 1.60 1.59 1.59 1.59 1.59 1.59 1.59 1.59 1.59 1.59 1.59 1.59 1.59 1.59 1.59 1.59 1.59 1.59 1.60 1.60 1.60 1.60
1.60 1.60 1.60 1.60 1.60 1.60 1.60 1.59 1.59 1.59 1.59 1.59 1.59 1.59 1.59 1.58 1.58 1.58 1.58 1.58 1.58 1.58 1.58 1.58 1.59 1.59 1.59 1.59 1.60 1.60 1.61 1.61 1.62 1.62 1.63 1.64 1.65 1.66 1.68 1.69 1.70 1.71 1.71 1.72 1.72 1.72 1.71 1.70 1.69 1.68 1.67 1.66 1.65 1.64 1.63 1.62 1.62 1.61 1.61 1.60 1.60 1.59 1.59 1.59 1.59 1.59 1.58 1.58 1.58 1.58 1.58 1.58 1.58 1.59 1.59 1.59 1.59 1.59 1.59 1.59 1.59 1.59 1.60 1.60
1.60 1.60 1.60 1.60 1.60 1.59 1.59 1.59 1.59 1.59 1.59 1.59 1.58 1.58 1.58 1.58 1.58 1.58 1.58 1.58 1.58 1.58 1.58 1.58 1.58 1.58 1.59 1.59 1.59 1.60 1.60 1.61 1.61 1.62 1.63 1.64 1.66 1.67 1.69 1.70 1.71 1.73 1.73 1.74 1.74 1.74 1.73 1.72 1.71 1.69 1.68 1.67 1.65 1.64 1.63 1.62 1.61 1.61 1.60 1.60 1.59 1.59 1.59 1.59 1.58 1.58 1.58 1.58 1.58 1.58 1.58 1.58 1.58 1.58 1.58 1.58 1.59 1.59 1.59 1.59 1.59 1.59 1.59 1.60
1.60 1.60 1.60 1.60 1.59 1.59 1.59 1.59 1.59 1.59 1.59 1.58 1.58 1.58 1.58 1.58 1.58 1.58 1.57 1.57 1.57 1.57 1.57 1.58 1.58 1.58 1.58 1.58 1.59 1.59 1.59 1.60 1.61 1.62 1.63 1.64 1.66 1.68 1.70 1.72 1.74 1.75 1.76 1.77 1.77 1.76 1.76 1.74 1.73 1.71 1.69 1.67 1.66 1.64 1.63 1.62 1.61 1.60 1.60 1.59 1.59 1.59 1.58 1.58 1.58 1.58 1.58 1.58 1.58 1.58 1.58 1.58 1.58 1.58 1.58 1.58 1.58 1.59 1.59 1.59 1.59 1.59 1.59 1.59
1.60 1.60 1.60 1.59 1.59 1.59 1.59 1.59 1.59 1.58 1.58 1.58 1.58 1.58 1.58 1.57 1.57 1.57 1.57 1.57 1.57 1.57 1.57 1.57 1.57 1.57 1.58 1.58 1.58 1.58 1.59 1.59 1.60 1.61 1.63 1.64 1.66 1.68 1.71 1.74 1.76 1.78 1.80 1.80 1.81 1.80 1.79 1.77 1.75 1.72 1.70 1.68 1.66 1.64 1.63 1.61 1.60 1.60 1.59 1.59 1.58 1.58 1.58 1.58 1.57 1.57 1.57 1.57 1.57 1.57 1.57 1.57 1.57 1.58 1.58 1.58 1.58 1.58 1.58 1.59 1.59 1.59 1.59 1.59
1.60 1.60 1.60 1.59 1.59 1.59 1.59 1.59 1.58 1.58 1.58 1.58 1.58 1.57 1.57 1.57 1.57 1.57 1.57 1.56 1.56 1.56 1.56 1.56 1.57 1.57 1.57 1.57 1.57 1.57 1.58 1.58 1.59 1.60 1.62 1.64 1.66 1.69 1.72 1.76 1.79 1.82 1.84 1.85 1.85 1.84 1.83 1.80 1.77 1.74 1.71 1.68 1.65 1.64 1.62 1.61 1.60 1.59 1.58 1.58 1.58 1.57 1.57 1.57 1.57 1.57 1.57 1.57 1.57 1.57 1.57 1.57 1.57 1.57 1.57 1.58 1.58 1.58 1.58 1.58 1.59 1.59 1.59 1.59
1.60 1.60 1.59 1.59 1.59 1.59 1.59 1.58 1.58 1.58 1.58 1.58 1.57 1.57 1.57 1.57 1.56 1.56 1.56 1.56 1.56 1.56 1.56 1.56 1.56 1.56 1.56 1.56 1.56 1.56 1.57 1.57 1.58 1.59 1.61 1.63 1.65 1.69 1.73 1.78 1.84 1.88 1.91 1.92 1.92 1.90 1.88 1.85 1.81 1.76 1.71 1.68 1.65 1.63 1.61 1.60 1.59 1.58 1.58 1.57 1.57 1.57 1.56 1.56 1.56 1.56 1.56 1.56 1.56 1.56 1.56 1.57 1.57 1.57 1.57 1.57 1.57 1.58 1.58 1.58 1.58 1.58 1.59 1.59
1.60 1.59 1.59 1.59 1.59 1.59 1.58 1.58 1.58 1.58 1.58 1.57 1.57 1.57 1.56 1.56 1.56 1.56 1.56 1.55 1.55 1.55 1.55 1.55 1.55 1.55 1.55 1.55 1.55 1.55 1.55 1.56 1.57 1.58 1.59 1.61 1.64 1.68 1.74 1.81 1.89 1.97 2.01 2.01 1.99 1.98 1.96 1.91 1.85 1.78 1.71 1.67 1.64 1.61 1.60 1.59 1.58 1.57 1.56 1.56 1.56 1.56 1.55 1.55 1.55 1.55 1.55 1.55 1.56 1.56 1.56 1.56 1.56 1.56 1.57 1.57 1.57 1.57 1.58 1.58 1.58 1.58 1.59 1.59
1.59 1.59 1.59 1.59 1.59 1.58 1.58 1.58 1.58 1.57 1.57 1.57 1.57 1.56 1.56 1.56 1.56 1.55 1.55 1.55 1.55 1.55 1.54 1.54 1.54 1.54 1.54 1.53 1.53 1.54 1.54 1.54 1.55 1.56 1.57 1.59 1.62 1.66 1.73 1.82 1.96 2.10 2.16 2.14 2.09 2.06 2.04 1.99 1.90 1.79 1.70 1.65 1.62 1.60 1.58 1.57 1.56 1.56 1.55 1.55 1.55 1.54 1.54 1.54 1.54 1.54 1.55 1.55 1.55 1.55 1.55 1.56 1.56 1.56 1.56 1.56 1.57 1.57 1.57 1.58 1.58 1.58 1.58 1.59
1.59 1.59 1.59 1.59 1.58 1.58 1.58 1.58 1.57 1.57 1.57 1.57 1.56 1.56 1.56 1.55 1.55 1.55 1.54 1.54 1.54 1.54 1.53 1.53 1.53 1.52 1.52 1.52 1.52 1.52 1.52 1.52 1.53 1.53 1.55 1.56 1.59 1.63 1.70 1.82 2.01 2.22 2.32 2.27 2.20 2.14 2.10 2.03 1.91 1.77 1.66 1.61 1.59 1.58 1.57 1.56 1.55 1.54 1.54 1.53 1.53 1.53 1.53 1.53 1.53 1.54 1.54 1.54 1.54 1.54 1.55 1.55 1.55 1.56 1.56 1.56 1.56 1.57 1.57 1.57 1.58 1.58 1.58 1.58
1.59 1.59 1.59 1.59 1.58 1.58 1.58 1.57 1.57 1.57 1.57 1.56 1.56 1.55 1.55 1.55 1.54 1.54 1.54 1.54 1.53 1.53 1.52 1.52 1.51 1.51 1.51 1.51 1.50 1.50 1.50 1.50 1.50 1.51 1.51 1.52 1.54 1.58 1.65 1.79 2.03 2.29 2.39 2.35 2.25 2.18 2.11 2.02 1.87 1.71 1.60 1.56 1.56 1.55 1.55 1.54 1.53 1.53 1.52 1.52 1.52 1.52 1.52 1.52 1.52 1.52 1.53 1.53 1.53 1.54 1.54 1.54 1.55 1.55 1.55 1.56 1.56 1.56 1.57 1.57 1.57 1.58 1.58 1.58
1.59 1.59 1.59 1.58 1.58 1.58 1.58 1.57 1.57 1.57 1.56 1.56 1.55 1.55 1.55 1.54 1.54 1.54 1.53 1.53 1.52 1.52 1.51 1.51 1.50 1.50 1.49 1.49 1.48 1.48 1.48 1.48 1.47 1.47 1.47 1.47 1.48 1.50 1.57 1.75 2.05 2.33 2.42 2.36 2.25 2.16 2.09 1.99 1.80 1.60 1.52 1.52 1.53 1.53 1.53 1.52 1.51 1.51 1.50 1.50 1.50 1.50 1.50 1.51 1.51 1.51 1.52 1.52 1.52 1.53 1.53 1.54 1.54 1.54 1.55 1.55 1.56 1.56 1.56 1.57 1.57 1.57 1.58 1.58
1.59 1.59 1.58 1.58 1.58 1.58 1.57 1.57 1.57 1.56 1.56 1.55 1.55 1.55 1.54 1.54 1.53 1.53 1.53 1.52 1.52 1.51 1.50 1.49 1.49 1.48 1.47 1.47 1.46 1.46 1.45 1.45 1.44 1.44 1.43 1.42 1.41 1.41 1.48 1.68 2.07 2.35 2.40 2.35 2.24 2.13 2.05 1.92 1.68 1.47 1.45 1.49 1.52 1.53 1.52 1.51 1.50 1.49 1.48 1.48 1.48 1.48 1.48 1.49 1.49 1.50 1.50 1.51 1.51 1.52 1.53 1.53 1.53 1.54 1.54 1.55 1.55 1.56 1.56 1.56 1.57 1.57 1.57 1.58
1.59 1.59 1.58 1.58 1.58 1.57 1.57 1.57 1.56 1.56 1.55 1.55 1.55 1.54 1.54 1.53 1.53 1.52 1.52 1.51 1.51 1.50 1.49 1.48 1.47 1.46 1.46 1.45 1.44 1.43 1.43 1.42 1.41 1.40 1.40 1.37 1.35 1.33 1.38 1.66 2.07 2.34 2.37 2.33 2.22 2.11 2.03 1.86 1.55 1.39 1.41 1.49 1.53 1.54 1.52 1.49 1.47 1.46 1.45 1.45 1.45 1.46 1.46 1.47 1.48 1.48 1.49 1.50 1.50 1.51 1.52 1.52 1.53 1.53 1.54 1.54 1.55 1.55 1.56 1.56 1.56 1.57 1.57 1.57
1.59 1.58 1.58 1.58 1.57 1.57 1.57 1.56 1.56 1.56 1.55 1.55 1.54 1.54 1.53 1.53 1.52 1.52 1.51 1.50 1.49 1.48 1.47 1.46 1.45 1.44 1.44 1.43 1.42 1.41 1.39 1.38 1.38 1.37 1.36 1.34 1.29 1.27 1.33 1.64 2.10 2.34 2.36 2.33 2.21 2.11 2.01 1.79 1.49 1.39 1.43 1.50 1.55 1.57 1.54 1.49 1.45 1.43 1.42 1.42 1.43 1.43 1.44 1.45 1.46 1.47 1.48 1.48 1.49 1.50 1.51 1.52 1.52 1.53 1.53 1.54 1.54 1.55 1.55 1.56 1.56 1.56 1.57 1.57
