data/AilsaCraig_180_1_25m_ang.asc
ncols	257
nrows	257
xllcorner	3364200.000000
yllcorner	3669375.000000
cellsize	25.000000
NODATA_value	-1.000000
[rows 126 to 167 of 257, columns 94 to 187 of 257]
181 182 182 182 182 182 183 183 184 185 186 186 187 188 190 191 193 195 198 197 194 190 188 188 188 187 184 182 181 180 180 178 177 177 177 177 177 179 181 182 180 178 179 179 177 176 177 177 177 178 177 170 167 169 173 174 175 175 177 177 178 178 178 179 179 179 179 179 179 179 180 180 180 180 180 180 180 180 180 180 180 180 180 180 180 180 180 180 180 180 180 180 180 180
181 182 182 182 182 182 183 183 184 185 186 186 187 189 190 192 194 195 199 199 197 192 187 184 184 184 182 181 179 177 176 175 175 176 176 176 177 181 184 185 185 184 182 179 177 175 175 176 176 178 178 172 168 170 173 175 176 176 177 178 178 178 179 179 179 179 179 179 179 180 180 180 180 180 180 180 180 180 180 180 180 180 180 180 180 180 180 180 180 180 180 180 180 180
181 181 182 182 182 182 183 183 184 185 186 187 187 189 190 193 195 196 197 198 197 193 187 184 183 181 180 179 177 175 173 173 175 176 175 175 178 182 184 186 189 189 185 179 176 174 173 173 175 178 179 176 171 170 173 175 176 177 177 178 178 179 179 179 179 179 179 180 180 180 180 180 180 180 180 180 180 180 180 180 180 180 180 180 180 180 180 180 180 180 180 180 180 180
181 181 182 182 182 182 183 184 184 185 185 187 188 189 191 193 195 196 196 197 196 193 188 185 182 181 181 179 176 174 173 173 175 176 175 175 178 181 183 187 192 191 185 179 177 175 174 174 177 178 179 179 175 172 174 176 177 177 178 178 179 179 179 179 179 180 180 180 180 180 180 180 180 180 180 180 180 180 180 180 180 180 180 180 180 180 180 180 180 180 180 180 180 180
181 181 181 182 182 182 183 183 184 185 185 186 188 189 191 192 194 197 197 196 195 193 189 185 181 180 179 176 173 173 173 174 175 177 177 177 178 180 182 186 189 187 183 180 179 178 177 177 179 180 180 180 178 175 174 176 178 178 178 179 179 179 179 180 180 180 180 180 180 180 180 180 180 180 180 180 180 180 180 180 180 180 180 180 180 180 180 180 180 180 180 180 180 180
181 181 181 182 182 182 183 183 184 184 185 186 188 189 191 192 194 198 198 195 195 193 190 185 181 178 175 171 169 169 171 174 176 178 180 180 179 179 182 184 184 182 182 182 183 183 182 182 182 181 181 182 182 179 176 177 178 179 179 179 179 180 180 180 180 180 180 180 180 180 180 180 180 180 180 180 180 180 180 180 180 180 180 180 180 180 180 180 180 180 180 180 180 180
181 181 181 181 181 182 183 183 184 184 185 186 188 189 191 193 193 196 197 195 195 193 189 185 181 176 172 167 165 165 168 172 176 179 181 182 180 180 181 181 180 180 183 186 188 188 187 186 183 182 183 184 184 183 180 178 179 179 180 179 180 180 180 180 180 180 180 180 180 180 180 180 180 180 180 180 180 180 180 180 180 180 180 180 180 180 180 180 180 180 180 180 180 180
181 181 181 181 181 182 182 183 183 184 185 186 187 189 192 194 194 195 196 195 195 194 190 185 181 175 170 165 163 163 166 171 175 179 181 182 182 182 180 178 178 183 187 189 189 189 188 185 183 183 185 185 186 185 183 180 179 180 180 180 180 180 180 180 180 180 180 180 180 180 180 180 180 180 180 180 180 180 180 180 180 180 180 180 180 180 180 180 180 180 180 180 180 180
181 181 181 181 181 182 182 183 183 184 185 186 187 189 191 194 194 194 194 194 195 194 190 185 179 174 168 164 162 162 164 168 174 177 179 181 183 183 180 178 181 187 190 190 189 188 186 183 180 181 184 186 187 187 185 182 180 180 180 181 180 180 181 181 181 181 180 180 180 180 180 180 180 180 180 180 180 180 180 180 180 180 180 180 180 180 180 180 180 180 180 180 180 180
181 181 181 181 181 181 182 182 182 183 184 185 187 189 190 192 194 194 193 192 193 193 190 185 179 172 167 164 162 162 163 167 171 174 176 180 183 182 180 181 186 190 191 191 190 190 188 185 181 181 185 187 188 187 186 184 182 180 180 181 181 181 181 181 181 181 181 180 180 180 180 180 180 180 180 180 180 180 180 180 180 180 180 180 180 180 180 180 180 180 180 180 180 180
180 180 180 181 181 181 181 181 182 182 183 184 186 188 190 192 194 195 193 192 192 192 189 184 178 172 168 165 164 163 164 166 169 171 174 179 181 180 181 185 189 192 193 192 191 191 190 188 187 186 187 188 188 188 186 185 183 182 181 181 182 181 181 181 181 181 181 181 181 181 180 180 180 180 180 180 180 180 180 180 180 180 180 180 180 180 180 180 180 180 180 180 180 180
180 180 180 180 181 181 181 181 181 182 182 183 185 188 192 193 193 193 192 191 190 189 187 182 177 173 171 168 166 165 165 166 168 170 173 176 178 178 181 186 190 193 194 193 192 192 192 191 190 190 190 190 189 188 186 185 184 183 182 182 182 182 182 181 181 181 181 181 181 181 181 180 180 180 180 180 180 180 180 180 180 180 180 180 180 180 180 180 180 180 180 180 180 180
180 180 180 180 180 180 180 180 181 181 181 182 183 186 190 191 190 189 189 189 189 187 183 179 176 174 173 171 169 168 167 167 168 169 172 175 176 177 182 187 190 193 195 195 194 194 193 192 192 192 192 191 189 187 186 185 185 184 184 184 183 182 182 182 181 181 181 181 181 181 181 181 180 180 180 180 180 180 180 180 180 180 180 180 180 180 180 180 180 180 180 180 180 180
180 180 180 180 180 180 180 180 180 180 180 180 181 183 186 187 185 185 186 186 185 183 179 176 175 175 174 173 172 171 170 169 168 168 172 175 177 179 184 187 190 194 196 196 196 196 195 194 194 193 194 193 189 187 186 186 186 187 186 185 184 183 182 182 182 181 181 181 181 181 181 181 180 180 180 180 180 180 180 180 180 180 180 180 180 180 180 180 180 180 180 180 180 180
180 180 180 180 179 179 179 179 179 179 178 178 178 178 180 182 182 181 181 180 179 176 174 173 173 173 173 174 174 173 173 171 168 168 173 178 182 186 188 189 192 195 198 198 198 197 197 196 195 194 195 193 190 188 187 188 188 188 186 185 184 183 182 182 182 181 181 181 181 181 181 181 181 180 180 180 180 180 180 180 180 180 180 180 180 180 180 180 180 180 180 180 180 180
180 179 179 179 179 179 179 178 178 178 177 176 176 173 170 174 179 179 176 174 171 169 170 171 171 171 172 174 175 175 174 172 168 168 174 180 187 192 193 193 195 199 200 201 200 200 199 198 196 196 195 194 191 189 190 191 189 188 186 185 184 183 183 182 182 182 181 181 181 181 181 181 181 180 180 180 180 180 180 180 180 180 180 180 180 180 180 180 180 180 180 180 180 180
179 179 179 179 179 179 178 178 177 177 175 174 173 168 160 158 169 174 173 169 164 163 166 168 168 169 171 174 176 176 174 171 168 171 178 183 189 196 199 199 201 203 203 204 204 203 202 200 198 198 196 194 192 191 193 191 189 187 186 185 184 183 183 182 182 182 182 181 181 181 181 181 181 181 180 180 180 180 180 180 180 180 180 180 180 180 180 180 180 180 180 180 180 180
179 179 179 179 179 178 178 177 177 176 174 173 171 167 159 150 148 161 168 166 163 161 164 165 166 168 170 173 175 175 173 169 169 176 181 186 191 197 202 204 205 207 207 207 207 206 205 202 200 199 197 194 194 195 193 191 188 187 186 185 184 183 183 182 182 182 182 181 181 181 181 181 181 181 180 180 180 180 180 180 180 180 180 180 180 180 180 180 180 180 180 180 180 180
179 179 179 179 178 178 177 177 176 175 174 172 169 166 161 151 144 146 158 164 162 164 163 163 164 167 170 171 173 173 170 168 173 182 186 189 194 198 204 207 209 210 210 210 210 209 207 204 200 199 198 197 197 196 192 190 188 187 186 185 184 183 183 182 182 182 182 181 181 181 181 181 181 181 180 180 180 180 180 180 180 180 180 180 180 180 180 180 180 180 180 180 180 180
179 179 179 178 178 178 177 176 176 175 173 171 169 166 161 156 148 147 160 160 162 162 163 162 164 167 170 171 172 171 166 166 176 185 189 192 195 199 206 210 213 214 214 213 213 212 210 205 201 200 200 200 198 195 191 189 188 186 186 185 184 183 183 183 182 182 182 181 181 181 181 181 181 181 180 180 180 180 180 180 180 180 180 180 180 180 180 180 180 180 180 180 180 180
179 179 178 178 178 177 177 176 175 174 173 171 169 166 162 158 152 151 153 153 156 160 160 162 164 168 170 171 172 170 165 167 179 184 188 193 197 204 212 215 217 218 218 217 216 215 212 207 203 202 202 200 197 193 191 189 187 186 186 184 183 183 183 183 182 182 181 181 181 181 181 181 181 181 181 180 180 180 180 180 180 180 180 180 180 180 180 180 180 180 180 180 180 180
179 179 178 178 178 177 177 176 175 174 173 171 169 166 163 159 156 150 141 139 147 155 157 160 164 168 171 171 172 169 167 174 180 179 181 188 198 217 226 225 224 224 222 220 219 218 215 209 205 204 201 198 194 192 190 188 187 186 185 184 184 184 183 183 182 182 182 181 181 181 181 181 181 181 181 180 180 180 180 180 180 180 180 180 180 180 180 180 180 180 180 180 180 180
179 178 178 178 178 177 177 176 175 174 173 171 169 167 164 160 156 150 141 135 138 146 153 157 162 167 169 171 170 169 175 186 188 184 182 186 198 224 239 237 234 232 228 224 223 220 216 211 206 203 199 196 193 191 189 188 187 186 185 184 184 184 183 182 182 182 182 181 181 181 181 181 181 181 181 180 180 180 180 180 180 180 180 180 180 180 180 180 180 180 180 180 180 180
179 178 178 178 177 177 177 176 175 174 173 171 170 167 165 162 157 153 147 139 133 135 144 153 159 163 166 168 170 172 184 195 196 193 192 196 204 217 229 232 230 231 230 226 224 220 215 210 204 200 197 194 192 190 189 187 186 185 184 184 184 183 183 182 182 182 182 181 181 181 181 181 181 181 180 180 180 180 180 180 180 180 180 180 180 180 180 180 180 180 180 180 180 180
179 178 178 178 177 177 177 176 175 174 173 172 170 168 166 163 159 155 150 145 137 130 133 144 154 158 161 167 173 178 188 198 201 199 199 203 209 213 215 216 217 218 218 217 215 213 210 206 201 197 194 192 191 189 188 187 186 185 185 184 183 183 182 182 182 182 182 181 181 181 181 181 181 181 180 180 180 180 180 180 180 180 180 180 180 180 180 180 180 180 180 180 180 180
179 178 178 178 177 177 177 176 175 174 174 172 171 169 167 165 162 158 154 149 144 136 131 135 143 149 156 166 178 185 192 199 202 202 204 208 210 210 208 208 208 208 207 206 205 205 203 200 197 195 192 191 189 189 188 186 185 185 184 184 183 183 182 182 182 182 181 181 181 181 181 181 181 181 180 180 180 180 180 180 180 180 180 180 180 180 180 180 180 180 180 180 180 180
179 178 178 178 178 177 177 176 176 175 174 173 172 170 168 166 164 161 158 154 149 144 138 134 132 134 146 162 177 190 197 202 205 207 209 210 209 206 204 203 203 202 201 200 198 197 197 196 194 192 191 189 189 188 187 186 185 184 184 183 183 182 182 182 182 182 181 181 181 181 181 181 181 181 180 180 180 180 180 180 180 180 180 180 180 180 180 180 180 180 180 180 180 180
179 178 178 178 178 177 177 176 176 175 174 173 172 171 170 168 166 164 161 158 154 150 145 140 132 122 123 147 168 191 201 207 211 213 212 209 206 203 200 199 198 197 195 194 193 192 193 192 191 190 189 188 188 187 186 185 184 184 183 183 183 182 182 182 182 182 181 181 181 181 181 181 181 181 180 180 180 180 180 180 180 180 180 180 180 180 180 180 180 180 180 180 180 180
179 178 178 178 178 177 177 176 176 175 175 174 173 172 171 169 168 166 164 162 159 156 152 148 142 134 132 134 147 183 202 211 214 214 209 204 201 197 196 195 193 192 191 190 190 190 190 190 189 188 188 187 186 186 185 185 184 184 183 183 183 182 182 182 182 181 181 181 181 181 181 181 181 180 180 180 180 180 180 180 180 180 180 180 180 180 180 180 180 180 180 180 180 180
179 179 178 178 178 177 177 177 176 176 175 174 174 173 172 171 170 168 167 165 163 161 159 156 153 152 151 150 158 172 193 206 208 207 203 198 195 193 192 190 189 189 189 189 189 189 188 188 187 187 187 186 185 185 185 184 184 183 183 183 182 182 182 182 182 181 181 181 181 181 181 181 181 180 180 180 180 180 180 180 180 180 180 180 180 180 180 180 180 180 180 180 180 180
179 179 178 178 178 178 177 177 176 176 176 175 174 174 173 172 171 170 169 168 166 165 164 162 162 161 162 165 170 175 184 194 198 198 196 193 190 189 189 188 188 188 188 188 188 187 187 187 186 186 186 185 185 184 184 184 183 183 183 182 182 182 182 182 181 181 181 181 181 181 181 181 181 180 180 180 180 180 180 180 180 180 180 180 180 180 180 180 180 180 180 180 180 180
179 179 178 178 178 178 177 177 177 176 176 175 175 174 174 173 172 172 171 170 169 168 168 167 167 167 168 170 174 178 182 187 190 191 191 190 189 187 187 188 187 187 187 187 186 186 186 186 186 185 185 185 184 184 184 183 183 183 183 182 182 182 182 182 181 181 181 181 181 181 181 181 180 180 180 180 180 180 180 180 180 180 180 180 180 180 180 180 180 180 180 180 180 180
179 179 179 178 178 178 178 177 177 177 176 176 175 175 175 174 173 173 172 172 171 171 170 170 170 171 172 174 176 179 181 184 186 187 187 187 187 186 186 187 186 186 186 186 185 185 185 185 185 185 184 184 184 184 183 183 183 183 182 182 182 182 182 181 181 181 181 181 181 181 181 181 180 180 180 180 180 180 180 180 180 180 180 180 180 180 180 180 180 180 180 180 180 180
179 179 179 178 178 178 178 178 177 177 177 176 176 176 175 175 174 174 174 173 173 173 173 173 173 173 174 176 177 179 180 182 184 185 185 186 185 185 185 185 185 185 185 184 184 184 184 184 184 184 184 184 183 183 183 183 182 182 182 182 182 182 181 181 181 181 181 181 181 181 181 180 180 180 180 180 180 180 180 180 180 180 180 180 180 180 180 180 180 180 180 180 180 180
179 179 179 179 178 178 178 178 178 177 177 177 176 176 176 176 175 175 175 174 174 174 174 174 175 175 176 177 178 179 180 181 182 183 184 184 184 184 184 184 185 184 184 184 184 184 184 184 184 184 183 183 183 183 183 182 182 182 182 182 182 181 181 181 181 181 181 181 181 181 180 180 180 180 180 180 180 180 180 180 180 180 180 180 180 180 180 180 180 180 180 180 180 180
179 179 179 179 179 178 178 178 178 178 177 177 177 177 176 176 176 176 176 175 175 175 175 176 176 176 177 177 178 179 180 181 182 182 183 183 183 183 183 184 184 184 183 183 183 183 183 183 183 183 183 183 183 183 182 182 182 182 182 182 181 181 181 181 181 181 181 181 181 181 180 180 180 180 180 180 180 180 180 180 180 180 180 180 180 180 180 180 180 180 180 180 180 180
179 179 179 179 179 179 178 178 178 178 178 177 177 177 177 177 176 176 176 176 176 176 176 176 177 177 178 178 179 179 180 181 181 182 182 182 183 183 183 183 183 183 183 183 183 183 183 183 183 183 183 183 182 182 182 182 182 182 182 181 181 181 181 181 181 181 181 181 181 180 180 180 180 180 180 180 180 180 180 180 180 180 180 180 180 180 180 180 180 180 180 180 180 180
179 179 179 179 179 179 178 178 178 178 178 178 178 177 177 177 177 177 177 177 177 177 177 177 177 178 178 178 179 179 180 180 181 181 182 182 182 182 182 182 183 183 182 182 183 183 183 183 183 182 182 182 182 182 182 182 182 182 181 181 181 181 181 181 181 181 181 181 180 180 180 180 180 180 180 180 180 180 180 180 180 180 180 180 180 180 180 180 180 180 180 180 180 180
179 179 179 179 179 179 179 179 178 178 178 178 178 178 178 177 177 177 177 177 177 177 177 178 178 178 178 179 179 179 180 180 181 181 181 181 182 182 182 182 182 182 182 182 182 182 182 182 182 182 182 182 182 182 182 182 181 181 181 181 181 181 181 181 181 181 181 180 180 180 180 180 180 180 180 180 180 180 180 180 180 180 180 180 180 180 180 180 180 180 180 180 180 180
179 179 179 179 179 179 179 179 179 178 178 178 178 178 178 178 178 178 178 178 178 178 178 178 178 178 179 179 179 180 180 180 180 181 181 181 181 181 182 182 182 182 182 182 182 182 182 182 182 182 182 182 182 182 181 181 181 181 181 181 181 181 181 181 181 181 180 180 180 180 180 180 180 180 180 180 180 180 180 180 180 180 180 180 180 180 180 180 180 180 180 180 180 180
179 179 179 179 179 179 179 179 179 179 179 178 178 178 178 178 178 178 178 178 178 178 178 178 178 179 179 179 179 180 180 180 180 181 181 181 181 181 181 181 182 182 182 182 182 182 182 182 182 182 182 182 181 181 181 181 181 181 181 181 181 181 181 181 181 180 180 180 180 180 180 180 180 180 180 180 180 180 180 180 180 180 180 180 180 180 180 180 180 180 180 180 180 180
179 179 179 179 179 179 179 179 179 179 179 179 179 178 178 178 178 178 178 178 178 178 178 179 179 179 179 179 179 180 180 180 180 180 181 181 181 181 181 181 181 181 181 181 182 182 182 182 181 181 181 181 181 181 181 181 181 181 181 181 181 181 181 181 180 180 180 180 180 180 180 180 180 180 180 180 180 180 180 180 180 180 180 180 180 180 180 180 180 180 180 180 180 180
