data/AilsaCraig_270_1_25m_vel_20m.asc
ncols	257
nrows	257
xllcorner	3364200.000000
yllcorner	3669375.000000
cellsize	25.000000
NODATA_value	-1.000000
[rows 76 to 113 of 257, columns 84 to 167 of 257]
1.88 1.88 1.88 1.88 1.88 1.88 1.88 1.88 1.88 1.88 1.88 1.88 1.88 1.88 1.88 1.88 1.88 1.88 1.88 1.88 1.88 1.88 1.88 1.88 1.88 1.88 1.88 1.88 1.88 1.88 1.88 1.88 1.88 1.88 1.88 1.88 1.88 1.88 1.88 1.88 1.88 1.88 1.88 1.88 1.88 1.88 1.88 1.88 1.88 1.88 1.88 1.88 1.88 1.88 1.88 1.88 1.88 1.88 1.88 1.88 1.88 1.88 1.88 1.88 1.88 1.88 1.88 1.88 1.88 1.88 1.88 1.88 1.88 1.88 1.88 1.88 1.88 1.88 1.88 1.88 1.88 1.88 1.88 1.88
1.88 1.88 1.88 1.88 1.88 1.88 1.88 1.88 1.88 1.88 1.88 1.88 1.88 1.88 1.88 1.88 1.88 1.88 1.88 1.88 1.88 1.88 1.88 1.88 1.88 1.88 1.88 1.88 1.88 1.88 1.88 1.88 1.88 1.88 1.88 1.88 1.88 1.88 1.88 1.88 1.88 1.88 1.88 1.88 1.88 1.88 1.88 1.88 1.88 1.88 1.88 1.88 1.88 1.88 1.88 1.88 1.88 1.88 1.88 1.88 1.88 1.88 1.88 1.88 1.88 1.88 1.88 1.88 1.88 1.88 1.88 1.88 1.88 1.88 1.88 1.88 1.88 1.88 1.88 1.88 1.88 1.88 1.88 1.88
1.88 1.88 1.88 1.88 1.88 1.88 1.88 1.88 1.88 1.88 1.88 1.88 1.88 1.88 1.88 1.88 1.88 1.88 1.88 1.88 1.88 1.88 1.88 1.88 1.88 1.88 1.88 1.88 1.88 1.88 1.88 1.88 1.88 1.88 1.88 1.88 1.88 1.88 1.88 1.88 1.88 1.88 1.88 1.88 1.88 1.88 1.88 1.88 1.88 1.88 1.88 1.88 1.88 1.88 1.88 1.88 1.88 1.88 1.88 1.88 1.88 1.88 1.88 1.88 1.88 1.88 1.88 1.88 1.88 1.88 1.88 1.88 1.88 1.88 1.88 1.88 1.88 1.88 1.88 1.88 1.88 1.88 1.88 1.88
1.88 1.88 1.88 1.88 1.88 1.88 1.88 1.88 1.88 1.88 1.88 1.88 1.88 1.88 1.88 1.88 1.88 1.88 1.88 1.88 1.88 1.88 1.88 1.88 1.88 1.88 1.88 1.88 1.88 1.88 1.88 1.88 1.88 1.88 1.88 1.88 1.88 1.88 1.88 1.88 1.88 1.88 1.88 1.88 1.88 1.88 1.88 1.88 1.88 1.88 1.88 1.88 1.88 1.88 1.88 1.88 1.88 1.88 1.88 1.88 1.88 1.88 1.88 1.88 1.88 1.88 1.88 1.88 1.88 1.88 1.88 1.88 1.88 1.88 1.88 1.88 1.88 1.88 1.88 1.88 1.88 1.88 1.88 1.88
1.88 1.88 1.88 1.88 1.88 1.88 1.88 1.88 1.88 1.88 1.88 1.88 1.88 1.88 1.88 1.88 1.88 1.88 1.88 1.88 1.88 1.88 1.88 1.88 1.88 1.88 1.88 1.88 1.88 1.88 1.88 1.88 1.88 1.88 1.88 1.88 1.88 1.88 1.88 1.88 1.89 1.89 1.89 1.89 1.89 1.89 1.89 1.89 1.88 1.88 1.88 1.88 1.88 1.88 1.88 1.88 1.88 1.88 1.88 1.88 1.88 1.88 1.88 1.88 1.88 1.88 1.88 1.88 1.88 1.88 1.88 1.88 1.88 1.88 1.88 1.88 1.88 1.88 1.88 1.88 1.88 1.88 1.88 1.88
1.88 1.88 1.88 1.88 1.88 1.88 1.88 1.88 1.88 1.88 1.88 1.88 1.88 1.88 1.88 1.88 1.88 1.88 1.88 1.88 1.88 1.88 1.88 1.88 1.88 1.88 1.88 1.88 1.88 1.88 1.88 1.88 1.88 1.88 1.88 1.88 1.88 1.88 1.89 1.89 1.89 1.89 1.89 1.89 1.89 1.89 1.89 1.89 1.89 1.89 1.89 1.88 1.88 1.88 1.88 1.88 1.88 1.88 1.88 1.88 1.88 1.88 1.88 1.88 1.88 1.88 1.88 1.88 1.88 1.88 1.88 1.88 1.88 1.88 1.88 1.88 1.88 1.88 1.88 1.88 1.88 1.88 1.88 1.88
1.88 1.88 1.88 1.88 1.88 1.88 1.88 1.88 1.88 1.88 1.88 1.88 1.88 1.88 1.88 1.88 1.88 1.88 1.88 1.88 1.88 1.88 1.88 1.88 1.88 1.88 1.88 1.88 1.88 1.88 1.88 1.88 1.88 1.88 1.88 1.88 1.88 1.89 1.89 1.89 1.89 1.89 1.89 1.89 1.89 1.89 1.89 1.89 1.89 1.89 1.89 1.89 1.88 1.88 1.88 1.88 1.88 1.88 1.88 1.88 1.88 1.88 1.88 1.88 1.88 1.88 1.88 1.88 1.88 1.88 1.88 1.88 1.88 1.88 1.88 1.88 1.88 1.88 1.88 1.88 1.88 1.88 1.88 1.88
1.88 1.88 1.88 1.88 1.88 1.88 1.88 1.88 1.88 1.88 1.88 1.88 1.88 1.88 1.88 1.88 1.88 1.88 1.88 1.88 1.88 1.88 1.88 1.88 1.88 1.88 1.88 1.88 1.88 1.88 1.88 1.88 1.88 1.88 1.88 1.89 1.89 1.89 1.89 1.89 1.89 1.89 1.89 1.89 1.89 1.89 1.89 1.89 1.89 1.89 1.89 1.89 1.89 1.88 1.88 1.88 1.88 1.88 1.88 1.88 1.88 1.88 1.88 1.88 1.88 1.88 1.88 1.88 1.88 1.88 1.88 1.88 1.88 1.88 1.88 1.88 1.88 1.88 1.88 1.88 1.88 1.88 1.88 1.88
1.88 1.88 1.88 1.88 1.88 1.88 1.88 1.88 1.88 1.88 1.88 1.88 1.88 1.88 1.88 1.88 1.88 1.88 1.88 1.88 1.88 1.88 1.88 1.88 1.88 1.88 1.88 1.88 1.88 1.88 1.88 1.88 1.88 1.88 1.89 1.89 1.89 1.89 1.89 1.89 1.89 1.89 1.89 1.89 1.89 1.89 1.89 1.89 1.89 1.89 1.89 1.89 1.89 1.89 1.88 1.88 1.88 1.88 1.88 1.88 1.88 1.88 1.88 1.88 1.88 1.88 1.88 1.88 1.88 1.88 1.88 1.88 1.88 1.88 1.88 1.88 1.88 1.88 1.88 1.88 1.88 1.88 1.88 1.88
1.88 1.88 1.88 1.88 1.88 1.88 1.88 1.88 1.88 1.88 1.88 1.88 1.88 1.88 1.88 1.88 1.88 1.88 1.88 1.88 1.88 1.88 1.88 1.88 1.88 1.88 1.88 1.88 1.88 1.88 1.88 1.88 1.88 1.88 1.89 1.89 1.89 1.89 1.89 1.89 1.89 1.89 1.89 1.89 1.89 1.89 1.89 1.89 1.89 1.89 1.89 1.89 1.89 1.89 1.89 1.88 1.88 1.88 1.88 1.88 1.88 1.88 1.88 1.88 1.88 1.88 1.88 1.88 1.88 1.88 1.88 1.88 1.88 1.88 1.88 1.88 1.88 1.88 1.88 1.88 1.88 1.88 1.88 1.88
1.88 1.88 1.88 1.88 1.88 1.88 1.88 1.88 1.88 1.88 1.88 1.88 1.88 1.88 1.88 1.88 1.88 1.88 1.88 1.88 1.88 1.88 1.88 1.88 1.88 1.88 1.88 1.88 1.88 1.88 1.88 1.88 1.88 1.88 1.89 1.89 1.89 1.89 1.89 1.89 1.89 1.89 1.89 1.89 1.89 1.89 1.89 1.89 1.89 1.89 1.89 1.89 1.89 1.89 1.89 1.88 1.88 1.88 1.88 1.88 1.88 1.88 1.88 1.88 1.88 1.88 1.88 1.88 1.88 1.88 1.88 1.88 1.88 1.88 1.88 1.88 1.88 1.88 1.88 1.88 1.88 1.88 1.88 1.88
1.88 1.88 1.88 1.88 1.88 1.88 1.88 1.88 1.88 1.88 1.88 1.88 1.88 1.88 1.88 1.88 1.88 1.88 1.88 1.88 1.88 1.88 1.88 1.88 1.88 1.88 1.88 1.88 1.88 1.88 1.88 1.88 1.88 1.89 1.89 1.89 1.89 1.89 1.89 1.89 1.89 1.89 1.89 1.89 1.89 1.89 1.89 1.89 1.89 1.89 1.89 1.89 1.89 1.89 1.89 1.89 1.88 1.88 1.88 1.88 1.88 1.88 1.88 1.88 1.88 1.88 1.88 1.88 1.88 1.88 1.88 1.88 1.88 1.88 1.88 1.88 1.88 1.88 1.88 1.88 1.88 1.88 1.88 1.88
1.88 1.88 1.88 1.88 1.88 1.88 1.88 1.88 1.88 1.88 1.88 1.88 1.88 1.88 1.88 1.88 1.88 1.88 1.88 1.88 1.88 1.88 1.88 1.88 1.88 1.88 1.88 1.88 1.88 1.88 1.88 1.88 1.88 1.89 1.89 1.89 1.89 1.89 1.89 1.90 1.90 1.90 1.90 1.90 1.90 1.90 1.90 1.90 1.90 1.89 1.89 1.89 1.89 1.89 1.89 1.89 1.88 1.88 1.88 1.88 1.88 1.88 1.88 1.88 1.88 1.88 1.88 1.88 1.88 1.88 1.88 1.88 1.88 1.88 1.88 1.88 1.88 1.88 1.88 1.88 1.88 1.88 1.88 1.88
1.88 1.88 1.88 1.88 1.88 1.88 1.88 1.88 1.88 1.88 1.88 1.88 1.88 1.88 1.88 1.88 1.88 1.88 1.87 1.87 1.87 1.87 1.87 1.88 1.88 1.88 1.88 1.88 1.88 1.88 1.88 1.88 1.89 1.89 1.89 1.89 1.89 1.89 1.90 1.90 1.90 1.90 1.90 1.90 1.90 1.90 1.90 1.90 1.90 1.90 1.89 1.89 1.89 1.89 1.89 1.89 1.88 1.88 1.88 1.88 1.88 1.88 1.88 1.88 1.88 1.88 1.88 1.88 1.87 1.87 1.87 1.88 1.88 1.88 1.88 1.88 1.88 1.88 1.88 1.88 1.88 1.88 1.88 1.88
1.88 1.88 1.88 1.88 1.88 1.88 1.88 1.88 1.88 1.88 1.88 1.88 1.88 1.88 1.87 1.87 1.87 1.87 1.87 1.87 1.87 1.87 1.87 1.87 1.87 1.87 1.88 1.88 1.88 1.88 1.88 1.88 1.88 1.89 1.89 1.89 1.89 1.90 1.90 1.90 1.90 1.90 1.90 1.90 1.90 1.90 1.90 1.90 1.90 1.90 1.90 1.90 1.89 1.89 1.89 1.89 1.89 1.88 1.88 1.88 1.88 1.88 1.88 1.88 1.87 1.87 1.87 1.87 1.87 1.87 1.87 1.87 1.87 1.87 1.87 1.88 1.88 1.88 1.88 1.88 1.88 1.88 1.88 1.88
1.88 1.88 1.88 1.88 1.88 1.88 1.88 1.88 1.88 1.88 1.88 1.88 1.88 1.87 1.87 1.87 1.87 1.87 1.87 1.87 1.87 1.87 1.87 1.87 1.87 1.87 1.87 1.88 1.88 1.88 1.88 1.88 1.89 1.89 1.89 1.89 1.90 1.90 1.90 1.90 1.91 1.91 1.91 1.91 1.91 1.91 1.91 1.91 1.90 1.90 1.90 1.90 1.90 1.89 1.89 1.89 1.89 1.88 1.88 1.88 1.88 1.88 1.87 1.87 1.87 1.87 1.87 1.87 1.87 1.87 1.87 1.87 1.87 1.87 1.87 1.87 1.87 1.88 1.88 1.88 1.88 1.88 1.88 1.88
1.88 1.88 1.88 1.88 1.88 1.88 1.88 1.88 1.88 1.88 1.87 1.87 1.87 1.87 1.87 1.87 1.87 1.87 1.87 1.87 1.87 1.87 1.87 1.87 1.87 1.87 1.87 1.87 1.88 1.88 1.88 1.88 1.89 1.89 1.89 1.90 1.90 1.90 1.90 1.91 1.91 1.91 1.91 1.91 1.91 1.91 1.91 1.91 1.91 1.91 1.90 1.90 1.90 1.89 1.89 1.89 1.89 1.88 1.88 1.88 1.88 1.88 1.87 1.87 1.87 1.87 1.87 1.87 1.87 1.87 1.87 1.87 1.87 1.87 1.87 1.87 1.87 1.87 1.87 1.88 1.88 1.88 1.88 1.88
1.88 1.88 1.88 1.88 1.88 1.88 1.88 1.88 1.88 1.87 1.87 1.87 1.87 1.87 1.87 1.87 1.87 1.87 1.87 1.87 1.87 1.87 1.87 1.87 1.87 1.87 1.87 1.87 1.87 1.88 1.88 1.88 1.89 1.89 1.89 1.90 1.90 1.91 1.91 1.91 1.91 1.92 1.92 1.92 1.92 1.92 1.92 1.92 1.91 1.91 1.91 1.90 1.90 1.90 1.89 1.89 1.89 1.88 1.88 1.88 1.88 1.87 1.87 1.87 1.87 1.87 1.87 1.87 1.87 1.87 1.87 1.87 1.87 1.87 1.87 1.87 1.87 1.87 1.87 1.87 1.87 1.88 1.88 1.88
1.88 1.88 1.88 1.88 1.88 1.88 1.88 1.88 1.87 1.87 1.87 1.87 1.87 1.87 1.87 1.87 1.87 1.87 1.87 1.87 1.87 1.86 1.87 1.87 1.87 1.87 1.87 1.87 1.87 1.88 1.88 1.88 1.89 1.89 1.90 1.90 1.90 1.91 1.91 1.92 1.92 1.92 1.93 1.93 1.93 1.93 1.92 1.92 1.92 1.91 1.91 1.91 1.90 1.90 1.89 1.89 1.89 1.88 1.88 1.88 1.87 1.87 1.87 1.87 1.87 1.87 1.87 1.87 1.87 1.87 1.87 1.87 1.87 1.87 1.87 1.87 1.87 1.87 1.87 1.87 1.87 1.87 1.88 1.88
1.88 1.88 1.88 1.88 1.88 1.88 1.87 1.87 1.87 1.87 1.87 1.87 1.87 1.87 1.87 1.87 1.87 1.86 1.86 1.86 1.86 1.86 1.86 1.86 1.86 1.86 1.87 1.87 1.87 1.88 1.88 1.88 1.89 1.89 1.90 1.90 1.91 1.91 1.92 1.92 1.93 1.93 1.93 1.93 1.93 1.93 1.93 1.93 1.93 1.92 1.92 1.91 1.91 1.90 1.89 1.89 1.89 1.88 1.88 1.88 1.87 1.87 1.87 1.87 1.87 1.86 1.86 1.86 1.86 1.86 1.86 1.87 1.87 1.87 1.87 1.87 1.87 1.87 1.87 1.87 1.87 1.87 1.87 1.87
1.88 1.88 1.88 1.88 1.88 1.87 1.87 1.87 1.87 1.87 1.87 1.87 1.87 1.87 1.87 1.86 1.86 1.86 1.86 1.86 1.86 1.86 1.86 1.86 1.86 1.86 1.86 1.87 1.87 1.87 1.88 1.88 1.89 1.89 1.90 1.91 1.91 1.92 1.93 1.93 1.93 1.94 1.94 1.95 1.94 1.94 1.94 1.94 1.93 1.93 1.92 1.92 1.91 1.90 1.90 1.89 1.89 1.88 1.88 1.87 1.87 1.87 1.87 1.86 1.86 1.86 1.86 1.86 1.86 1.86 1.86 1.86 1.86 1.86 1.87 1.87 1.87 1.87 1.87 1.87 1.87 1.87 1.87 1.87
1.88 1.88 1.88 1.88 1.87 1.87 1.87 1.87 1.87 1.87 1.87 1.87 1.87 1.86 1.86 1.86 1.86 1.86 1.86 1.86 1.86 1.85 1.85 1.85 1.86 1.86 1.86 1.86 1.87 1.87 1.88 1.88 1.89 1.89 1.90 1.91 1.92 1.92 1.93 1.94 1.94 1.95 1.95 1.96 1.96 1.96 1.95 1.95 1.94 1.94 1.93 1.92 1.91 1.90 1.90 1.89 1.88 1.88 1.88 1.87 1.87 1.86 1.86 1.86 1.86 1.86 1.86 1.86 1.86 1.86 1.86 1.86 1.86 1.86 1.86 1.86 1.87 1.87 1.87 1.87 1.87 1.87 1.87 1.87
1.88 1.88 1.88 1.87 1.87 1.87 1.87 1.87 1.87 1.87 1.87 1.87 1.86 1.86 1.86 1.86 1.86 1.85 1.85 1.85 1.85 1.85 1.85 1.85 1.85 1.85 1.86 1.86 1.86 1.87 1.87 1.88 1.89 1.89 1.90 1.91 1.92 1.93 1.94 1.95 1.96 1.96 1.97 1.97 1.97 1.97 1.97 1.96 1.95 1.95 1.94 1.93 1.92 1.91 1.90 1.89 1.88 1.88 1.87 1.87 1.86 1.86 1.86 1.86 1.85 1.85 1.85 1.85 1.85 1.85 1.86 1.86 1.86 1.86 1.86 1.86 1.86 1.86 1.87 1.87 1.87 1.87 1.87 1.87
1.88 1.88 1.87 1.87 1.87 1.87 1.87 1.87 1.87 1.87 1.86 1.86 1.86 1.86 1.86 1.86 1.85 1.85 1.85 1.85 1.85 1.85 1.85 1.85 1.85 1.85 1.85 1.85 1.86 1.86 1.87 1.88 1.88 1.89 1.90 1.91 1.93 1.93 1.95 1.96 1.97 1.98 1.99 1.99 1.99 1.99 1.99 1.98 1.97 1.96 1.94 1.93 1.92 1.91 1.90 1.89 1.88 1.88 1.87 1.87 1.86 1.86 1.85 1.85 1.85 1.85 1.85 1.85 1.85 1.85 1.85 1.85 1.85 1.86 1.86 1.86 1.86 1.86 1.86 1.87 1.87 1.87 1.87 1.87
1.88 1.88 1.87 1.87 1.87 1.87 1.87 1.87 1.87 1.86 1.86 1.86 1.86 1.86 1.85 1.85 1.85 1.85 1.84 1.84 1.84 1.84 1.84 1.84 1.84 1.84 1.84 1.85 1.85 1.86 1.87 1.87 1.88 1.89 1.90 1.92 1.93 1.94 1.96 1.97 1.99 2.00 2.01 2.02 2.02 2.02 2.01 2.00 1.99 1.97 1.95 1.94 1.93 1.91 1.90 1.89 1.88 1.87 1.86 1.86 1.86 1.85 1.85 1.85 1.85 1.84 1.84 1.84 1.84 1.85 1.85 1.85 1.85 1.85 1.85 1.86 1.86 1.86 1.86 1.86 1.87 1.87 1.87 1.87
1.88 1.87 1.87 1.87 1.87 1.87 1.87 1.87 1.86 1.86 1.86 1.86 1.86 1.85 1.85 1.85 1.84 1.84 1.84 1.84 1.84 1.83 1.83 1.83 1.83 1.84 1.84 1.84 1.85 1.86 1.86 1.87 1.87 1.88 1.90 1.92 1.93 1.95 1.97 1.99 2.02 2.03 2.04 2.05 2.05 2.05 2.04 2.02 2.00 1.99 1.97 1.94 1.93 1.91 1.90 1.89 1.87 1.87 1.86 1.85 1.85 1.85 1.84 1.84 1.84 1.84 1.84 1.84 1.84 1.84 1.84 1.84 1.85 1.85 1.85 1.85 1.86 1.86 1.86 1.86 1.86 1.87 1.87 1.87
1.87 1.87 1.87 1.87 1.87 1.87 1.87 1.86 1.86 1.86 1.86 1.86 1.85 1.85 1.85 1.84 1.84 1.84 1.83 1.83 1.83 1.83 1.83 1.83 1.83 1.83 1.83 1.83 1.85 1.85 1.85 1.86 1.86 1.87 1.90 1.92 1.93 1.96 1.98 2.01 2.05 2.07 2.08 2.09 2.09 2.09 2.07 2.05 2.03 2.00 1.98 1.95 1.93 1.91 1.89 1.88 1.87 1.86 1.85 1.85 1.84 1.84 1.84 1.84 1.83 1.83 1.83 1.83 1.83 1.84 1.84 1.84 1.84 1.84 1.85 1.85 1.85 1.85 1.86 1.86 1.86 1.86 1.87 1.87
1.87 1.87 1.87 1.87 1.87 1.87 1.86 1.86 1.86 1.86 1.86 1.85 1.85 1.85 1.84 1.84 1.84 1.83 1.83 1.82 1.82 1.82 1.82 1.82 1.82 1.82 1.82 1.83 1.84 1.84 1.84 1.84 1.84 1.86 1.89 1.91 1.93 1.96 2.00 2.04 2.08 2.12 2.13 2.14 2.15 2.14 2.12 2.10 2.06 2.02 1.99 1.96 1.93 1.90 1.89 1.87 1.86 1.85 1.84 1.84 1.83 1.83 1.83 1.83 1.83 1.82 1.83 1.83 1.83 1.83 1.83 1.83 1.84 1.84 1.84 1.85 1.85 1.85 1.85 1.86 1.86 1.86 1.86 1.87
1.87 1.87 1.87 1.87 1.87 1.86 1.86 1.86 1.86 1.85 1.85 1.85 1.84 1.84 1.84 1.83 1.83 1.82 1.82 1.82 1.81 1.81 1.81 1.81 1.81 1.81 1.81 1.82 1.83 1.83 1.82 1.82 1.83 1.85 1.87 1.90 1.93 1.97 2.02 2.07 2.13 2.18 2.21 2.22 2.22 2.21 2.19 2.15 2.10 2.05 2.00 1.96 1.92 1.89 1.87 1.86 1.85 1.84 1.83 1.83 1.83 1.82 1.82 1.82 1.82 1.82 1.82 1.82 1.82 1.82 1.83 1.83 1.83 1.84 1.84 1.84 1.85 1.85 1.85 1.85 1.86 1.86 1.86 1.86
1.87 1.87 1.87 1.87 1.87 1.86 1.86 1.86 1.85 1.85 1.85 1.84 1.84 1.84 1.83 1.83 1.82 1.82 1.81 1.81 1.81 1.80 1.80 1.80 1.80 1.80 1.80 1.81 1.82 1.81 1.79 1.80 1.82 1.83 1.85 1.88 1.92 1.98 2.04 2.11 2.19 2.27 2.31 2.32 2.31 2.30 2.28 2.23 2.16 2.09 2.01 1.95 1.91 1.88 1.86 1.84 1.83 1.82 1.82 1.82 1.81 1.81 1.81 1.81 1.81 1.81 1.81 1.81 1.81 1.82 1.82 1.82 1.83 1.83 1.83 1.84 1.84 1.84 1.85 1.85 1.85 1.86 1.86 1.86
1.87 1.87 1.87 1.87 1.86 1.86 1.86 1.86 1.85 1.85 1.85 1.84 1.84 1.83 1.83 1.82 1.82 1.81 1.81 1.80 1.80 1.80 1.79 1.79 1.79 1.79 1.79 1.80 1.79 1.78 1.77 1.78 1.80 1.81 1.83 1.85 1.90 1.96 2.04 2.15 2.29 2.43 2.48 2.44 2.39 2.40 2.41 2.37 2.27 2.13 2.01 1.94 1.88 1.86 1.84 1.82 1.81 1.81 1.80 1.80 1.80 1.80 1.80 1.80 1.80 1.80 1.80 1.80 1.80 1.81 1.81 1.81 1.82 1.82 1.83 1.83 1.84 1.84 1.84 1.85 1.85 1.86 1.86 1.86
1.87 1.87 1.87 1.86 1.86 1.86 1.86 1.85 1.85 1.85 1.84 1.84 1.83 1.83 1.82 1.81 1.81 1.80 1.80 1.79 1.79 1.79 1.78 1.78 1.78 1.78 1.77 1.77 1.76 1.75 1.75 1.76 1.77 1.78 1.80 1.82 1.86 1.93 2.02 2.14 2.44 2.76 2.75 2.52 2.46 2.50 2.59 2.59 2.40 2.16 1.98 1.90 1.85 1.82 1.81 1.80 1.79 1.79 1.78 1.78 1.78 1.78 1.78 1.78 1.78 1.79 1.79 1.79 1.80 1.80 1.80 1.81 1.81 1.82 1.82 1.83 1.83 1.84 1.84 1.85 1.85 1.85 1.86 1.86
1.87 1.87 1.86 1.86 1.86 1.86 1.85 1.85 1.85 1.84 1.84 1.83 1.83 1.82 1.81 1.81 1.80 1.80 1.79 1.79 1.78 1.78 1.78 1.78 1.77 1.76 1.75 1.74 1.74 1.73 1.72 1.73 1.74 1.74 1.76 1.78 1.81 1.88 1.99 2.05 2.43 3.10 3.17 2.70 2.61 2.64 2.83 2.83 2.54 2.13 1.91 1.85 1.80 1.79 1.78 1.77 1.76 1.76 1.76 1.76 1.76 1.76 1.76 1.77 1.77 1.77 1.78 1.78 1.79 1.79 1.79 1.80 1.81 1.81 1.82 1.82 1.83 1.83 1.84 1.84 1.85 1.85 1.85 1.86
1.87 1.87 1.86 1.86 1.86 1.85 1.85 1.85 1.84 1.84 1.83 1.83 1.82 1.82 1.81 1.80 1.79 1.79 1.78 1.78 1.77 1.77 1.77 1.76 1.75 1.74 1.72 1.71 1.72 1.70 1.70 1.70 1.69 1.69 1.71 1.72 1.74 1.80 1.95 2.01 2.35 3.27 3.62 3.28 2.86 2.83 2.98 2.94 2.52 1.95 1.76 1.79 1.74 1.74 1.74 1.74 1.74 1.73 1.73 1.73 1.74 1.74 1.75 1.75 1.75 1.76 1.76 1.77 1.77 1.78 1.79 1.79 1.80 1.80 1.81 1.82 1.82 1.83 1.83 1.84 1.84 1.85 1.85 1.85
1.87 1.86 1.86 1.86 1.86 1.85 1.85 1.84 1.84 1.83 1.83 1.82 1.82 1.81 1.80 1.79 1.79 1.78 1.77 1.77 1.76 1.76 1.76 1.74 1.72 1.70 1.70 1.69 1.68 1.68 1.66 1.66 1.65 1.64 1.65 1.66 1.66 1.69 1.84 2.03 2.48 3.32 3.88 3.52 2.92 2.89 3.03 2.85 2.21 1.54 1.54 1.70 1.70 1.71 1.71 1.71 1.71 1.70 1.70 1.70 1.71 1.71 1.72 1.73 1.73 1.74 1.75 1.76 1.76 1.77 1.78 1.78 1.79 1.80 1.80 1.81 1.82 1.82 1.83 1.83 1.84 1.84 1.85 1.85
1.87 1.86 1.86 1.86 1.85 1.85 1.85 1.84 1.84 1.83 1.82 1.82 1.81 1.80 1.79 1.79 1.78 1.77 1.76 1.76 1.76 1.76 1.74 1.72 1.69 1.68 1.68 1.66 1.65 1.64 1.63 1.61 1.60 1.59 1.59 1.59 1.59 1.57 1.66 1.93 2.48 3.41 4.09 3.55 2.75 2.85 2.99 2.57 1.71 1.23 1.39 1.65 1.75 1.72 1.68 1.68 1.67 1.66 1.66 1.66 1.68 1.69 1.70 1.70 1.71 1.72 1.73 1.74 1.75 1.76 1.77 1.77 1.78 1.79 1.80 1.80 1.81 1.82 1.82 1.83 1.83 1.84 1.84 1.85
1.86 1.86 1.86 1.86 1.85 1.85 1.84 1.84 1.83 1.83 1.82 1.81 1.80 1.79 1.79 1.78 1.77 1.76 1.75 1.75 1.75 1.75 1.72 1.69 1.66 1.66 1.65 1.62 1.62 1.60 1.58 1.57 1.55 1.54 1.54 1.52 1.49 1.43 1.46 1.80 2.35 3.48 4.14 3.37 2.45 2.80 2.90 2.10 1.21 1.13 1.35 1.65 1.82 1.74 1.68 1.66 1.62 1.61 1.62 1.62 1.64 1.65 1.66 1.68 1.69 1.70 1.71 1.73 1.74 1.74 1.75 1.76 1.77 1.78 1.79 1.80 1.80 1.81 1.82 1.82 1.83 1.84 1.84 1.85
1.86 1.86 1.86 1.85 1.85 1.84 1.84 1.83 1.83 1.82 1.81 1.81 1.80 1.79 1.78 1.77 1.76 1.75 1.74 1.74 1.74 1.73 1.69 1.66 1.64 1.64 1.61 1.59 1.58 1.56 1.54 1.52 1.50 1.49 1.51 1.50 1.39 1.27 1.35 1.64 2.18 3.62 4.14 3.04 2.23 2.77 2.71 1.57 1.05 1.18 1.39 1.63 1.82 1.83 1.76 1.62 1.54 1.57 1.57 1.58 1.60 1.61 1.63 1.64 1.66 1.68 1.69 1.71 1.72 1.73 1.74 1.75 1.76 1.77 1.78 1.79 1.80 1.81 1.81 1.82 1.83 1.83 1.84 1.84
