data/AilsaCraig_270_1_25m_vel.asc
ncols	257
nrows	257
xllcorner	3364200.000000
yllcorner	3669375.000000
cellsize	25.000000
NODATA_value	-1.000000
[rows 114 to 151 of 257, columns 84 to 167 of 257]
0.98 0.98 0.98 0.98 0.97 0.97 0.97 0.96 0.96 0.95 0.95 0.94 0.94 0.93 0.93 0.92 0.91 0.91 0.90 0.91 0.90 0.88 0.86 0.83 0.83 0.82 0.80 0.79 0.77 0.76 0.75 0.73 0.74 0.75 0.79 0.80 0.67 0.56 0.67 0.85 1.19 2.42 2.63 1.43 1.22 1.67 1.40 0.78 0.59 0.66 0.75 0.83 0.96 1.09 1.05 0.87 0.82 0.79 0.77 0.78 0.78 0.79 0.80 0.82 0.83 0.85 0.86 0.87 0.88 0.89 0.90 0.91 0.91 0.92 0.93 0.93 0.94 0.94 0.95 0.95 0.96 0.96 0.97 0.97
0.98 0.98 0.98 0.97 0.97 0.97 0.97 0.96 0.96 0.95 0.95 0.94 0.93 0.93 0.92 0.92 0.91 0.90 0.90 0.90 0.89 0.87 0.83 0.82 0.82 0.80 0.78 0.76 0.74 0.73 0.71 0.69 0.69 0.73 0.78 0.80 0.68 0.52 0.65 0.83 1.30 2.60 2.57 1.30 1.37 1.68 1.30 1.00 0.78 0.75 0.84 0.88 1.00 1.12 1.14 0.99 0.79 0.71 0.74 0.74 0.75 0.76 0.77 0.79 0.81 0.83 0.85 0.86 0.87 0.88 0.89 0.90 0.91 0.92 0.92 0.93 0.94 0.94 0.95 0.95 0.96 0.96 0.96 0.97
0.98 0.98 0.98 0.97 0.97 0.97 0.96 0.96 0.95 0.95 0.94 0.94 0.93 0.92 0.92 0.91 0.90 0.90 0.90 0.89 0.87 0.85 0.82 0.81 0.80 0.77 0.75 0.73 0.71 0.69 0.67 0.67 0.67 0.70 0.76 0.80 0.69 0.56 0.69 0.86 1.46 2.63 2.46 1.36 1.52 1.69 1.28 1.20 1.08 0.88 0.92 0.96 1.05 1.11 1.15 1.01 0.67 0.66 0.71 0.69 0.71 0.72 0.74 0.76 0.79 0.81 0.83 0.85 0.86 0.87 0.88 0.89 0.90 0.91 0.92 0.92 0.93 0.94 0.94 0.95 0.95 0.96 0.96 0.97
0.98 0.98 0.98 0.97 0.97 0.97 0.96 0.96 0.95 0.95 0.94 0.93 0.93 0.92 0.91 0.90 0.90 0.90 0.89 0.88 0.86 0.83 0.81 0.80 0.78 0.75 0.73 0.70 0.67 0.66 0.63 0.64 0.68 0.70 0.75 0.77 0.69 0.63 0.76 0.96 1.58 2.52 2.39 1.63 1.67 1.71 1.31 1.25 1.33 1.06 0.96 1.00 1.05 1.11 1.07 1.03 0.76 0.64 0.64 0.64 0.66 0.68 0.71 0.73 0.76 0.79 0.81 0.83 0.85 0.86 0.88 0.89 0.90 0.90 0.91 0.92 0.93 0.93 0.94 0.95 0.95 0.96 0.96 0.96
0.98 0.98 0.97 0.97 0.97 0.96 0.96 0.95 0.95 0.94 0.94 0.93 0.92 0.92 0.91 0.90 0.90 0.89 0.89 0.87 0.84 0.82 0.80 0.78 0.75 0.73 0.70 0.67 0.63 0.61 0.60 0.61 0.67 0.73 0.77 0.74 0.68 0.70 0.84 1.07 1.62 2.30 2.31 1.93 1.81 1.69 1.41 1.33 1.38 1.16 1.03 1.03 1.03 1.11 1.03 1.04 0.95 0.61 0.58 0.61 0.61 0.65 0.67 0.70 0.73 0.76 0.79 0.82 0.84 0.85 0.87 0.88 0.89 0.90 0.91 0.92 0.92 0.93 0.94 0.94 0.95 0.95 0.96 0.96
0.98 0.98 0.97 0.97 0.97 0.96 0.96 0.95 0.95 0.94 0.93 0.93 0.92 0.91 0.90 0.90 0.89 0.89 0.88 0.85 0.83 0.81 0.79 0.76 0.73 0.71 0.67 0.64 0.59 0.55 0.56 0.61 0.67 0.78 0.82 0.75 0.72 0.78 0.92 1.17 1.62 2.04 2.15 2.05 1.87 1.68 1.52 1.47 1.34 1.14 1.18 1.12 0.99 1.10 1.05 0.98 0.96 0.66 0.55 0.55 0.56 0.60 0.64 0.66 0.70 0.74 0.77 0.80 0.82 0.84 0.86 0.87 0.88 0.89 0.90 0.91 0.92 0.93 0.93 0.94 0.95 0.95 0.96 0.96
0.98 0.97 0.97 0.97 0.96 0.96 0.95 0.95 0.94 0.94 0.93 0.92 0.91 0.91 0.90 0.89 0.89 0.88 0.87 0.84 0.81 0.80 0.77 0.74 0.71 0.68 0.64 0.60 0.55 0.50 0.50 0.57 0.65 0.80 0.86 0.81 0.82 0.86 0.98 1.24 1.58 1.85 2.00 2.00 1.85 1.69 1.61 1.51 1.33 1.20 1.25 1.17 1.01 1.09 1.04 0.93 0.95 0.73 0.48 0.48 0.52 0.56 0.60 0.63 0.66 0.72 0.75 0.78 0.81 0.83 0.85 0.86 0.88 0.89 0.90 0.91 0.92 0.92 0.93 0.94 0.94 0.95 0.96 0.96
0.98 0.97 0.97 0.97 0.96 0.96 0.95 0.95 0.94 0.93 0.93 0.92 0.91 0.90 0.89 0.89 0.88 0.87 0.85 0.82 0.80 0.79 0.76 0.72 0.69 0.65 0.61 0.56 0.50 0.46 0.47 0.53 0.61 0.76 0.84 0.88 0.93 0.94 1.00 1.26 1.54 1.75 1.90 1.89 1.78 1.71 1.65 1.53 1.35 1.24 1.23 1.20 1.13 1.09 1.02 0.95 0.92 0.75 0.48 0.46 0.49 0.50 0.56 0.60 0.63 0.69 0.73 0.76 0.79 0.82 0.84 0.86 0.87 0.88 0.89 0.90 0.91 0.92 0.93 0.94 0.94 0.95 0.95 0.96
0.98 0.97 0.97 0.97 0.96 0.96 0.95 0.94 0.94 0.93 0.92 0.91 0.91 0.90 0.89 0.88 0.88 0.87 0.84 0.81 0.79 0.78 0.74 0.70 0.67 0.63 0.58 0.52 0.46 0.42 0.43 0.49 0.59 0.70 0.78 0.88 0.99 0.98 1.02 1.26 1.51 1.70 1.81 1.77 1.68 1.67 1.65 1.53 1.35 1.25 1.23 1.23 1.21 1.10 0.98 0.91 0.81 0.66 0.51 0.45 0.44 0.45 0.50 0.57 0.61 0.65 0.71 0.74 0.78 0.81 0.83 0.85 0.86 0.88 0.89 0.90 0.91 0.92 0.93 0.93 0.94 0.95 0.95 0.96
0.97 0.97 0.97 0.96 0.96 0.95 0.95 0.94 0.94 0.93 0.92 0.91 0.90 0.89 0.89 0.88 0.87 0.86 0.83 0.80 0.77 0.76 0.72 0.68 0.65 0.60 0.55 0.48 0.43 0.40 0.39 0.44 0.58 0.68 0.71 0.82 0.98 1.01 1.05 1.28 1.50 1.64 1.72 1.67 1.60 1.60 1.61 1.52 1.36 1.27 1.27 1.27 1.20 1.06 0.93 0.84 0.73 0.62 0.53 0.38 0.36 0.39 0.45 0.53 0.59 0.63 0.68 0.73 0.76 0.80 0.82 0.84 0.86 0.87 0.89 0.90 0.91 0.91 0.92 0.93 0.94 0.94 0.95 0.96
0.97 0.97 0.97 0.96 0.96 0.95 0.95 0.94 0.93 0.93 0.92 0.91 0.90 0.89 0.88 0.87 0.87 0.85 0.82 0.78 0.77 0.75 0.70 0.66 0.62 0.58 0.52 0.46 0.41 0.38 0.37 0.40 0.56 0.68 0.72 0.78 0.93 1.00 1.08 1.32 1.49 1.59 1.65 1.60 1.52 1.52 1.54 1.47 1.36 1.30 1.30 1.27 1.15 1.00 0.88 0.79 0.68 0.58 0.51 0.43 0.33 0.36 0.41 0.49 0.57 0.60 0.65 0.71 0.75 0.78 0.81 0.83 0.85 0.87 0.88 0.89 0.90 0.91 0.92 0.93 0.94 0.94 0.95 0.95
0.97 0.97 0.97 0.96 0.96 0.95 0.94 0.94 0.93 0.92 0.91 0.91 0.90 0.89 0.88 0.87 0.86 0.84 0.80 0.77 0.76 0.73 0.69 0.65 0.60 0.55 0.49 0.44 0.41 0.38 0.35 0.38 0.52 0.67 0.74 0.78 0.89 0.96 1.08 1.35 1.47 1.54 1.59 1.52 1.46 1.47 1.48 1.40 1.35 1.33 1.30 1.23 1.08 0.94 0.84 0.76 0.65 0.54 0.49 0.45 0.36 0.32 0.35 0.45 0.54 0.59 0.63 0.69 0.73 0.77 0.80 0.83 0.85 0.87 0.88 0.89 0.90 0.91 0.92 0.93 0.94 0.94 0.95 0.95
0.97 0.97 0.96 0.96 0.96 0.95 0.94 0.94 0.93 0.92 0.91 0.90 0.89 0.88 0.87 0.87 0.86 0.83 0.79 0.75 0.75 0.71 0.67 0.63 0.58 0.52 0.45 0.42 0.43 0.40 0.37 0.39 0.49 0.63 0.74 0.80 0.88 0.93 1.07 1.35 1.46 1.52 1.55 1.46 1.41 1.43 1.43 1.33 1.29 1.35 1.32 1.19 1.01 0.90 0.83 0.73 0.62 0.53 0.46 0.44 0.36 0.26 0.30 0.41 0.50 0.57 0.62 0.66 0.72 0.76 0.79 0.82 0.84 0.86 0.87 0.89 0.90 0.91 0.92 0.93 0.93 0.94 0.95 0.95
0.97 0.97 0.96 0.96 0.95 0.95 0.94 0.93 0.93 0.92 0.91 0.90 0.89 0.88 0.87 0.86 0.85 0.82 0.77 0.74 0.74 0.69 0.65 0.60 0.55 0.49 0.42 0.39 0.42 0.43 0.40 0.42 0.49 0.60 0.71 0.81 0.88 0.93 1.11 1.35 1.46 1.53 1.51 1.42 1.39 1.43 1.39 1.24 1.24 1.36 1.36 1.20 1.00 0.92 0.85 0.72 0.61 0.52 0.44 0.41 0.38 0.28 0.28 0.36 0.47 0.55 0.61 0.65 0.71 0.76 0.79 0.82 0.84 0.86 0.87 0.89 0.90 0.91 0.92 0.92 0.93 0.94 0.95 0.95
0.97 0.97 0.96 0.96 0.95 0.95 0.94 0.93 0.92 0.92 0.91 0.90 0.89 0.88 0.87 0.86 0.84 0.81 0.76 0.74 0.72 0.68 0.63 0.58 0.53 0.46 0.40 0.37 0.41 0.44 0.46 0.48 0.52 0.60 0.70 0.83 0.88 0.93 1.17 1.38 1.48 1.53 1.48 1.40 1.40 1.43 1.32 1.18 1.21 1.32 1.36 1.27 1.09 0.98 0.88 0.72 0.61 0.51 0.43 0.38 0.38 0.33 0.26 0.32 0.44 0.53 0.60 0.64 0.69 0.75 0.78 0.81 0.84 0.86 0.87 0.89 0.90 0.91 0.92 0.92 0.93 0.94 0.95 0.95
0.97 0.97 0.96 0.96 0.95 0.95 0.94 0.93 0.92 0.91 0.90 0.89 0.88 0.88 0.87 0.86 0.83 0.79 0.75 0.73 0.71 0.66 0.61 0.56 0.50 0.43 0.37 0.37 0.40 0.44 0.51 0.54 0.56 0.61 0.71 0.84 0.89 0.96 1.23 1.42 1.51 1.52 1.44 1.39 1.43 1.42 1.24 1.16 1.20 1.25 1.33 1.35 1.22 1.06 0.91 0.75 0.63 0.50 0.40 0.37 0.37 0.36 0.30 0.30 0.40 0.51 0.59 0.64 0.68 0.73 0.78 0.81 0.84 0.86 0.87 0.88 0.89 0.91 0.91 0.92 0.93 0.94 0.95 0.95
0.97 0.97 0.96 0.96 0.95 0.94 0.94 0.93 0.92 0.91 0.90 0.89 0.88 0.87 0.87 0.86 0.82 0.78 0.74 0.73 0.69 0.64 0.59 0.54 0.47 0.38 0.34 0.37 0.39 0.43 0.55 0.60 0.60 0.65 0.75 0.85 0.92 1.04 1.28 1.44 1.52 1.49 1.41 1.38 1.44 1.40 1.20 1.15 1.17 1.17 1.28 1.40 1.30 1.11 0.94 0.78 0.66 0.50 0.37 0.36 0.36 0.37 0.35 0.30 0.37 0.49 0.58 0.64 0.67 0.72 0.78 0.81 0.83 0.85 0.87 0.88 0.89 0.91 0.91 0.92 0.93 0.94 0.94 0.95
0.97 0.97 0.96 0.96 0.95 0.94 0.94 0.93 0.92 0.91 0.90 0.89 0.88 0.87 0.87 0.85 0.81 0.76 0.73 0.72 0.67 0.62 0.57 0.51 0.44 0.34 0.32 0.36 0.39 0.44 0.57 0.64 0.64 0.71 0.81 0.89 0.99 1.15 1.34 1.47 1.52 1.48 1.40 1.37 1.42 1.40 1.23 1.14 1.13 1.13 1.27 1.41 1.32 1.11 0.95 0.81 0.68 0.51 0.38 0.36 0.36 0.37 0.38 0.34 0.36 0.47 0.57 0.64 0.68 0.72 0.77 0.81 0.83 0.85 0.87 0.88 0.90 0.91 0.91 0.92 0.93 0.94 0.94 0.95
0.97 0.97 0.96 0.96 0.95 0.94 0.94 0.93 0.92 0.91 0.90 0.89 0.88 0.87 0.87 0.84 0.81 0.75 0.73 0.71 0.66 0.61 0.55 0.48 0.41 0.30 0.28 0.35 0.39 0.47 0.61 0.67 0.69 0.77 0.87 0.97 1.08 1.25 1.41 1.49 1.51 1.48 1.40 1.36 1.41 1.43 1.28 1.13 1.10 1.14 1.29 1.40 1.27 1.07 0.95 0.84 0.71 0.52 0.41 0.38 0.36 0.37 0.39 0.39 0.39 0.47 0.57 0.64 0.69 0.72 0.76 0.81 0.83 0.85 0.87 0.88 0.90 0.91 0.91 0.92 0.93 0.94 0.95 0.95
0.97 0.97 0.96 0.96 0.95 0.94 0.94 0.93 0.92 0.91 0.90 0.89 0.88 0.87 0.86 0.84 0.79 0.75 0.72 0.70 0.64 0.59 0.53 0.45 0.37 0.28 0.25 0.33 0.40 0.50 0.64 0.71 0.74 0.81 0.94 1.06 1.20 1.35 1.46 1.51 1.51 1.48 1.40 1.36 1.41 1.45 1.32 1.15 1.13 1.19 1.29 1.33 1.23 1.07 0.95 0.87 0.72 0.53 0.43 0.39 0.36 0.38 0.40 0.42 0.44 0.48 0.56 0.63 0.69 0.72 0.76 0.81 0.83 0.85 0.87 0.88 0.90 0.91 0.92 0.92 0.93 0.94 0.95 0.95
0.97 0.96 0.96 0.96 0.95 0.94 0.93 0.93 0.92 0.91 0.90 0.89 0.88 0.87 0.86 0.83 0.78 0.74 0.72 0.69 0.63 0.57 0.51 0.42 0.32 0.26 0.26 0.31 0.39 0.51 0.67 0.76 0.79 0.88 1.01 1.17 1.32 1.43 1.50 1.52 1.50 1.46 1.39 1.37 1.42 1.44 1.32 1.22 1.21 1.22 1.24 1.25 1.22 1.11 0.99 0.91 0.77 0.59 0.44 0.37 0.36 0.38 0.41 0.45 0.49 0.52 0.57 0.63 0.69 0.73 0.76 0.80 0.83 0.85 0.87 0.89 0.90 0.91 0.92 0.92 0.93 0.94 0.95 0.95
0.97 0.96 0.96 0.96 0.95 0.94 0.94 0.93 0.92 0.91 0.90 0.89 0.88 0.87 0.85 0.83 0.78 0.74 0.72 0.67 0.62 0.56 0.49 0.40 0.27 0.22 0.26 0.31 0.39 0.51 0.68 0.81 0.87 0.97 1.12 1.30 1.43 1.48 1.52 1.52 1.49 1.44 1.39 1.39 1.43 1.40 1.31 1.30 1.28 1.20 1.16 1.20 1.23 1.13 1.03 0.95 0.83 0.67 0.51 0.39 0.36 0.40 0.42 0.47 0.53 0.57 0.60 0.64 0.69 0.74 0.77 0.80 0.84 0.86 0.87 0.89 0.90 0.91 0.92 0.93 0.93 0.94 0.95 0.95
0.97 0.96 0.96 0.96 0.95 0.94 0.94 0.93 0.92 0.91 0.90 0.89 0.88 0.87 0.85 0.82 0.78 0.74 0.72 0.66 0.61 0.55 0.47 0.36 0.23 0.17 0.24 0.33 0.40 0.52 0.68 0.84 0.95 1.07 1.25 1.43 1.49 1.49 1.51 1.51 1.47 1.43 1.39 1.40 1.41 1.34 1.32 1.37 1.29 1.14 1.10 1.18 1.24 1.16 1.06 0.98 0.87 0.73 0.57 0.43 0.39 0.42 0.44 0.50 0.57 0.60 0.63 0.66 0.69 0.74 0.77 0.81 0.84 0.86 0.88 0.89 0.90 0.91 0.92 0.93 0.94 0.94 0.95 0.95
0.97 0.97 0.96 0.96 0.95 0.94 0.94 0.93 0.92 0.91 0.90 0.89 0.88 0.87 0.84 0.82 0.78 0.75 0.71 0.66 0.60 0.54 0.45 0.33 0.20 0.14 0.23 0.33 0.43 0.55 0.70 0.86 1.02 1.18 1.36 1.48 1.49 1.48 1.50 1.49 1.46 1.41 1.38 1.39 1.36 1.31 1.36 1.39 1.23 1.07 1.06 1.16 1.24 1.19 1.08 0.99 0.89 0.77 0.61 0.46 0.44 0.46 0.46 0.53 0.60 0.63 0.66 0.68 0.70 0.74 0.78 0.81 0.84 0.87 0.88 0.89 0.90 0.91 0.92 0.93 0.94 0.94 0.95 0.95
0.97 0.97 0.96 0.96 0.95 0.94 0.94 0.93 0.92 0.91 0.90 0.89 0.88 0.87 0.84 0.82 0.79 0.75 0.71 0.66 0.60 0.54 0.44 0.30 0.18 0.15 0.24 0.35 0.44 0.58 0.74 0.92 1.11 1.28 1.42 1.49 1.48 1.48 1.49 1.48 1.44 1.39 1.36 1.36 1.32 1.30 1.39 1.36 1.14 1.01 1.04 1.14 1.24 1.20 1.11 1.02 0.92 0.79 0.62 0.49 0.49 0.50 0.50 0.56 0.62 0.66 0.68 0.70 0.72 0.75 0.79 0.82 0.85 0.87 0.89 0.90 0.91 0.92 0.92 0.93 0.94 0.94 0.95 0.96
0.97 0.97 0.96 0.96 0.95 0.94 0.94 0.93 0.92 0.91 0.91 0.90 0.88 0.87 0.85 0.83 0.80 0.76 0.71 0.67 0.61 0.54 0.43 0.28 0.17 0.19 0.28 0.35 0.48 0.60 0.77 1.02 1.22 1.35 1.44 1.48 1.48 1.49 1.48 1.46 1.42 1.39 1.38 1.35 1.27 1.27 1.37 1.29 1.06 0.98 1.01 1.13 1.23 1.20 1.13 1.05 0.95 0.82 0.64 0.52 0.53 0.55 0.55 0.60 0.65 0.67 0.69 0.72 0.75 0.77 0.81 0.84 0.86 0.88 0.89 0.90 0.91 0.92 0.93 0.93 0.94 0.95 0.95 0.96
0.97 0.97 0.96 0.96 0.95 0.95 0.94 0.93 0.92 0.92 0.91 0.90 0.88 0.87 0.85 0.83 0.80 0.76 0.73 0.68 0.62 0.55 0.45 0.30 0.22 0.27 0.32 0.38 0.55 0.67 0.86 1.13 1.30 1.38 1.44 1.48 1.49 1.48 1.47 1.45 1.42 1.42 1.44 1.32 1.18 1.21 1.30 1.23 1.06 0.97 0.99 1.13 1.23 1.21 1.15 1.08 0.97 0.83 0.65 0.54 0.57 0.60 0.60 0.64 0.67 0.68 0.69 0.74 0.77 0.79 0.82 0.85 0.87 0.89 0.90 0.90 0.91 0.92 0.93 0.94 0.94 0.95 0.95 0.96
0.97 0.97 0.96 0.96 0.95 0.95 0.94 0.93 0.93 0.92 0.91 0.90 0.89 0.87 0.86 0.84 0.81 0.78 0.74 0.69 0.63 0.57 0.49 0.39 0.35 0.36 0.39 0.45 0.61 0.77 0.99 1.20 1.31 1.39 1.47 1.49 1.47 1.45 1.47 1.48 1.46 1.49 1.51 1.25 1.03 1.11 1.18 1.15 1.09 0.97 0.98 1.14 1.23 1.22 1.19 1.12 1.00 0.84 0.67 0.58 0.61 0.65 0.65 0.67 0.68 0.69 0.72 0.76 0.80 0.81 0.84 0.87 0.88 0.89 0.90 0.91 0.92 0.92 0.93 0.94 0.95 0.95 0.96 0.96
0.97 0.97 0.96 0.96 0.95 0.95 0.94 0.94 0.93 0.92 0.91 0.90 0.89 0.88 0.86 0.84 0.82 0.79 0.75 0.71 0.65 0.60 0.54 0.48 0.44 0.47 0.49 0.53 0.66 0.87 1.07 1.21 1.28 1.41 1.52 1.50 1.44 1.43 1.48 1.53 1.54 1.58 1.54 1.14 0.90 1.03 1.04 1.04 1.06 0.98 1.00 1.16 1.23 1.23 1.23 1.17 1.04 0.86 0.69 0.62 0.66 0.69 0.69 0.69 0.70 0.72 0.75 0.79 0.82 0.83 0.85 0.88 0.89 0.90 0.91 0.91 0.92 0.93 0.94 0.94 0.95 0.95 0.96 0.96
0.97 0.97 0.97 0.96 0.96 0.95 0.94 0.94 0.93 0.92 0.92 0.91 0.89 0.88 0.87 0.85 0.83 0.80 0.77 0.73 0.68 0.64 0.60 0.54 0.51 0.53 0.54 0.58 0.71 0.92 1.12 1.19 1.28 1.45 1.55 1.50 1.43 1.43 1.50 1.59 1.66 1.68 1.50 1.03 0.85 0.95 0.92 0.92 0.97 0.95 1.02 1.17 1.22 1.23 1.25 1.20 1.08 0.88 0.70 0.67 0.71 0.73 0.72 0.70 0.72 0.76 0.78 0.81 0.84 0.85 0.87 0.89 0.90 0.90 0.91 0.92 0.92 0.93 0.94 0.95 0.95 0.95 0.96 0.96
0.97 0.97 0.97 0.96 0.96 0.95 0.95 0.94 0.93 0.93 0.92 0.91 0.90 0.89 0.87 0.86 0.84 0.82 0.78 0.75 0.72 0.68 0.64 0.60 0.58 0.57 0.56 0.55 0.69 0.95 1.10 1.20 1.30 1.49 1.54 1.50 1.45 1.46 1.52 1.68 1.81 1.73 1.37 0.94 0.84 0.88 0.84 0.83 0.86 0.90 1.03 1.17 1.21 1.23 1.26 1.23 1.12 0.91 0.72 0.72 0.76 0.76 0.74 0.73 0.76 0.79 0.80 0.83 0.85 0.86 0.88 0.90 0.91 0.91 0.91 0.92 0.93 0.94 0.94 0.95 0.95 0.96 0.96 0.96
0.97 0.97 0.97 0.96 0.96 0.95 0.95 0.94 0.94 0.93 0.92 0.91 0.90 0.89 0.88 0.87 0.85 0.83 0.80 0.78 0.75 0.71 0.68 0.65 0.63 0.62 0.61 0.56 0.53 0.96 1.14 1.19 1.35 1.47 1.51 1.49 1.49 1.50 1.55 1.79 1.96 1.69 1.17 0.88 0.83 0.84 0.78 0.73 0.75 0.83 0.99 1.14 1.20 1.24 1.27 1.25 1.15 0.94 0.76 0.76 0.80 0.78 0.76 0.78 0.80 0.81 0.82 0.85 0.87 0.88 0.90 0.91 0.91 0.91 0.92 0.93 0.94 0.94 0.95 0.95 0.95 0.96 0.96 0.97
0.98 0.97 0.97 0.96 0.96 0.96 0.95 0.95 0.94 0.93 0.93 0.92 0.91 0.90 0.89 0.88 0.86 0.84 0.82 0.80 0.78 0.75 0.72 0.69 0.68 0.66 0.66 0.67 0.75 0.98 1.12 1.22 1.36 1.43 1.45 1.48 1.51 1.55 1.57 1.88 2.04 1.52 1.01 0.84 0.77 0.77 0.69 0.62 0.66 0.78 0.92 1.07 1.17 1.22 1.25 1.26 1.18 0.98 0.83 0.80 0.81 0.80 0.79 0.82 0.82 0.83 0.84 0.86 0.88 0.90 0.91 0.91 0.91 0.92 0.93 0.94 0.94 0.94 0.95 0.95 0.96 0.96 0.96 0.97
0.98 0.97 0.97 0.97 0.96 0.96 0.95 0.95 0.94 0.94 0.93 0.92 0.91 0.91 0.90 0.89 0.87 0.86 0.84 0.82 0.80 0.78 0.76 0.74 0.72 0.71 0.71 0.77 0.86 0.88 1.03 1.19 1.35 1.40 1.41 1.47 1.54 1.59 1.62 1.98 2.04 1.39 1.00 0.85 0.72 0.67 0.54 0.45 0.61 0.75 0.83 0.99 1.11 1.17 1.22 1.26 1.20 1.02 0.89 0.83 0.83 0.83 0.83 0.84 0.85 0.85 0.86 0.88 0.90 0.91 0.91 0.91 0.92 0.93 0.94 0.94 0.94 0.95 0.95 0.96 0.96 0.96 0.97 0.97
0.98 0.97 0.97 0.97 0.96 0.96 0.96 0.95 0.95 0.94 0.93 0.93 0.92 0.91 0.90 0.89 0.88 0.87 0.86 0.84 0.83 0.81 0.79 0.78 0.77 0.76 0.77 0.80 0.83 0.85 0.89 1.11 1.31 1.37 1.39 1.46 1.55 1.65 1.76 2.04 1.97 1.45 1.17 0.98 0.78 0.64 0.47 0.40 0.59 0.74 0.76 0.91 1.04 1.07 1.15 1.23 1.20 1.05 0.91 0.87 0.87 0.86 0.87 0.86 0.87 0.87 0.87 0.90 0.92 0.92 0.91 0.92 0.93 0.94 0.94 0.95 0.95 0.95 0.95 0.96 0.96 0.96 0.97 0.97
0.98 0.98 0.97 0.97 0.97 0.96 0.96 0.95 0.95 0.94 0.94 0.93 0.93 0.92 0.91 0.90 0.89 0.88 0.87 0.86 0.85 0.84 0.82 0.81 0.80 0.80 0.81 0.82 0.85 0.89 0.92 0.98 1.19 1.33 1.38 1.47 1.57 1.72 1.91 2.03 1.80 1.47 1.33 1.13 0.88 0.71 0.54 0.49 0.64 0.75 0.78 0.88 0.95 0.97 1.06 1.16 1.16 1.06 0.94 0.90 0.89 0.89 0.89 0.89 0.89 0.88 0.89 0.92 0.93 0.92 0.92 0.93 0.94 0.94 0.95 0.95 0.95 0.95 0.96 0.96 0.96 0.97 0.97 0.97
0.98 0.98 0.97 0.97 0.97 0.96 0.96 0.96 0.95 0.95 0.94 0.94 0.93 0.93 0.92 0.91 0.90 0.90 0.89 0.88 0.87 0.86 0.85 0.84 0.84 0.84 0.84 0.86 0.88 0.90 0.94 0.99 1.06 1.22 1.40 1.48 1.58 1.73 1.99 1.99 1.56 1.40 1.42 1.20 0.96 0.78 0.65 0.63 0.71 0.79 0.83 0.88 0.91 0.92 1.00 1.10 1.11 1.04 0.96 0.93 0.92 0.91 0.91 0.91 0.90 0.89 0.91 0.93 0.93 0.93 0.93 0.94 0.95 0.95 0.95 0.95 0.95 0.96 0.96 0.96 0.97 0.97 0.97 0.97
0.98 0.98 0.98 0.97 0.97 0.97 0.96 0.96 0.96 0.95 0.95 0.94 0.94 0.93 0.93 0.92 0.91 0.91 0.90 0.89 0.89 0.88 0.87 0.87 0.87 0.87 0.87 0.88 0.90 0.93 0.96 0.99 1.04 1.13 1.36 1.49 1.54 1.63 1.92 1.97 1.51 1.38 1.44 1.22 0.99 0.82 0.75 0.75 0.79 0.83 0.86 0.89 0.92 0.92 0.97 1.05 1.06 1.01 0.97 0.95 0.93 0.93 0.92 0.92 0.91 0.91 0.92 0.93 0.94 0.94 0.94 0.95 0.95 0.95 0.95 0.96 0.96 0.96 0.96 0.97 0.97 0.97 0.97 0.98
