data/AilsaCraig_135_1_25m_vel_2m.asc
ncols	257
nrows	257
xllcorner	3364200.000000
yllcorner	3669375.000000
cellsize	25.000000
NODATA_value	-1.000000
[rows 114 to 151 of 257, columns 84 to 167 of 257]
1.20 1.20 1.20 1.20 1.19 1.19 1.19 1.18 1.18 1.17 1.17 1.16 1.16 1.15 1.14 1.13 1.12 1.11 1.10 1.10 1.09 1.08 1.05 1.01 0.99 0.97 0.94 0.89 0.84 0.80 0.73 0.65 0.55 0.46 0.41 0.40 0.42 0.43 0.47 0.61 0.94 1.83 2.01 1.47 1.28 1.47 1.30 0.87 0.80 0.92 1.06 1.17 1.30 1.44 1.49 1.45 1.44 1.39 1.33 1.32 1.30 1.28 1.26 1.25 1.25 1.24 1.23 1.23 1.22 1.22 1.22 1.22 1.21 1.21 1.21 1.21 1.21 1.21 1.21 1.21 1.21 1.21 1.21 1.21
1.20 1.20 1.20 1.19 1.19 1.19 1.19 1.18 1.18 1.17 1.17 1.16 1.15 1.15 1.14 1.13 1.12 1.11 1.10 1.10 1.09 1.06 1.03 1.00 0.98 0.96 0.92 0.87 0.82 0.76 0.68 0.59 0.49 0.43 0.42 0.46 0.50 0.49 0.57 0.73 1.14 1.92 1.89 1.24 1.18 1.33 1.14 0.97 0.96 1.04 1.16 1.27 1.40 1.53 1.58 1.56 1.45 1.36 1.34 1.32 1.30 1.28 1.26 1.25 1.25 1.24 1.23 1.23 1.22 1.22 1.22 1.21 1.21 1.21 1.21 1.21 1.21 1.21 1.21 1.21 1.21 1.21 1.21 1.21
1.20 1.20 1.20 1.19 1.19 1.19 1.18 1.18 1.18 1.17 1.16 1.16 1.15 1.14 1.13 1.12 1.11 1.11 1.10 1.09 1.08 1.05 1.02 1.00 0.97 0.94 0.90 0.85 0.80 0.73 0.64 0.54 0.45 0.43 0.48 0.56 0.57 0.56 0.68 0.86 1.30 1.87 1.73 1.15 1.17 1.31 1.15 1.11 1.17 1.20 1.29 1.36 1.47 1.56 1.59 1.52 1.33 1.33 1.35 1.31 1.30 1.28 1.27 1.26 1.25 1.24 1.23 1.23 1.22 1.22 1.22 1.21 1.21 1.21 1.21 1.21 1.21 1.21 1.21 1.21 1.21 1.21 1.21 1.21
1.20 1.20 1.20 1.19 1.19 1.19 1.18 1.18 1.17 1.17 1.16 1.16 1.15 1.14 1.13 1.12 1.11 1.10 1.10 1.09 1.07 1.03 1.01 0.99 0.96 0.93 0.88 0.83 0.77 0.69 0.59 0.50 0.46 0.49 0.56 0.61 0.62 0.66 0.80 0.98 1.38 1.75 1.59 1.22 1.27 1.37 1.23 1.21 1.36 1.36 1.35 1.41 1.48 1.55 1.55 1.51 1.39 1.33 1.32 1.31 1.30 1.28 1.27 1.25 1.24 1.23 1.23 1.22 1.22 1.22 1.21 1.21 1.21 1.21 1.21 1.21 1.21 1.21 1.20 1.21 1.21 1.21 1.21 1.21
1.20 1.20 1.19 1.19 1.19 1.19 1.18 1.18 1.17 1.17 1.16 1.15 1.15 1.14 1.13 1.12 1.11 1.10 1.09 1.08 1.05 1.03 1.01 0.98 0.95 0.91 0.86 0.82 0.75 0.66 0.56 0.50 0.50 0.54 0.60 0.64 0.67 0.76 0.90 1.07 1.37 1.59 1.51 1.37 1.41 1.42 1.34 1.38 1.48 1.40 1.38 1.47 1.51 1.57 1.57 1.56 1.53 1.35 1.33 1.33 1.30 1.28 1.26 1.25 1.24 1.23 1.23 1.22 1.22 1.22 1.21 1.21 1.21 1.21 1.21 1.20 1.20 1.20 1.20 1.20 1.20 1.20 1.20 1.21
1.20 1.20 1.19 1.19 1.19 1.18 1.18 1.18 1.17 1.17 1.16 1.15 1.14 1.13 1.13 1.12 1.11 1.10 1.09 1.07 1.05 1.02 1.00 0.97 0.94 0.90 0.85 0.80 0.73 0.64 0.57 0.56 0.57 0.61 0.65 0.68 0.74 0.85 0.96 1.09 1.29 1.44 1.47 1.48 1.48 1.44 1.44 1.51 1.49 1.39 1.48 1.56 1.53 1.60 1.63 1.57 1.56 1.41 1.32 1.30 1.29 1.28 1.26 1.24 1.23 1.23 1.22 1.22 1.21 1.21 1.21 1.21 1.20 1.20 1.20 1.20 1.20 1.20 1.20 1.20 1.20 1.20 1.20 1.20
1.20 1.20 1.19 1.19 1.19 1.18 1.18 1.18 1.17 1.16 1.16 1.15 1.14 1.13 1.12 1.11 1.11 1.10 1.09 1.06 1.04 1.02 1.00 0.96 0.93 0.89 0.84 0.78 0.71 0.63 0.60 0.62 0.65 0.70 0.73 0.76 0.83 0.91 0.96 1.05 1.21 1.35 1.47 1.52 1.49 1.47 1.50 1.53 1.49 1.47 1.54 1.56 1.54 1.64 1.66 1.60 1.62 1.48 1.26 1.26 1.29 1.27 1.25 1.24 1.23 1.23 1.22 1.21 1.21 1.21 1.20 1.20 1.20 1.20 1.20 1.20 1.20 1.20 1.20 1.20 1.20 1.20 1.20 1.20
1.20 1.20 1.19 1.19 1.19 1.18 1.18 1.17 1.17 1.16 1.16 1.15 1.14 1.13 1.12 1.11 1.10 1.09 1.08 1.06 1.04 1.01 0.99 0.95 0.91 0.88 0.83 0.77 0.70 0.65 0.65 0.67 0.71 0.77 0.81 0.83 0.88 0.91 0.92 1.01 1.18 1.35 1.48 1.52 1.49 1.50 1.54 1.56 1.54 1.52 1.55 1.57 1.63 1.71 1.71 1.67 1.63 1.51 1.34 1.32 1.31 1.27 1.25 1.23 1.22 1.22 1.21 1.21 1.20 1.20 1.20 1.20 1.20 1.20 1.20 1.20 1.20 1.20 1.20 1.20 1.20 1.20 1.20 1.20
1.20 1.20 1.19 1.19 1.19 1.18 1.18 1.17 1.17 1.16 1.15 1.15 1.14 1.13 1.12 1.11 1.10 1.09 1.08 1.06 1.03 1.01 0.98 0.94 0.90 0.87 0.81 0.75 0.69 0.67 0.69 0.70 0.74 0.79 0.82 0.84 0.88 0.88 0.89 1.02 1.21 1.38 1.49 1.51 1.50 1.53 1.58 1.60 1.57 1.55 1.59 1.67 1.75 1.76 1.71 1.66 1.54 1.40 1.34 1.33 1.29 1.25 1.23 1.22 1.21 1.21 1.20 1.20 1.20 1.20 1.20 1.20 1.20 1.19 1.20 1.20 1.20 1.20 1.20 1.20 1.20 1.20 1.20 1.20
1.20 1.19 1.19 1.19 1.19 1.18 1.18 1.17 1.17 1.16 1.15 1.15 1.14 1.13 1.12 1.11 1.10 1.10 1.08 1.05 1.02 1.00 0.97 0.93 0.90 0.85 0.80 0.73 0.69 0.68 0.69 0.69 0.72 0.76 0.78 0.81 0.85 0.87 0.92 1.09 1.27 1.41 1.49 1.51 1.52 1.56 1.60 1.61 1.58 1.59 1.66 1.75 1.78 1.72 1.65 1.58 1.48 1.37 1.30 1.22 1.20 1.21 1.22 1.21 1.20 1.20 1.19 1.19 1.19 1.19 1.19 1.19 1.19 1.19 1.19 1.19 1.19 1.19 1.20 1.20 1.20 1.20 1.20 1.20
1.20 1.19 1.19 1.19 1.19 1.18 1.18 1.17 1.17 1.16 1.15 1.14 1.14 1.13 1.12 1.11 1.10 1.09 1.07 1.04 1.02 0.99 0.97 0.93 0.89 0.84 0.78 0.71 0.68 0.67 0.66 0.67 0.70 0.73 0.76 0.81 0.88 0.94 1.02 1.19 1.34 1.43 1.50 1.54 1.55 1.59 1.63 1.62 1.61 1.63 1.71 1.75 1.72 1.63 1.55 1.49 1.43 1.36 1.31 1.27 1.22 1.23 1.22 1.20 1.19 1.18 1.19 1.19 1.19 1.19 1.19 1.19 1.19 1.19 1.19 1.19 1.19 1.19 1.19 1.20 1.20 1.20 1.20 1.20
1.20 1.19 1.19 1.19 1.19 1.18 1.18 1.17 1.17 1.16 1.15 1.14 1.14 1.13 1.12 1.11 1.10 1.09 1.07 1.04 1.01 0.99 0.96 0.92 0.88 0.83 0.76 0.71 0.67 0.64 0.63 0.64 0.69 0.75 0.81 0.86 0.95 1.02 1.11 1.27 1.39 1.47 1.55 1.57 1.58 1.62 1.66 1.66 1.63 1.64 1.68 1.68 1.60 1.50 1.43 1.39 1.34 1.30 1.27 1.27 1.27 1.23 1.19 1.18 1.18 1.18 1.18 1.18 1.18 1.18 1.18 1.18 1.18 1.18 1.19 1.19 1.19 1.19 1.19 1.19 1.20 1.20 1.20 1.20
1.20 1.19 1.19 1.19 1.19 1.18 1.18 1.17 1.17 1.16 1.15 1.14 1.14 1.13 1.12 1.11 1.10 1.09 1.06 1.03 1.01 0.99 0.95 0.91 0.87 0.81 0.75 0.70 0.66 0.63 0.62 0.64 0.71 0.79 0.86 0.93 1.01 1.07 1.17 1.34 1.44 1.53 1.59 1.59 1.59 1.63 1.67 1.64 1.58 1.58 1.60 1.56 1.45 1.36 1.33 1.30 1.26 1.23 1.21 1.19 1.17 1.15 1.16 1.17 1.16 1.16 1.16 1.16 1.16 1.17 1.17 1.18 1.18 1.18 1.18 1.18 1.19 1.19 1.19 1.19 1.19 1.20 1.20 1.20
1.20 1.19 1.19 1.19 1.19 1.18 1.18 1.17 1.17 1.16 1.15 1.15 1.14 1.13 1.12 1.11 1.11 1.09 1.06 1.03 1.01 0.98 0.95 0.91 0.86 0.80 0.73 0.67 0.65 0.63 0.64 0.67 0.74 0.82 0.89 0.98 1.05 1.10 1.22 1.40 1.51 1.59 1.60 1.58 1.59 1.63 1.61 1.52 1.47 1.49 1.49 1.42 1.31 1.28 1.28 1.25 1.21 1.18 1.17 1.15 1.13 1.13 1.14 1.15 1.14 1.15 1.15 1.15 1.16 1.16 1.17 1.17 1.17 1.18 1.18 1.18 1.18 1.19 1.19 1.19 1.19 1.19 1.20 1.20
1.20 1.19 1.19 1.19 1.19 1.18 1.18 1.17 1.17 1.16 1.15 1.15 1.14 1.13 1.12 1.12 1.11 1.09 1.06 1.03 1.01 0.98 0.94 0.90 0.85 0.79 0.71 0.67 0.66 0.66 0.67 0.72 0.78 0.84 0.90 1.01 1.07 1.13 1.29 1.46 1.56 1.61 1.58 1.55 1.57 1.59 1.51 1.39 1.38 1.40 1.36 1.28 1.25 1.27 1.29 1.25 1.22 1.21 1.18 1.15 1.13 1.13 1.12 1.13 1.13 1.13 1.14 1.14 1.15 1.16 1.16 1.16 1.17 1.17 1.18 1.18 1.18 1.18 1.19 1.19 1.19 1.19 1.19 1.20
1.20 1.19 1.19 1.19 1.19 1.18 1.18 1.17 1.17 1.16 1.15 1.15 1.14 1.13 1.13 1.12 1.11 1.09 1.05 1.03 1.01 0.98 0.94 0.90 0.85 0.78 0.73 0.70 0.68 0.67 0.71 0.77 0.82 0.86 0.94 1.03 1.09 1.19 1.39 1.53 1.60 1.61 1.57 1.53 1.55 1.53 1.40 1.32 1.33 1.30 1.24 1.23 1.27 1.32 1.33 1.29 1.27 1.25 1.19 1.14 1.12 1.12 1.12 1.12 1.11 1.12 1.13 1.13 1.13 1.14 1.15 1.16 1.16 1.17 1.17 1.17 1.18 1.18 1.18 1.19 1.19 1.19 1.19 1.20
1.20 1.20 1.19 1.19 1.19 1.18 1.18 1.17 1.17 1.16 1.16 1.15 1.14 1.14 1.13 1.12 1.11 1.08 1.05 1.03 1.01 0.98 0.94 0.89 0.84 0.78 0.73 0.70 0.68 0.69 0.74 0.80 0.84 0.90 0.99 1.08 1.18 1.33 1.51 1.62 1.66 1.63 1.56 1.52 1.52 1.46 1.35 1.30 1.28 1.22 1.22 1.30 1.37 1.38 1.36 1.31 1.29 1.24 1.16 1.12 1.12 1.11 1.11 1.09 1.09 1.10 1.11 1.11 1.12 1.14 1.15 1.15 1.16 1.16 1.17 1.17 1.18 1.18 1.18 1.18 1.19 1.19 1.19 1.19
1.20 1.20 1.19 1.19 1.19 1.18 1.18 1.17 1.17 1.16 1.16 1.15 1.15 1.14 1.13 1.13 1.11 1.09 1.06 1.04 1.02 0.98 0.94 0.89 0.84 0.78 0.73 0.71 0.70 0.72 0.76 0.82 0.88 0.95 1.04 1.16 1.30 1.47 1.63 1.70 1.69 1.63 1.56 1.51 1.48 1.42 1.35 1.30 1.26 1.23 1.31 1.43 1.45 1.39 1.32 1.26 1.23 1.17 1.11 1.10 1.10 1.09 1.08 1.07 1.07 1.08 1.09 1.11 1.12 1.13 1.14 1.15 1.15 1.16 1.16 1.17 1.17 1.18 1.18 1.18 1.19 1.19 1.19 1.19
1.20 1.20 1.19 1.19 1.19 1.18 1.18 1.18 1.17 1.17 1.16 1.15 1.15 1.14 1.14 1.13 1.12 1.09 1.06 1.04 1.02 0.98 0.94 0.90 0.84 0.77 0.73 0.72 0.73 0.75 0.79 0.85 0.91 0.99 1.10 1.24 1.40 1.58 1.71 1.75 1.71 1.63 1.54 1.48 1.44 1.42 1.37 1.30 1.27 1.32 1.44 1.51 1.43 1.28 1.19 1.13 1.09 1.05 1.05 1.07 1.06 1.05 1.04 1.03 1.03 1.05 1.08 1.09 1.11 1.12 1.13 1.14 1.15 1.16 1.16 1.17 1.17 1.17 1.18 1.18 1.18 1.19 1.19 1.19
1.20 1.20 1.19 1.19 1.19 1.18 1.18 1.18 1.17 1.17 1.16 1.16 1.15 1.15 1.14 1.14 1.12 1.09 1.07 1.05 1.02 0.99 0.95 0.90 0.84 0.77 0.73 0.74 0.77 0.79 0.83 0.89 0.95 1.04 1.17 1.33 1.52 1.68 1.77 1.78 1.72 1.63 1.53 1.46 1.46 1.44 1.37 1.31 1.34 1.44 1.51 1.46 1.30 1.15 1.07 1.03 0.98 0.96 0.98 1.00 1.00 0.99 0.99 0.98 1.00 1.03 1.06 1.08 1.10 1.11 1.12 1.14 1.14 1.15 1.16 1.16 1.17 1.17 1.18 1.18 1.18 1.19 1.19 1.19
1.20 1.20 1.19 1.19 1.19 1.19 1.18 1.18 1.17 1.17 1.17 1.16 1.16 1.15 1.15 1.14 1.12 1.09 1.08 1.06 1.03 1.00 0.96 0.91 0.85 0.81 0.79 0.78 0.80 0.83 0.88 0.94 1.01 1.11 1.25 1.45 1.63 1.75 1.81 1.79 1.73 1.63 1.53 1.49 1.49 1.46 1.37 1.34 1.43 1.49 1.45 1.32 1.19 1.10 1.05 1.02 1.00 0.97 0.97 0.96 0.96 0.95 0.95 0.96 0.99 1.02 1.05 1.08 1.09 1.11 1.12 1.13 1.14 1.15 1.15 1.16 1.16 1.17 1.17 1.18 1.18 1.18 1.19 1.19
1.20 1.20 1.20 1.19 1.19 1.19 1.18 1.18 1.18 1.17 1.17 1.16 1.16 1.16 1.15 1.14 1.12 1.10 1.09 1.07 1.04 1.01 0.98 0.93 0.87 0.84 0.82 0.82 0.83 0.87 0.93 1.00 1.08 1.20 1.37 1.58 1.73 1.80 1.81 1.79 1.72 1.64 1.57 1.54 1.52 1.44 1.37 1.40 1.46 1.42 1.30 1.21 1.14 1.09 1.05 1.04 1.03 1.02 1.01 0.98 0.94 0.92 0.92 0.94 0.98 1.02 1.05 1.07 1.09 1.10 1.11 1.12 1.13 1.14 1.15 1.16 1.16 1.17 1.17 1.18 1.18 1.18 1.19 1.19
1.20 1.20 1.20 1.19 1.19 1.19 1.19 1.18 1.18 1.18 1.17 1.17 1.17 1.16 1.15 1.14 1.13 1.11 1.10 1.09 1.06 1.04 1.00 0.95 0.88 0.84 0.84 0.87 0.90 0.94 1.01 1.08 1.18 1.32 1.52 1.70 1.79 1.81 1.80 1.77 1.73 1.66 1.61 1.57 1.52 1.42 1.40 1.44 1.40 1.27 1.18 1.15 1.12 1.07 1.04 1.03 1.01 0.99 0.98 0.94 0.90 0.89 0.90 0.93 0.98 1.02 1.05 1.07 1.08 1.09 1.10 1.12 1.13 1.14 1.15 1.16 1.16 1.17 1.17 1.17 1.18 1.18 1.19 1.19
1.20 1.20 1.20 1.19 1.19 1.19 1.19 1.18 1.18 1.18 1.18 1.17 1.17 1.17 1.16 1.15 1.14 1.13 1.12 1.10 1.08 1.06 1.03 0.98 0.93 0.90 0.93 0.99 1.03 1.07 1.12 1.20 1.33 1.50 1.68 1.78 1.80 1.79 1.80 1.78 1.74 1.68 1.63 1.58 1.51 1.44 1.46 1.46 1.32 1.17 1.11 1.11 1.10 1.06 1.03 0.99 0.96 0.93 0.90 0.86 0.85 0.87 0.89 0.93 0.98 1.02 1.05 1.07 1.08 1.09 1.10 1.11 1.13 1.14 1.15 1.15 1.16 1.16 1.17 1.17 1.18 1.18 1.19 1.19
1.20 1.20 1.20 1.20 1.19 1.19 1.19 1.19 1.18 1.18 1.18 1.18 1.17 1.17 1.16 1.16 1.15 1.14 1.13 1.12 1.11 1.10 1.07 1.04 1.02 1.04 1.10 1.15 1.18 1.21 1.26 1.37 1.54 1.70 1.80 1.82 1.81 1.81 1.81 1.79 1.74 1.68 1.64 1.60 1.54 1.50 1.51 1.44 1.24 1.11 1.08 1.09 1.08 1.05 1.00 0.95 0.92 0.88 0.83 0.80 0.81 0.84 0.88 0.93 0.99 1.02 1.04 1.05 1.06 1.07 1.09 1.11 1.13 1.14 1.14 1.15 1.16 1.16 1.17 1.17 1.18 1.18 1.19 1.19
1.20 1.20 1.20 1.20 1.20 1.19 1.19 1.19 1.19 1.19 1.18 1.18 1.18 1.17 1.17 1.17 1.16 1.16 1.15 1.14 1.14 1.13 1.13 1.11 1.12 1.18 1.25 1.29 1.33 1.39 1.46 1.61 1.76 1.85 1.87 1.86 1.85 1.84 1.82 1.78 1.72 1.68 1.69 1.67 1.60 1.56 1.52 1.38 1.17 1.07 1.06 1.07 1.06 1.01 0.96 0.92 0.88 0.84 0.78 0.76 0.78 0.83 0.88 0.94 0.99 1.01 1.01 1.01 1.02 1.05 1.08 1.11 1.12 1.13 1.14 1.15 1.16 1.16 1.17 1.17 1.18 1.18 1.19 1.19
1.20 1.20 1.20 1.20 1.20 1.20 1.19 1.19 1.19 1.19 1.19 1.18 1.18 1.18 1.18 1.18 1.17 1.17 1.16 1.16 1.16 1.17 1.18 1.21 1.28 1.36 1.37 1.40 1.50 1.58 1.70 1.84 1.91 1.92 1.92 1.91 1.88 1.83 1.78 1.74 1.70 1.71 1.75 1.71 1.59 1.52 1.43 1.26 1.10 1.04 1.03 1.03 1.02 0.97 0.92 0.89 0.84 0.78 0.73 0.73 0.77 0.83 0.89 0.94 0.97 0.96 0.95 0.98 1.01 1.05 1.08 1.10 1.12 1.13 1.14 1.15 1.15 1.16 1.17 1.17 1.18 1.18 1.19 1.19
1.20 1.20 1.20 1.20 1.20 1.20 1.20 1.19 1.19 1.19 1.19 1.19 1.19 1.19 1.19 1.18 1.18 1.18 1.18 1.18 1.19 1.20 1.22 1.29 1.42 1.53 1.53 1.54 1.61 1.72 1.87 1.94 1.93 1.91 1.92 1.90 1.83 1.76 1.72 1.70 1.70 1.74 1.77 1.62 1.42 1.34 1.24 1.10 1.02 0.97 0.96 0.98 0.96 0.92 0.88 0.85 0.80 0.73 0.69 0.70 0.76 0.82 0.88 0.92 0.92 0.90 0.93 0.98 1.02 1.06 1.08 1.11 1.12 1.13 1.14 1.15 1.15 1.16 1.17 1.17 1.18 1.18 1.18 1.19
1.20 1.20 1.20 1.20 1.20 1.20 1.20 1.20 1.20 1.19 1.19 1.19 1.19 1.19 1.19 1.19 1.19 1.19 1.20 1.20 1.21 1.22 1.25 1.32 1.41 1.52 1.64 1.65 1.68 1.78 1.89 1.89 1.85 1.87 1.88 1.83 1.74 1.68 1.67 1.68 1.70 1.76 1.71 1.41 1.19 1.16 1.05 0.95 0.90 0.85 0.87 0.90 0.90 0.86 0.84 0.80 0.75 0.69 0.66 0.68 0.75 0.82 0.86 0.87 0.86 0.89 0.95 1.00 1.03 1.06 1.09 1.11 1.12 1.13 1.14 1.14 1.15 1.16 1.17 1.17 1.18 1.18 1.18 1.19
1.20 1.20 1.20 1.20 1.20 1.20 1.20 1.20 1.20 1.20 1.20 1.20 1.20 1.20 1.20 1.20 1.20 1.20 1.21 1.21 1.22 1.24 1.28 1.32 1.37 1.45 1.49 1.63 1.71 1.77 1.80 1.78 1.77 1.83 1.83 1.74 1.66 1.63 1.63 1.67 1.73 1.75 1.55 1.15 1.01 0.99 0.89 0.82 0.78 0.75 0.80 0.84 0.83 0.81 0.79 0.75 0.70 0.64 0.62 0.67 0.76 0.82 0.83 0.82 0.85 0.91 0.97 1.01 1.04 1.07 1.09 1.11 1.12 1.13 1.13 1.14 1.15 1.16 1.17 1.17 1.18 1.18 1.18 1.19
1.20 1.20 1.20 1.20 1.20 1.20 1.20 1.20 1.20 1.20 1.20 1.20 1.20 1.20 1.20 1.20 1.21 1.21 1.22 1.22 1.24 1.26 1.28 1.32 1.36 1.39 1.39 1.35 1.53 1.68 1.73 1.72 1.76 1.82 1.78 1.68 1.62 1.59 1.62 1.70 1.76 1.68 1.31 0.94 0.86 0.84 0.76 0.72 0.69 0.69 0.75 0.79 0.78 0.76 0.74 0.71 0.66 0.60 0.61 0.68 0.76 0.79 0.78 0.81 0.87 0.94 0.98 1.02 1.05 1.07 1.10 1.11 1.12 1.12 1.13 1.14 1.16 1.17 1.17 1.17 1.18 1.18 1.19 1.19
1.21 1.20 1.20 1.20 1.20 1.20 1.20 1.20 1.20 1.20 1.20 1.20 1.20 1.21 1.21 1.21 1.21 1.22 1.22 1.23 1.25 1.26 1.29 1.32 1.35 1.37 1.39 1.28 1.21 1.61 1.72 1.73 1.78 1.79 1.73 1.64 1.60 1.58 1.61 1.73 1.78 1.52 1.03 0.78 0.75 0.73 0.68 0.64 0.62 0.64 0.70 0.73 0.73 0.72 0.71 0.69 0.64 0.59 0.62 0.69 0.73 0.73 0.77 0.84 0.91 0.96 1.00 1.03 1.06 1.08 1.10 1.11 1.11 1.12 1.14 1.15 1.16 1.17 1.17 1.17 1.18 1.18 1.19 1.19
1.21 1.21 1.20 1.20 1.20 1.20 1.20 1.20 1.20 1.20 1.20 1.21 1.21 1.21 1.21 1.21 1.22 1.22 1.23 1.24 1.25 1.27 1.29 1.32 1.34 1.37 1.38 1.39 1.51 1.69 1.74 1.73 1.77 1.74 1.67 1.61 1.59 1.58 1.61 1.76 1.76 1.30 0.82 0.71 0.67 0.65 0.58 0.52 0.53 0.59 0.65 0.68 0.69 0.70 0.69 0.67 0.63 0.60 0.63 0.67 0.70 0.74 0.81 0.88 0.94 0.98 1.01 1.04 1.07 1.09 1.10 1.11 1.11 1.13 1.15 1.16 1.16 1.16 1.17 1.17 1.18 1.18 1.19 1.19
1.21 1.21 1.21 1.21 1.21 1.21 1.20 1.21 1.21 1.21 1.21 1.21 1.21 1.21 1.21 1.22 1.22 1.23 1.24 1.25 1.26 1.27 1.29 1.31 1.34 1.36 1.39 1.48 1.60 1.61 1.65 1.69 1.71 1.67 1.62 1.59 1.59 1.59 1.63 1.79 1.68 1.09 0.75 0.69 0.63 0.58 0.47 0.40 0.47 0.55 0.60 0.65 0.68 0.68 0.68 0.67 0.64 0.63 0.64 0.67 0.72 0.79 0.86 0.92 0.96 0.99 1.02 1.05 1.08 1.09 1.10 1.11 1.12 1.14 1.15 1.16 1.16 1.16 1.17 1.18 1.18 1.18 1.19 1.19
1.21 1.21 1.21 1.21 1.21 1.21 1.21 1.21 1.21 1.21 1.21 1.21 1.21 1.21 1.22 1.22 1.23 1.23 1.24 1.25 1.26 1.27 1.29 1.31 1.33 1.35 1.40 1.45 1.47 1.48 1.49 1.60 1.64 1.60 1.57 1.57 1.59 1.61 1.68 1.76 1.51 0.98 0.76 0.70 0.62 0.53 0.40 0.37 0.46 0.54 0.57 0.64 0.68 0.67 0.67 0.68 0.68 0.66 0.66 0.71 0.78 0.85 0.90 0.95 0.98 1.01 1.04 1.07 1.09 1.09 1.10 1.11 1.13 1.15 1.15 1.15 1.16 1.17 1.17 1.18 1.18 1.18 1.19 1.19
1.21 1.21 1.21 1.21 1.21 1.21 1.21 1.21 1.21 1.21 1.21 1.21 1.21 1.22 1.22 1.22 1.23 1.23 1.24 1.25 1.26 1.27 1.29 1.30 1.32 1.35 1.38 1.41 1.44 1.46 1.47 1.49 1.57 1.55 1.54 1.56 1.59 1.63 1.70 1.65 1.31 0.94 0.82 0.73 0.60 0.48 0.39 0.40 0.50 0.57 0.61 0.66 0.68 0.67 0.69 0.73 0.73 0.71 0.72 0.78 0.84 0.90 0.94 0.97 1.00 1.02 1.05 1.08 1.09 1.09 1.11 1.13 1.14 1.15 1.15 1.15 1.16 1.17 1.17 1.18 1.18 1.18 1.19 1.19
1.21 1.21 1.21 1.21 1.21 1.21 1.21 1.21 1.21 1.21 1.21 1.21 1.21 1.22 1.22 1.22 1.23 1.23 1.24 1.25 1.26 1.27 1.28 1.30 1.31 1.33 1.36 1.38 1.40 1.42 1.44 1.46 1.47 1.52 1.54 1.56 1.58 1.61 1.65 1.51 1.13 0.93 0.88 0.75 0.58 0.46 0.40 0.45 0.55 0.62 0.66 0.69 0.70 0.71 0.75 0.78 0.79 0.78 0.80 0.85 0.90 0.93 0.96 0.99 1.02 1.04 1.06 1.08 1.09 1.10 1.12 1.14 1.14 1.15 1.15 1.16 1.16 1.17 1.17 1.18 1.18 1.19 1.19 1.19
1.21 1.21 1.21 1.21 1.21 1.21 1.21 1.21 1.21 1.21 1.21 1.21 1.22 1.22 1.22 1.23 1.23 1.23 1.24 1.25 1.26 1.27 1.28 1.29 1.31 1.32 1.34 1.36 1.38 1.39 1.41 1.43 1.43 1.47 1.57 1.58 1.54 1.52 1.56 1.43 1.06 0.93 0.91 0.74 0.57 0.46 0.44 0.52 0.61 0.66 0.70 0.72 0.75 0.77 0.81 0.84 0.85 0.85 0.87 0.91 0.94 0.96 0.99 1.01 1.03 1.05 1.08 1.09 1.10 1.12 1.13 1.14 1.14 1.15 1.15 1.16 1.17 1.17 1.18 1.18 1.18 1.19 1.19 1.19
