data/AilsaCraig_270_1_25m_vel_50m.asc
ncols	257
nrows	257
xllcorner	3364200.000000
yllcorner	3669375.000000
cellsize	25.000000
NODATA_value	-1.000000
[rows 114 to 151 of 257, columns 84 to 167 of 257]
1.64 1.64 1.63 1.63 1.63 1.62 1.61 1.61 1.60 1.59 1.59 1.58 1.57 1.57 1.56 1.55 1.55 1.55 1.55 1.53 1.50 1.47 1.46 1.46 1.44 1.42 1.41 1.40 1.38 1.36 1.34 1.33 1.32 1.33 1.38 1.41 1.23 1.04 1.19 1.41 2.01 3.60 3.85 2.54 2.10 2.56 2.26 1.38 1.14 1.23 1.36 1.50 1.68 1.81 1.75 1.51 1.40 1.36 1.35 1.38 1.39 1.40 1.41 1.42 1.44 1.46 1.47 1.49 1.50 1.52 1.53 1.54 1.55 1.55 1.56 1.57 1.58 1.58 1.59 1.60 1.60 1.61 1.62 1.62
1.64 1.64 1.63 1.63 1.62 1.62 1.61 1.60 1.60 1.59 1.58 1.57 1.57 1.56 1.55 1.55 1.54 1.54 1.53 1.51 1.48 1.45 1.45 1.44 1.41 1.39 1.38 1.36 1.34 1.31 1.30 1.27 1.26 1.30 1.36 1.41 1.23 1.01 1.18 1.39 2.19 3.80 3.81 2.41 2.27 2.59 2.15 1.70 1.45 1.40 1.49 1.58 1.72 1.84 1.86 1.63 1.31 1.24 1.30 1.33 1.34 1.35 1.37 1.38 1.40 1.43 1.45 1.47 1.49 1.50 1.51 1.53 1.54 1.55 1.55 1.56 1.57 1.58 1.59 1.59 1.60 1.61 1.61 1.62
1.64 1.63 1.63 1.62 1.62 1.61 1.61 1.60 1.59 1.58 1.58 1.57 1.56 1.55 1.54 1.54 1.54 1.53 1.52 1.49 1.45 1.44 1.43 1.41 1.38 1.36 1.34 1.32 1.29 1.26 1.24 1.22 1.23 1.26 1.35 1.40 1.24 1.08 1.23 1.47 2.43 3.84 3.72 2.51 2.47 2.65 2.20 1.99 1.85 1.60 1.61 1.67 1.76 1.83 1.87 1.64 1.17 1.16 1.26 1.26 1.29 1.30 1.32 1.34 1.37 1.39 1.42 1.45 1.47 1.49 1.50 1.52 1.53 1.54 1.55 1.56 1.56 1.57 1.58 1.59 1.60 1.60 1.61 1.62
1.64 1.63 1.63 1.62 1.62 1.61 1.60 1.60 1.59 1.58 1.57 1.56 1.55 1.55 1.54 1.53 1.53 1.52 1.50 1.46 1.44 1.42 1.41 1.38 1.35 1.33 1.30 1.27 1.24 1.21 1.16 1.17 1.22 1.26 1.33 1.36 1.25 1.17 1.31 1.63 2.60 3.74 3.69 2.86 2.72 2.73 2.30 2.11 2.14 1.84 1.68 1.73 1.77 1.82 1.80 1.70 1.32 1.14 1.14 1.19 1.21 1.24 1.27 1.30 1.33 1.36 1.39 1.42 1.45 1.47 1.49 1.50 1.52 1.53 1.54 1.55 1.56 1.57 1.58 1.58 1.59 1.60 1.61 1.61
1.64 1.63 1.62 1.62 1.61 1.61 1.60 1.59 1.58 1.57 1.57 1.56 1.55 1.54 1.53 1.53 1.52 1.50 1.47 1.45 1.43 1.41 1.38 1.35 1.32 1.29 1.26 1.21 1.18 1.15 1.10 1.12 1.20 1.30 1.35 1.32 1.24 1.25 1.43 1.82 2.65 3.51 3.62 3.21 2.96 2.79 2.44 2.24 2.24 2.00 1.80 1.79 1.78 1.83 1.76 1.71 1.55 1.09 1.04 1.11 1.13 1.18 1.22 1.26 1.28 1.32 1.36 1.39 1.43 1.45 1.47 1.49 1.51 1.52 1.53 1.54 1.55 1.56 1.57 1.58 1.59 1.59 1.60 1.61
1.63 1.63 1.62 1.62 1.61 1.60 1.59 1.59 1.58 1.57 1.56 1.55 1.54 1.53 1.53 1.52 1.51 1.49 1.45 1.43 1.41 1.39 1.35 1.32 1.29 1.26 1.21 1.16 1.11 1.05 1.03 1.09 1.20 1.34 1.40 1.34 1.29 1.35 1.56 1.97 2.63 3.22 3.44 3.33 3.11 2.85 2.59 2.41 2.25 2.03 1.99 1.89 1.76 1.81 1.74 1.64 1.56 1.14 0.95 0.99 1.05 1.11 1.17 1.22 1.24 1.28 1.33 1.37 1.40 1.44 1.46 1.48 1.50 1.51 1.52 1.54 1.55 1.56 1.57 1.57 1.58 1.59 1.60 1.61
1.63 1.63 1.62 1.61 1.61 1.60 1.59 1.58 1.57 1.56 1.55 1.55 1.54 1.53 1.52 1.51 1.50 1.47 1.44 1.42 1.40 1.36 1.32 1.30 1.26 1.22 1.16 1.11 1.04 0.97 0.95 1.02 1.15 1.34 1.44 1.42 1.40 1.46 1.66 2.06 2.57 3.00 3.26 3.30 3.14 2.93 2.72 2.51 2.28 2.09 2.06 1.94 1.77 1.80 1.71 1.57 1.54 1.22 0.85 0.88 0.98 1.03 1.10 1.17 1.20 1.24 1.30 1.34 1.38 1.42 1.44 1.47 1.49 1.50 1.52 1.53 1.54 1.55 1.56 1.57 1.58 1.59 1.60 1.60
1.63 1.62 1.62 1.61 1.60 1.60 1.59 1.58 1.57 1.56 1.55 1.54 1.53 1.52 1.51 1.50 1.49 1.46 1.42 1.40 1.38 1.34 1.30 1.27 1.23 1.18 1.12 1.05 0.96 0.89 0.90 0.95 1.07 1.26 1.40 1.48 1.52 1.56 1.72 2.10 2.53 2.89 3.15 3.19 3.09 2.97 2.82 2.59 2.33 2.13 2.04 1.98 1.88 1.81 1.69 1.54 1.46 1.23 0.87 0.85 0.91 0.96 1.03 1.12 1.17 1.21 1.26 1.32 1.36 1.39 1.43 1.45 1.48 1.49 1.51 1.52 1.53 1.55 1.56 1.57 1.58 1.58 1.59 1.60
1.63 1.62 1.62 1.61 1.60 1.59 1.58 1.58 1.56 1.56 1.55 1.53 1.52 1.51 1.51 1.50 1.48 1.44 1.40 1.38 1.37 1.32 1.27 1.24 1.19 1.14 1.07 1.00 0.90 0.82 0.83 0.90 1.02 1.17 1.29 1.45 1.59 1.63 1.75 2.11 2.50 2.84 3.08 3.09 3.02 2.97 2.86 2.64 2.35 2.13 2.05 2.02 1.95 1.79 1.61 1.46 1.31 1.10 0.89 0.79 0.80 0.88 0.97 1.06 1.13 1.18 1.23 1.29 1.34 1.37 1.41 1.44 1.47 1.49 1.50 1.52 1.53 1.54 1.55 1.56 1.57 1.58 1.59 1.60
1.63 1.62 1.61 1.61 1.60 1.59 1.58 1.57 1.56 1.55 1.54 1.53 1.52 1.51 1.50 1.49 1.46 1.42 1.38 1.37 1.35 1.29 1.25 1.21 1.16 1.10 1.03 0.94 0.84 0.78 0.76 0.83 0.99 1.14 1.19 1.34 1.57 1.65 1.78 2.13 2.49 2.79 3.01 3.03 2.97 2.95 2.86 2.65 2.36 2.15 2.08 2.03 1.91 1.70 1.50 1.35 1.18 1.03 0.92 0.73 0.70 0.79 0.90 0.99 1.09 1.16 1.20 1.26 1.31 1.35 1.40 1.43 1.45 1.48 1.50 1.51 1.53 1.54 1.55 1.56 1.57 1.58 1.59 1.60
1.62 1.62 1.61 1.60 1.60 1.59 1.58 1.57 1.56 1.55 1.54 1.52 1.51 1.50 1.50 1.48 1.45 1.40 1.37 1.36 1.32 1.27 1.23 1.18 1.12 1.06 0.98 0.89 0.81 0.75 0.72 0.76 0.95 1.13 1.17 1.26 1.49 1.62 1.80 2.17 2.47 2.72 2.95 3.00 2.94 2.91 2.83 2.62 2.36 2.18 2.09 1.99 1.80 1.57 1.40 1.26 1.09 0.96 0.90 0.79 0.66 0.72 0.83 0.93 1.04 1.13 1.18 1.22 1.29 1.34 1.38 1.42 1.44 1.47 1.49 1.51 1.52 1.53 1.55 1.56 1.57 1.58 1.59 1.59
1.62 1.62 1.61 1.60 1.59 1.58 1.57 1.56 1.55 1.54 1.53 1.52 1.51 1.50 1.49 1.47 1.43 1.38 1.36 1.35 1.30 1.25 1.21 1.15 1.09 1.02 0.93 0.86 0.81 0.75 0.70 0.72 0.89 1.10 1.17 1.25 1.43 1.54 1.77 2.17 2.44 2.69 2.92 2.97 2.93 2.89 2.79 2.55 2.32 2.19 2.07 1.90 1.66 1.45 1.33 1.20 1.03 0.90 0.84 0.80 0.68 0.63 0.74 0.88 0.99 1.10 1.16 1.20 1.27 1.32 1.36 1.40 1.44 1.46 1.49 1.50 1.52 1.53 1.54 1.55 1.56 1.57 1.58 1.59
1.62 1.62 1.61 1.60 1.59 1.58 1.57 1.56 1.55 1.54 1.53 1.52 1.51 1.50 1.48 1.46 1.42 1.37 1.34 1.33 1.28 1.23 1.18 1.12 1.05 0.98 0.88 0.81 0.81 0.77 0.71 0.72 0.84 1.02 1.14 1.25 1.39 1.48 1.72 2.14 2.42 2.71 2.92 2.96 2.93 2.89 2.74 2.44 2.22 2.17 2.05 1.82 1.55 1.38 1.29 1.16 0.99 0.86 0.80 0.80 0.70 0.57 0.66 0.83 0.95 1.07 1.15 1.19 1.24 1.30 1.35 1.39 1.43 1.46 1.48 1.50 1.51 1.53 1.54 1.55 1.56 1.57 1.58 1.59
1.62 1.61 1.61 1.60 1.59 1.58 1.57 1.56 1.55 1.54 1.53 1.51 1.50 1.49 1.48 1.45 1.40 1.35 1.33 1.31 1.26 1.21 1.16 1.09 1.02 0.94 0.83 0.76 0.79 0.79 0.75 0.77 0.84 0.95 1.10 1.26 1.36 1.44 1.72 2.12 2.44 2.75 2.95 2.97 2.95 2.90 2.66 2.28 2.11 2.15 2.06 1.80 1.52 1.39 1.30 1.14 0.96 0.84 0.79 0.76 0.71 0.62 0.62 0.76 0.91 1.03 1.12 1.19 1.23 1.28 1.34 1.38 1.42 1.45 1.48 1.50 1.51 1.53 1.54 1.55 1.56 1.57 1.58 1.59
1.62 1.61 1.60 1.60 1.59 1.58 1.57 1.56 1.55 1.53 1.52 1.51 1.50 1.49 1.47 1.44 1.38 1.34 1.32 1.30 1.24 1.19 1.13 1.06 0.98 0.89 0.79 0.73 0.76 0.80 0.81 0.84 0.87 0.94 1.08 1.27 1.33 1.43 1.77 2.15 2.50 2.80 2.97 2.99 3.00 2.88 2.52 2.14 2.05 2.10 2.05 1.87 1.62 1.46 1.33 1.14 0.97 0.84 0.76 0.73 0.72 0.68 0.62 0.71 0.87 1.00 1.10 1.18 1.22 1.27 1.33 1.38 1.41 1.45 1.47 1.49 1.51 1.52 1.54 1.55 1.56 1.57 1.58 1.59
1.62 1.61 1.60 1.59 1.59 1.58 1.56 1.55 1.54 1.53 1.52 1.51 1.50 1.49 1.47 1.42 1.37 1.33 1.32 1.28 1.21 1.17 1.10 1.02 0.94 0.83 0.75 0.73 0.74 0.79 0.86 0.91 0.92 0.95 1.10 1.29 1.32 1.44 1.85 2.23 2.58 2.85 2.97 3.01 3.02 2.82 2.37 2.07 2.02 2.01 2.02 1.97 1.78 1.56 1.37 1.16 0.99 0.83 0.72 0.70 0.72 0.72 0.67 0.68 0.82 0.97 1.08 1.17 1.22 1.26 1.32 1.37 1.41 1.44 1.47 1.49 1.51 1.52 1.54 1.55 1.56 1.57 1.58 1.59
1.62 1.61 1.60 1.59 1.58 1.57 1.56 1.55 1.54 1.53 1.52 1.51 1.50 1.48 1.46 1.41 1.35 1.32 1.31 1.26 1.20 1.14 1.08 0.99 0.90 0.77 0.69 0.71 0.73 0.77 0.90 0.98 0.95 1.00 1.15 1.29 1.36 1.54 1.93 2.31 2.65 2.87 2.96 3.00 2.99 2.75 2.28 2.03 1.97 1.90 1.98 2.06 1.90 1.63 1.40 1.19 1.01 0.83 0.68 0.68 0.72 0.74 0.72 0.68 0.79 0.95 1.07 1.16 1.23 1.26 1.31 1.37 1.41 1.44 1.47 1.49 1.51 1.52 1.54 1.55 1.56 1.57 1.58 1.59
1.62 1.61 1.60 1.59 1.58 1.57 1.56 1.55 1.54 1.53 1.52 1.51 1.50 1.48 1.45 1.40 1.34 1.32 1.30 1.24 1.18 1.12 1.05 0.96 0.85 0.72 0.63 0.68 0.73 0.78 0.94 1.02 0.99 1.07 1.22 1.34 1.46 1.70 2.06 2.40 2.71 2.89 2.94 2.95 2.93 2.72 2.29 2.00 1.90 1.86 1.97 2.09 1.95 1.65 1.43 1.24 1.04 0.83 0.69 0.69 0.71 0.75 0.76 0.73 0.78 0.92 1.06 1.15 1.23 1.27 1.30 1.36 1.41 1.44 1.47 1.49 1.51 1.52 1.54 1.55 1.56 1.57 1.58 1.59
1.62 1.61 1.60 1.59 1.58 1.57 1.56 1.55 1.54 1.53 1.52 1.50 1.49 1.48 1.44 1.38 1.33 1.32 1.29 1.22 1.17 1.10 1.02 0.93 0.81 0.66 0.58 0.65 0.72 0.80 0.98 1.05 1.05 1.15 1.32 1.45 1.61 1.89 2.21 2.50 2.75 2.89 2.91 2.88 2.87 2.73 2.36 1.99 1.87 1.88 1.99 2.08 1.91 1.63 1.44 1.29 1.09 0.85 0.73 0.71 0.72 0.75 0.79 0.79 0.81 0.92 1.05 1.15 1.22 1.28 1.31 1.36 1.41 1.44 1.47 1.49 1.51 1.52 1.54 1.55 1.56 1.57 1.58 1.59
1.62 1.61 1.60 1.59 1.58 1.57 1.56 1.55 1.54 1.53 1.52 1.51 1.49 1.47 1.43 1.37 1.33 1.31 1.28 1.21 1.15 1.08 0.98 0.89 0.77 0.61 0.55 0.61 0.70 0.83 1.02 1.10 1.13 1.26 1.43 1.60 1.81 2.09 2.37 2.59 2.78 2.88 2.86 2.81 2.81 2.73 2.40 2.04 1.91 1.93 2.00 2.01 1.87 1.65 1.47 1.33 1.13 0.89 0.76 0.72 0.72 0.76 0.81 0.84 0.88 0.94 1.04 1.14 1.22 1.28 1.32 1.36 1.41 1.44 1.47 1.49 1.51 1.53 1.54 1.55 1.56 1.57 1.58 1.59
1.62 1.61 1.60 1.59 1.58 1.57 1.56 1.55 1.54 1.53 1.52 1.51 1.49 1.47 1.42 1.37 1.33 1.31 1.26 1.20 1.14 1.06 0.95 0.84 0.71 0.57 0.55 0.60 0.68 0.85 1.04 1.15 1.23 1.38 1.58 1.79 2.03 2.27 2.49 2.68 2.79 2.84 2.79 2.76 2.77 2.68 2.40 2.13 2.02 1.97 1.95 1.93 1.87 1.70 1.52 1.38 1.20 0.97 0.79 0.71 0.72 0.77 0.82 0.88 0.95 1.00 1.06 1.14 1.22 1.29 1.33 1.36 1.40 1.44 1.47 1.49 1.51 1.53 1.54 1.55 1.56 1.57 1.58 1.59
1.62 1.61 1.60 1.59 1.58 1.57 1.56 1.55 1.54 1.53 1.52 1.51 1.49 1.46 1.42 1.36 1.34 1.31 1.25 1.20 1.13 1.04 0.93 0.80 0.64 0.52 0.54 0.60 0.68 0.85 1.04 1.21 1.34 1.51 1.74 2.00 2.22 2.40 2.58 2.72 2.78 2.78 2.74 2.72 2.71 2.58 2.36 2.23 2.12 1.96 1.87 1.89 1.90 1.75 1.58 1.45 1.29 1.08 0.87 0.73 0.72 0.78 0.84 0.91 1.00 1.06 1.10 1.15 1.22 1.28 1.34 1.37 1.41 1.45 1.48 1.50 1.52 1.53 1.54 1.55 1.56 1.57 1.58 1.59
1.62 1.61 1.60 1.59 1.58 1.57 1.56 1.55 1.54 1.53 1.52 1.51 1.49 1.45 1.42 1.37 1.34 1.31 1.25 1.19 1.13 1.02 0.90 0.76 0.58 0.47 0.52 0.61 0.71 0.85 1.05 1.27 1.46 1.65 1.93 2.20 2.35 2.47 2.61 2.72 2.75 2.72 2.68 2.67 2.63 2.46 2.34 2.30 2.14 1.90 1.81 1.88 1.93 1.80 1.63 1.51 1.36 1.17 0.96 0.79 0.75 0.81 0.86 0.95 1.05 1.10 1.14 1.18 1.22 1.28 1.34 1.38 1.41 1.45 1.48 1.50 1.52 1.54 1.55 1.56 1.57 1.58 1.58 1.59
1.62 1.61 1.60 1.59 1.59 1.58 1.57 1.56 1.55 1.54 1.52 1.51 1.48 1.45 1.42 1.38 1.34 1.30 1.25 1.19 1.12 1.01 0.88 0.72 0.52 0.44 0.51 0.61 0.75 0.88 1.07 1.33 1.57 1.82 2.11 2.31 2.41 2.50 2.63 2.71 2.71 2.66 2.62 2.60 2.51 2.37 2.34 2.31 2.06 1.81 1.78 1.88 1.94 1.85 1.68 1.55 1.41 1.23 1.02 0.84 0.82 0.86 0.90 0.99 1.09 1.14 1.18 1.21 1.24 1.29 1.35 1.40 1.43 1.46 1.49 1.51 1.52 1.54 1.55 1.56 1.57 1.58 1.59 1.60
1.62 1.61 1.60 1.60 1.59 1.58 1.57 1.56 1.55 1.54 1.52 1.51 1.48 1.46 1.43 1.39 1.35 1.30 1.25 1.20 1.12 1.01 0.87 0.68 0.48 0.45 0.53 0.62 0.77 0.91 1.13 1.43 1.72 1.98 2.21 2.36 2.43 2.53 2.64 2.68 2.66 2.59 2.54 2.51 2.40 2.31 2.34 2.25 1.94 1.73 1.75 1.87 1.94 1.87 1.73 1.61 1.46 1.27 1.05 0.89 0.89 0.93 0.96 1.04 1.13 1.17 1.21 1.24 1.26 1.31 1.36 1.41 1.44 1.47 1.50 1.52 1.53 1.54 1.55 1.56 1.57 1.58 1.59 1.60
1.62 1.61 1.61 1.60 1.59 1.58 1.57 1.56 1.55 1.54 1.52 1.51 1.49 1.47 1.44 1.40 1.36 1.31 1.26 1.20 1.13 1.02 0.88 0.67 0.47 0.49 0.58 0.65 0.80 0.96 1.22 1.59 1.89 2.10 2.26 2.37 2.46 2.55 2.62 2.63 2.59 2.54 2.51 2.43 2.28 2.23 2.29 2.15 1.83 1.68 1.73 1.86 1.94 1.89 1.78 1.66 1.50 1.32 1.09 0.93 0.96 1.01 1.02 1.09 1.16 1.20 1.23 1.26 1.29 1.34 1.38 1.42 1.45 1.48 1.51 1.52 1.53 1.55 1.56 1.57 1.58 1.58 1.59 1.60
1.62 1.61 1.61 1.60 1.59 1.58 1.57 1.56 1.55 1.54 1.53 1.51 1.49 1.47 1.44 1.41 1.37 1.33 1.27 1.21 1.14 1.04 0.91 0.71 0.54 0.59 0.64 0.69 0.90 1.06 1.38 1.78 2.02 2.16 2.30 2.40 2.48 2.54 2.59 2.59 2.55 2.54 2.53 2.34 2.11 2.11 2.19 2.08 1.83 1.69 1.72 1.86 1.95 1.92 1.83 1.72 1.55 1.35 1.11 0.98 1.03 1.09 1.10 1.15 1.19 1.21 1.24 1.29 1.33 1.37 1.41 1.44 1.47 1.49 1.52 1.53 1.54 1.55 1.56 1.57 1.58 1.59 1.60 1.60
1.62 1.62 1.61 1.60 1.59 1.58 1.58 1.57 1.56 1.55 1.53 1.52 1.50 1.48 1.45 1.42 1.38 1.34 1.28 1.22 1.16 1.09 0.96 0.81 0.71 0.70 0.72 0.80 1.01 1.24 1.59 1.91 2.08 2.21 2.35 2.43 2.47 2.51 2.56 2.58 2.56 2.59 2.56 2.20 1.86 1.94 2.03 1.98 1.87 1.73 1.73 1.88 1.97 1.95 1.89 1.78 1.61 1.40 1.15 1.04 1.09 1.15 1.18 1.20 1.21 1.23 1.28 1.32 1.36 1.40 1.43 1.45 1.48 1.51 1.53 1.54 1.55 1.56 1.56 1.57 1.58 1.59 1.60 1.61
1.62 1.62 1.61 1.60 1.60 1.59 1.58 1.57 1.56 1.55 1.54 1.52 1.51 1.49 1.46 1.43 1.40 1.35 1.30 1.25 1.20 1.13 1.03 0.93 0.87 0.84 0.86 0.95 1.11 1.41 1.75 1.95 2.08 2.26 2.40 2.45 2.45 2.47 2.54 2.61 2.63 2.68 2.57 2.03 1.64 1.79 1.84 1.83 1.84 1.75 1.76 1.91 1.99 1.98 1.95 1.85 1.68 1.44 1.19 1.12 1.17 1.22 1.24 1.23 1.23 1.27 1.32 1.35 1.38 1.42 1.45 1.47 1.50 1.52 1.53 1.55 1.55 1.56 1.57 1.58 1.59 1.60 1.60 1.61
1.63 1.62 1.61 1.61 1.60 1.59 1.58 1.57 1.56 1.55 1.54 1.53 1.51 1.50 1.47 1.45 1.41 1.37 1.33 1.28 1.23 1.17 1.10 1.03 0.97 0.95 0.96 1.04 1.20 1.50 1.79 1.94 2.08 2.30 2.45 2.46 2.42 2.44 2.54 2.67 2.75 2.76 2.50 1.85 1.55 1.67 1.66 1.66 1.73 1.71 1.78 1.93 1.99 1.99 1.99 1.92 1.75 1.48 1.24 1.20 1.26 1.28 1.28 1.26 1.27 1.32 1.36 1.38 1.41 1.45 1.47 1.49 1.52 1.53 1.54 1.55 1.56 1.56 1.57 1.58 1.59 1.60 1.61 1.61
1.63 1.62 1.62 1.61 1.60 1.59 1.59 1.58 1.57 1.56 1.55 1.54 1.52 1.51 1.49 1.46 1.43 1.40 1.36 1.32 1.27 1.22 1.17 1.12 1.06 1.04 1.03 0.96 1.20 1.53 1.80 1.93 2.10 2.33 2.46 2.45 2.42 2.43 2.55 2.75 2.90 2.80 2.31 1.70 1.53 1.58 1.53 1.52 1.57 1.63 1.77 1.93 1.99 2.01 2.02 1.96 1.81 1.53 1.29 1.27 1.33 1.33 1.30 1.31 1.33 1.36 1.40 1.41 1.43 1.47 1.49 1.50 1.53 1.55 1.55 1.55 1.56 1.57 1.58 1.59 1.60 1.60 1.61 1.61
1.63 1.62 1.62 1.61 1.60 1.60 1.59 1.58 1.57 1.56 1.55 1.54 1.53 1.52 1.50 1.48 1.45 1.42 1.39 1.35 1.31 1.27 1.23 1.19 1.15 1.12 1.09 0.97 0.94 1.58 1.82 1.95 2.13 2.34 2.43 2.43 2.43 2.46 2.58 2.87 3.05 2.74 2.04 1.59 1.51 1.51 1.43 1.37 1.41 1.53 1.72 1.89 1.98 2.02 2.03 2.00 1.86 1.58 1.36 1.34 1.38 1.36 1.35 1.36 1.38 1.40 1.43 1.44 1.46 1.49 1.51 1.52 1.55 1.56 1.55 1.56 1.57 1.58 1.59 1.60 1.60 1.61 1.61 1.62
1.63 1.63 1.62 1.61 1.61 1.60 1.59 1.59 1.58 1.57 1.56 1.55 1.54 1.52 1.51 1.49 1.47 1.45 1.42 1.39 1.35 1.32 1.29 1.25 1.22 1.20 1.17 1.14 1.25 1.60 1.84 1.95 2.15 2.30 2.38 2.40 2.45 2.51 2.62 3.00 3.12 2.50 1.74 1.50 1.42 1.40 1.30 1.21 1.28 1.44 1.64 1.82 1.94 2.00 2.03 2.02 1.89 1.64 1.44 1.40 1.41 1.40 1.41 1.41 1.42 1.44 1.45 1.46 1.48 1.51 1.53 1.54 1.56 1.56 1.56 1.57 1.58 1.59 1.59 1.60 1.60 1.61 1.61 1.62
1.63 1.63 1.62 1.62 1.61 1.60 1.60 1.59 1.58 1.58 1.57 1.56 1.55 1.54 1.52 1.51 1.49 1.47 1.45 1.42 1.39 1.37 1.34 1.31 1.29 1.28 1.26 1.32 1.45 1.51 1.70 1.95 2.13 2.25 2.31 2.37 2.49 2.58 2.70 3.10 3.10 2.28 1.67 1.50 1.33 1.23 1.08 0.97 1.19 1.38 1.52 1.71 1.86 1.93 1.99 2.01 1.92 1.71 1.52 1.45 1.44 1.45 1.46 1.45 1.46 1.47 1.48 1.48 1.50 1.52 1.55 1.56 1.56 1.56 1.57 1.58 1.59 1.60 1.60 1.60 1.61 1.61 1.62 1.62
1.64 1.63 1.63 1.62 1.61 1.61 1.60 1.60 1.59 1.58 1.57 1.57 1.56 1.55 1.53 1.52 1.51 1.49 1.47 1.45 1.43 1.41 1.39 1.37 1.35 1.35 1.36 1.39 1.43 1.47 1.54 1.84 2.09 2.18 2.25 2.37 2.53 2.67 2.84 3.14 3.01 2.32 1.89 1.66 1.37 1.18 0.96 0.88 1.15 1.37 1.42 1.60 1.75 1.81 1.91 1.97 1.92 1.75 1.57 1.50 1.50 1.49 1.49 1.49 1.49 1.50 1.50 1.50 1.52 1.55 1.57 1.56 1.56 1.57 1.58 1.59 1.60 1.60 1.60 1.61 1.61 1.62 1.62 1.63
1.64 1.63 1.63 1.62 1.62 1.61 1.61 1.60 1.59 1.59 1.58 1.57 1.56 1.56 1.55 1.54 1.52 1.51 1.50 1.48 1.46 1.45 1.43 1.42 1.41 1.41 1.42 1.44 1.47 1.51 1.55 1.65 1.95 2.12 2.23 2.38 2.56 2.75 2.99 3.12 2.82 2.35 2.12 1.85 1.51 1.26 1.04 1.00 1.21 1.38 1.44 1.55 1.65 1.68 1.78 1.90 1.89 1.76 1.61 1.55 1.54 1.53 1.52 1.52 1.52 1.53 1.52 1.51 1.54 1.57 1.57 1.57 1.57 1.58 1.59 1.60 1.60 1.60 1.61 1.61 1.62 1.62 1.62 1.63
1.64 1.64 1.63 1.63 1.62 1.62 1.61 1.61 1.60 1.59 1.59 1.58 1.57 1.57 1.56 1.55 1.54 1.53 1.52 1.51 1.49 1.48 1.47 1.46 1.46 1.46 1.47 1.49 1.52 1.55 1.59 1.65 1.75 2.01 2.23 2.41 2.56 2.74 3.05 3.05 2.55 2.28 2.23 1.95 1.61 1.34 1.18 1.20 1.32 1.42 1.49 1.56 1.59 1.62 1.70 1.81 1.82 1.74 1.64 1.59 1.57 1.55 1.55 1.55 1.55 1.55 1.53 1.53 1.56 1.58 1.57 1.58 1.58 1.59 1.60 1.60 1.60 1.61 1.61 1.62 1.62 1.62 1.63 1.63
1.64 1.64 1.63 1.63 1.63 1.62 1.62 1.61 1.60 1.60 1.59 1.59 1.58 1.58 1.57 1.56 1.55 1.55 1.54 1.53 1.52 1.51 1.50 1.50 1.50 1.50 1.52 1.53 1.56 1.59 1.63 1.68 1.73 1.87 2.20 2.40 2.48 2.61 2.98 3.01 2.48 2.26 2.28 2.00 1.67 1.42 1.31 1.34 1.42 1.48 1.53 1.58 1.59 1.61 1.67 1.73 1.76 1.71 1.65 1.62 1.59 1.58 1.57 1.57 1.57 1.56 1.55 1.56 1.58 1.58 1.58 1.59 1.60 1.60 1.61 1.61 1.61 1.61 1.62 1.62 1.62 1.63 1.63 1.64
