data/AilsaCraig_270_1_25m_vel_5m.asc
ncols	257
nrows	257
xllcorner	3364200.000000
yllcorner	3669375.000000
cellsize	25.000000
NODATA_value	-1.000000
[rows 114 to 151 of 257, columns 84 to 167 of 257]
2.29 2.28 2.28 2.27 2.27 2.26 2.26 2.25 2.24 2.23 2.22 2.21 2.20 2.19 2.18 2.17 2.16 2.15 2.14 2.14 2.13 2.10 2.05 2.00 2.00 1.98 1.93 1.90 1.87 1.84 1.81 1.77 1.75 1.77 1.82 1.84 1.61 1.36 1.53 1.84 2.63 4.73 5.06 3.34 2.76 3.37 3.00 1.84 1.48 1.62 1.82 1.98 2.22 2.42 2.34 2.00 1.88 1.84 1.84 1.87 1.89 1.91 1.94 1.97 2.00 2.03 2.05 2.08 2.10 2.11 2.13 2.14 2.16 2.17 2.18 2.19 2.20 2.21 2.22 2.23 2.24 2.25 2.26 2.26
2.28 2.28 2.28 2.27 2.27 2.26 2.25 2.25 2.24 2.23 2.22 2.21 2.20 2.18 2.17 2.16 2.15 2.14 2.13 2.13 2.11 2.06 2.01 1.98 1.97 1.93 1.89 1.85 1.82 1.78 1.73 1.68 1.66 1.71 1.79 1.85 1.60 1.30 1.51 1.81 2.88 4.99 4.97 3.13 2.98 3.41 2.86 2.27 1.88 1.81 1.98 2.09 2.28 2.47 2.48 2.18 1.77 1.67 1.76 1.79 1.81 1.84 1.88 1.92 1.96 1.99 2.02 2.05 2.08 2.10 2.11 2.13 2.15 2.16 2.17 2.19 2.20 2.21 2.22 2.23 2.24 2.24 2.25 2.26
2.28 2.28 2.27 2.27 2.26 2.26 2.25 2.24 2.23 2.22 2.21 2.20 2.19 2.18 2.16 2.15 2.14 2.13 2.13 2.11 2.08 2.03 1.98 1.96 1.94 1.89 1.84 1.79 1.75 1.71 1.65 1.61 1.60 1.65 1.75 1.83 1.61 1.37 1.59 1.92 3.19 5.02 4.82 3.22 3.25 3.48 2.86 2.63 2.44 2.08 2.11 2.21 2.34 2.46 2.49 2.21 1.58 1.54 1.67 1.68 1.73 1.77 1.81 1.86 1.91 1.95 1.99 2.03 2.05 2.08 2.10 2.12 2.13 2.15 2.16 2.18 2.19 2.20 2.21 2.22 2.23 2.24 2.25 2.26
2.28 2.28 2.27 2.27 2.26 2.25 2.25 2.24 2.23 2.22 2.21 2.19 2.18 2.17 2.15 2.14 2.13 2.12 2.12 2.09 2.05 2.00 1.96 1.94 1.90 1.84 1.79 1.73 1.68 1.63 1.55 1.53 1.59 1.65 1.74 1.78 1.61 1.50 1.72 2.12 3.39 4.86 4.73 3.64 3.55 3.54 2.93 2.76 2.85 2.42 2.18 2.25 2.36 2.43 2.38 2.27 1.77 1.48 1.51 1.58 1.64 1.70 1.74 1.80 1.86 1.91 1.96 2.00 2.03 2.06 2.08 2.10 2.12 2.14 2.15 2.17 2.18 2.19 2.21 2.22 2.23 2.24 2.25 2.25
2.28 2.27 2.27 2.26 2.26 2.25 2.24 2.23 2.22 2.21 2.20 2.19 2.17 2.16 2.14 2.13 2.12 2.12 2.10 2.06 2.02 1.97 1.94 1.90 1.85 1.80 1.73 1.67 1.59 1.52 1.47 1.47 1.58 1.70 1.78 1.73 1.61 1.64 1.89 2.36 3.44 4.53 4.61 4.06 3.79 3.55 3.10 2.93 2.94 2.60 2.33 2.33 2.33 2.42 2.32 2.28 2.06 1.42 1.37 1.47 1.53 1.62 1.68 1.73 1.80 1.87 1.92 1.97 2.01 2.04 2.07 2.09 2.11 2.13 2.14 2.16 2.17 2.19 2.20 2.21 2.22 2.23 2.24 2.25
2.28 2.27 2.27 2.26 2.25 2.25 2.24 2.23 2.22 2.21 2.19 2.18 2.17 2.15 2.14 2.12 2.11 2.10 2.08 2.04 1.99 1.96 1.92 1.86 1.81 1.75 1.68 1.60 1.51 1.40 1.37 1.43 1.57 1.77 1.86 1.75 1.69 1.79 2.06 2.56 3.39 4.13 4.35 4.19 3.89 3.55 3.28 3.14 2.90 2.59 2.59 2.47 2.26 2.38 2.33 2.18 2.09 1.52 1.26 1.33 1.42 1.52 1.61 1.66 1.74 1.82 1.88 1.94 1.98 2.02 2.05 2.07 2.10 2.12 2.14 2.15 2.17 2.18 2.19 2.21 2.22 2.23 2.24 2.25
2.28 2.27 2.27 2.26 2.25 2.24 2.23 2.22 2.21 2.20 2.19 2.17 2.16 2.14 2.13 2.12 2.10 2.09 2.06 2.01 1.97 1.94 1.89 1.82 1.77 1.70 1.62 1.53 1.42 1.29 1.26 1.36 1.51 1.79 1.91 1.86 1.87 1.96 2.17 2.67 3.30 3.81 4.09 4.09 3.85 3.59 3.42 3.22 2.89 2.66 2.69 2.56 2.29 2.37 2.29 2.10 2.08 1.65 1.14 1.19 1.32 1.42 1.53 1.60 1.68 1.78 1.85 1.90 1.95 1.99 2.03 2.06 2.09 2.11 2.13 2.14 2.16 2.18 2.19 2.20 2.21 2.23 2.23 2.24
2.27 2.27 2.26 2.26 2.25 2.24 2.23 2.22 2.21 2.19 2.18 2.17 2.15 2.14 2.12 2.11 2.09 2.08 2.04 1.99 1.94 1.91 1.85 1.78 1.73 1.65 1.56 1.45 1.32 1.19 1.19 1.27 1.42 1.69 1.86 1.95 2.05 2.08 2.23 2.69 3.22 3.64 3.89 3.89 3.72 3.59 3.47 3.25 2.92 2.71 2.66 2.61 2.49 2.38 2.24 2.09 1.99 1.68 1.17 1.14 1.23 1.32 1.44 1.54 1.62 1.72 1.80 1.87 1.92 1.97 2.01 2.05 2.07 2.10 2.12 2.14 2.15 2.17 2.18 2.20 2.21 2.22 2.23 2.24
2.27 2.27 2.26 2.25 2.25 2.24 2.23 2.22 2.20 2.19 2.17 2.16 2.14 2.13 2.11 2.10 2.08 2.06 2.02 1.96 1.92 1.89 1.82 1.74 1.69 1.60 1.50 1.38 1.23 1.12 1.10 1.19 1.37 1.58 1.72 1.93 2.14 2.15 2.25 2.70 3.17 3.53 3.72 3.68 3.56 3.51 3.46 3.25 2.94 2.73 2.67 2.66 2.60 2.38 2.15 2.00 1.80 1.53 1.23 1.07 1.10 1.20 1.34 1.48 1.57 1.66 1.76 1.83 1.89 1.95 2.00 2.03 2.06 2.09 2.11 2.13 2.15 2.16 2.18 2.19 2.21 2.22 2.23 2.24
2.27 2.27 2.26 2.25 2.24 2.23 2.22 2.21 2.20 2.18 2.17 2.15 2.14 2.12 2.10 2.09 2.08 2.05 2.00 1.94 1.89 1.86 1.79 1.71 1.64 1.55 1.44 1.30 1.17 1.08 1.03 1.10 1.35 1.55 1.62 1.83 2.11 2.18 2.30 2.74 3.13 3.42 3.57 3.51 3.39 3.38 3.37 3.21 2.93 2.76 2.74 2.70 2.56 2.29 2.04 1.86 1.64 1.45 1.27 0.99 0.95 1.07 1.25 1.41 1.53 1.61 1.71 1.80 1.87 1.93 1.98 2.02 2.05 2.08 2.10 2.12 2.14 2.16 2.17 2.19 2.20 2.22 2.23 2.24
2.27 2.26 2.26 2.25 2.24 2.23 2.22 2.21 2.19 2.18 2.16 2.15 2.13 2.11 2.10 2.08 2.07 2.03 1.97 1.91 1.87 1.83 1.76 1.68 1.60 1.50 1.39 1.25 1.13 1.06 0.99 1.03 1.31 1.54 1.62 1.76 2.02 2.15 2.35 2.80 3.11 3.31 3.43 3.36 3.25 3.24 3.25 3.12 2.93 2.81 2.77 2.68 2.45 2.16 1.93 1.76 1.55 1.36 1.25 1.09 0.91 0.99 1.16 1.33 1.48 1.57 1.66 1.77 1.85 1.91 1.96 2.00 2.04 2.07 2.10 2.12 2.14 2.15 2.17 2.19 2.20 2.21 2.22 2.23
2.27 2.26 2.25 2.25 2.24 2.23 2.21 2.20 2.19 2.17 2.16 2.14 2.12 2.11 2.09 2.07 2.06 2.01 1.94 1.89 1.86 1.80 1.72 1.64 1.55 1.45 1.32 1.21 1.14 1.06 0.98 1.01 1.24 1.51 1.65 1.75 1.93 2.07 2.34 2.83 3.08 3.23 3.31 3.22 3.12 3.13 3.12 3.00 2.88 2.84 2.77 2.60 2.31 2.03 1.85 1.69 1.49 1.30 1.21 1.13 0.96 0.89 1.04 1.26 1.43 1.53 1.62 1.73 1.82 1.88 1.94 1.99 2.03 2.06 2.09 2.11 2.13 2.15 2.17 2.18 2.20 2.21 2.22 2.23
2.27 2.26 2.25 2.25 2.23 2.22 2.21 2.20 2.18 2.17 2.15 2.14 2.12 2.10 2.08 2.07 2.04 1.99 1.92 1.86 1.84 1.77 1.68 1.60 1.51 1.39 1.25 1.15 1.15 1.09 1.01 1.03 1.19 1.45 1.63 1.77 1.92 2.02 2.33 2.82 3.05 3.19 3.23 3.11 3.02 3.05 3.03 2.87 2.78 2.85 2.80 2.54 2.19 1.96 1.83 1.65 1.44 1.27 1.16 1.13 0.99 0.82 0.94 1.18 1.36 1.50 1.60 1.69 1.79 1.87 1.93 1.98 2.02 2.06 2.08 2.11 2.13 2.15 2.16 2.18 2.19 2.21 2.22 2.23
2.27 2.26 2.25 2.24 2.23 2.22 2.21 2.20 2.18 2.16 2.15 2.13 2.11 2.09 2.08 2.06 2.03 1.97 1.89 1.84 1.81 1.74 1.65 1.56 1.46 1.34 1.18 1.09 1.13 1.13 1.08 1.10 1.20 1.40 1.60 1.79 1.91 2.03 2.39 2.83 3.06 3.18 3.16 3.04 2.98 3.03 2.95 2.72 2.69 2.85 2.85 2.55 2.18 1.99 1.85 1.62 1.41 1.26 1.13 1.08 1.03 0.88 0.89 1.09 1.31 1.46 1.57 1.66 1.76 1.85 1.92 1.97 2.02 2.05 2.08 2.10 2.13 2.14 2.16 2.18 2.19 2.21 2.22 2.23
2.26 2.26 2.25 2.24 2.23 2.22 2.21 2.19 2.18 2.16 2.14 2.12 2.11 2.09 2.07 2.06 2.02 1.95 1.87 1.82 1.79 1.71 1.61 1.52 1.41 1.28 1.13 1.06 1.10 1.14 1.17 1.20 1.26 1.39 1.59 1.82 1.90 2.04 2.49 2.88 3.10 3.18 3.11 3.00 3.00 3.01 2.84 2.60 2.64 2.81 2.86 2.67 2.34 2.12 1.91 1.62 1.41 1.24 1.10 1.04 1.04 0.98 0.88 1.02 1.25 1.42 1.56 1.65 1.74 1.84 1.91 1.96 2.01 2.05 2.08 2.10 2.12 2.14 2.16 2.18 2.19 2.20 2.22 2.23
2.26 2.26 2.25 2.24 2.23 2.22 2.20 2.19 2.17 2.16 2.14 2.12 2.10 2.08 2.07 2.05 2.00 1.92 1.85 1.81 1.76 1.67 1.58 1.48 1.35 1.20 1.07 1.04 1.07 1.12 1.25 1.32 1.34 1.42 1.61 1.84 1.91 2.09 2.60 2.95 3.14 3.16 3.06 2.98 3.03 2.99 2.71 2.55 2.61 2.71 2.81 2.82 2.58 2.27 1.98 1.66 1.44 1.22 1.04 1.01 1.03 1.04 0.96 0.98 1.18 1.39 1.54 1.64 1.72 1.82 1.90 1.95 2.01 2.05 2.07 2.10 2.12 2.14 2.16 2.18 2.19 2.20 2.22 2.23
2.26 2.26 2.25 2.24 2.23 2.21 2.20 2.19 2.17 2.15 2.14 2.12 2.10 2.08 2.07 2.04 1.98 1.90 1.83 1.80 1.74 1.63 1.54 1.44 1.30 1.12 1.00 1.02 1.05 1.11 1.31 1.41 1.41 1.50 1.68 1.85 1.98 2.24 2.68 3.00 3.16 3.13 3.01 2.97 3.03 2.96 2.65 2.53 2.56 2.58 2.75 2.92 2.75 2.37 2.03 1.72 1.47 1.21 0.98 0.99 1.03 1.06 1.04 0.99 1.13 1.35 1.52 1.64 1.71 1.80 1.89 1.95 2.00 2.04 2.07 2.10 2.12 2.14 2.16 2.17 2.19 2.20 2.22 2.23
2.26 2.25 2.25 2.24 2.23 2.21 2.20 2.19 2.17 2.15 2.13 2.12 2.10 2.08 2.06 2.03 1.97 1.88 1.82 1.78 1.70 1.60 1.50 1.39 1.24 1.03 0.93 0.99 1.04 1.13 1.37 1.48 1.48 1.60 1.77 1.92 2.10 2.42 2.79 3.05 3.16 3.11 2.99 2.95 3.02 2.97 2.69 2.51 2.49 2.52 2.73 2.95 2.78 2.38 2.05 1.78 1.52 1.21 1.00 1.01 1.03 1.07 1.09 1.05 1.12 1.32 1.51 1.64 1.72 1.79 1.89 1.95 2.00 2.04 2.07 2.10 2.12 2.14 2.16 2.17 2.19 2.20 2.22 2.23
2.26 2.25 2.24 2.24 2.22 2.21 2.20 2.18 2.17 2.15 2.13 2.11 2.09 2.08 2.06 2.02 1.95 1.86 1.81 1.77 1.67 1.57 1.46 1.33 1.18 0.96 0.85 0.96 1.04 1.18 1.43 1.55 1.58 1.70 1.89 2.07 2.29 2.62 2.92 3.09 3.16 3.12 3.00 2.95 3.02 3.02 2.77 2.50 2.45 2.54 2.76 2.92 2.72 2.33 2.06 1.84 1.58 1.23 1.05 1.04 1.03 1.07 1.13 1.14 1.16 1.31 1.50 1.63 1.73 1.79 1.87 1.95 2.00 2.04 2.08 2.10 2.12 2.14 2.16 2.18 2.19 2.20 2.22 2.23
2.26 2.25 2.24 2.24 2.22 2.21 2.20 2.18 2.17 2.15 2.13 2.11 2.09 2.08 2.05 2.01 1.93 1.85 1.80 1.75 1.64 1.54 1.43 1.27 1.10 0.91 0.81 0.91 1.03 1.21 1.49 1.64 1.69 1.82 2.04 2.26 2.53 2.82 3.04 3.14 3.17 3.12 3.02 2.95 3.03 3.06 2.84 2.55 2.51 2.61 2.76 2.82 2.63 2.33 2.09 1.90 1.62 1.28 1.09 1.04 1.04 1.08 1.15 1.20 1.25 1.35 1.49 1.63 1.73 1.80 1.87 1.95 2.00 2.04 2.08 2.10 2.12 2.14 2.16 2.18 2.19 2.20 2.22 2.23
2.26 2.25 2.24 2.23 2.22 2.21 2.20 2.18 2.17 2.15 2.13 2.11 2.10 2.08 2.05 2.00 1.91 1.84 1.79 1.72 1.62 1.51 1.39 1.22 1.01 0.85 0.81 0.88 1.01 1.23 1.54 1.73 1.81 1.97 2.22 2.50 2.78 2.99 3.14 3.19 3.18 3.11 3.01 2.97 3.05 3.06 2.87 2.68 2.64 2.65 2.68 2.68 2.61 2.38 2.16 1.99 1.71 1.37 1.12 1.02 1.02 1.10 1.16 1.25 1.35 1.42 1.51 1.63 1.73 1.81 1.87 1.94 2.00 2.04 2.08 2.11 2.13 2.15 2.16 2.18 2.19 2.21 2.22 2.23
2.26 2.25 2.24 2.23 2.22 2.21 2.20 2.18 2.17 2.15 2.13 2.11 2.10 2.07 2.04 1.99 1.90 1.83 1.79 1.70 1.60 1.49 1.35 1.17 0.92 0.77 0.79 0.88 1.01 1.22 1.54 1.80 1.95 2.13 2.43 2.76 2.98 3.10 3.18 3.20 3.16 3.09 3.02 3.01 3.06 3.01 2.86 2.81 2.76 2.62 2.55 2.59 2.62 2.45 2.23 2.07 1.84 1.52 1.23 1.03 1.01 1.11 1.19 1.30 1.42 1.50 1.56 1.64 1.73 1.82 1.88 1.95 2.01 2.05 2.08 2.11 2.13 2.15 2.16 2.18 2.19 2.21 2.22 2.23
2.26 2.25 2.24 2.23 2.22 2.21 2.20 2.18 2.17 2.15 2.13 2.12 2.10 2.07 2.03 1.98 1.90 1.84 1.78 1.69 1.58 1.47 1.31 1.11 0.84 0.68 0.76 0.90 1.03 1.25 1.55 1.85 2.07 2.32 2.67 2.98 3.10 3.14 3.19 3.19 3.15 3.07 3.02 3.03 3.03 2.93 2.89 2.92 2.79 2.52 2.44 2.56 2.64 2.51 2.30 2.13 1.92 1.65 1.35 1.10 1.06 1.15 1.22 1.35 1.49 1.56 1.62 1.67 1.74 1.82 1.89 1.95 2.01 2.06 2.09 2.11 2.14 2.15 2.17 2.18 2.20 2.21 2.22 2.23
2.26 2.25 2.25 2.24 2.22 2.21 2.20 2.18 2.17 2.15 2.14 2.12 2.10 2.07 2.02 1.97 1.91 1.84 1.78 1.68 1.57 1.45 1.28 1.05 0.78 0.63 0.74 0.90 1.06 1.29 1.59 1.90 2.20 2.53 2.88 3.10 3.14 3.15 3.19 3.18 3.13 3.06 3.00 3.00 2.96 2.88 2.94 2.96 2.70 2.40 2.37 2.54 2.66 2.56 2.35 2.17 1.98 1.73 1.42 1.17 1.14 1.22 1.28 1.41 1.54 1.61 1.67 1.72 1.76 1.83 1.91 1.97 2.02 2.07 2.10 2.12 2.14 2.16 2.17 2.19 2.20 2.21 2.22 2.23
2.26 2.25 2.25 2.24 2.23 2.21 2.20 2.19 2.17 2.16 2.14 2.12 2.10 2.07 2.02 1.98 1.92 1.85 1.77 1.68 1.57 1.44 1.25 0.99 0.74 0.64 0.75 0.91 1.08 1.34 1.64 2.01 2.38 2.72 2.99 3.12 3.14 3.16 3.18 3.16 3.11 3.03 2.97 2.96 2.89 2.85 2.97 2.90 2.54 2.29 2.33 2.51 2.66 2.59 2.40 2.23 2.03 1.78 1.46 1.23 1.24 1.31 1.35 1.47 1.60 1.66 1.70 1.75 1.80 1.85 1.93 1.99 2.04 2.08 2.11 2.13 2.14 2.16 2.18 2.19 2.20 2.21 2.23 2.24
2.26 2.26 2.25 2.24 2.23 2.22 2.20 2.19 2.17 2.16 2.14 2.12 2.10 2.07 2.03 1.99 1.93 1.86 1.78 1.69 1.58 1.44 1.25 0.95 0.70 0.69 0.80 0.91 1.13 1.38 1.72 2.20 2.58 2.85 3.03 3.12 3.15 3.17 3.17 3.14 3.07 3.02 2.99 2.92 2.80 2.80 2.92 2.79 2.40 2.22 2.30 2.49 2.66 2.61 2.45 2.29 2.09 1.83 1.50 1.29 1.34 1.41 1.44 1.54 1.64 1.69 1.72 1.78 1.84 1.89 1.95 2.01 2.05 2.09 2.11 2.13 2.15 2.17 2.18 2.19 2.21 2.22 2.23 2.24
2.26 2.26 2.25 2.24 2.23 2.22 2.21 2.19 2.18 2.16 2.14 2.12 2.10 2.07 2.04 2.00 1.94 1.87 1.80 1.71 1.60 1.46 1.27 0.98 0.75 0.80 0.86 0.94 1.25 1.48 1.88 2.40 2.72 2.92 3.06 3.14 3.16 3.16 3.16 3.13 3.08 3.07 3.07 2.87 2.64 2.68 2.81 2.68 2.37 2.21 2.26 2.49 2.66 2.62 2.50 2.36 2.14 1.86 1.53 1.34 1.42 1.51 1.54 1.61 1.68 1.70 1.74 1.82 1.88 1.93 1.98 2.04 2.07 2.10 2.12 2.14 2.16 2.17 2.19 2.20 2.21 2.22 2.23 2.24
2.26 2.26 2.25 2.24 2.23 2.22 2.21 2.20 2.18 2.17 2.15 2.13 2.11 2.08 2.05 2.01 1.96 1.90 1.83 1.74 1.62 1.50 1.34 1.12 0.95 0.92 0.97 1.07 1.37 1.69 2.11 2.53 2.77 2.96 3.12 3.17 3.14 3.13 3.16 3.18 3.14 3.19 3.16 2.76 2.38 2.49 2.62 2.55 2.42 2.24 2.26 2.51 2.67 2.65 2.58 2.44 2.20 1.90 1.57 1.42 1.51 1.61 1.63 1.67 1.70 1.73 1.79 1.86 1.93 1.97 2.01 2.06 2.09 2.12 2.13 2.15 2.16 2.18 2.19 2.20 2.22 2.23 2.23 2.24
2.27 2.26 2.25 2.24 2.23 2.22 2.21 2.20 2.18 2.17 2.15 2.14 2.11 2.09 2.06 2.02 1.98 1.92 1.85 1.76 1.66 1.55 1.44 1.28 1.16 1.16 1.14 1.23 1.49 1.90 2.30 2.57 2.77 3.01 3.20 3.19 3.12 3.11 3.19 3.27 3.28 3.35 3.22 2.57 2.12 2.32 2.39 2.37 2.39 2.25 2.30 2.55 2.68 2.68 2.65 2.53 2.29 1.95 1.62 1.52 1.61 1.70 1.71 1.71 1.73 1.78 1.84 1.91 1.97 2.00 2.04 2.09 2.11 2.13 2.14 2.15 2.17 2.18 2.20 2.21 2.22 2.23 2.24 2.25
2.27 2.26 2.25 2.25 2.24 2.23 2.21 2.20 2.19 2.18 2.16 2.14 2.12 2.10 2.07 2.04 2.00 1.94 1.88 1.80 1.71 1.62 1.53 1.41 1.32 1.31 1.32 1.35 1.59 2.02 2.39 2.57 2.76 3.08 3.25 3.20 3.11 3.11 3.23 3.39 3.49 3.50 3.18 2.38 2.01 2.18 2.16 2.16 2.24 2.21 2.34 2.58 2.68 2.69 2.70 2.60 2.37 2.00 1.67 1.63 1.72 1.77 1.77 1.74 1.78 1.85 1.89 1.95 2.00 2.03 2.07 2.11 2.13 2.14 2.15 2.16 2.17 2.19 2.21 2.22 2.23 2.23 2.24 2.25
2.27 2.26 2.25 2.25 2.24 2.23 2.22 2.21 2.19 2.18 2.17 2.15 2.13 2.11 2.08 2.05 2.02 1.97 1.91 1.85 1.78 1.70 1.61 1.52 1.46 1.41 1.38 1.35 1.61 2.05 2.41 2.58 2.81 3.13 3.26 3.20 3.14 3.15 3.28 3.54 3.73 3.59 2.97 2.20 1.98 2.06 2.01 1.99 2.05 2.12 2.34 2.59 2.67 2.70 2.73 2.66 2.45 2.06 1.73 1.73 1.82 1.83 1.80 1.80 1.86 1.91 1.94 1.99 2.04 2.06 2.09 2.13 2.14 2.14 2.16 2.17 2.19 2.20 2.21 2.22 2.23 2.24 2.24 2.25
2.27 2.26 2.26 2.25 2.24 2.23 2.22 2.21 2.20 2.19 2.17 2.16 2.14 2.12 2.10 2.07 2.03 1.99 1.95 1.90 1.84 1.77 1.69 1.62 1.57 1.51 1.48 1.33 1.26 2.11 2.43 2.61 2.88 3.12 3.21 3.20 3.20 3.22 3.34 3.73 3.96 3.54 2.63 2.06 1.96 1.98 1.89 1.81 1.85 2.01 2.28 2.54 2.65 2.71 2.75 2.71 2.52 2.13 1.83 1.82 1.89 1.87 1.85 1.88 1.93 1.96 1.98 2.03 2.07 2.09 2.12 2.14 2.15 2.15 2.17 2.19 2.20 2.21 2.22 2.23 2.23 2.24 2.25 2.26
2.27 2.27 2.26 2.25 2.25 2.24 2.23 2.22 2.21 2.19 2.18 2.16 2.15 2.13 2.11 2.09 2.06 2.02 1.98 1.94 1.89 1.83 1.77 1.72 1.67 1.62 1.59 1.52 1.63 2.12 2.45 2.62 2.91 3.06 3.13 3.18 3.25 3.30 3.40 3.90 4.10 3.30 2.31 1.98 1.86 1.85 1.73 1.60 1.69 1.91 2.18 2.43 2.60 2.70 2.74 2.74 2.57 2.22 1.96 1.90 1.93 1.92 1.92 1.96 1.98 2.00 2.02 2.06 2.10 2.12 2.14 2.15 2.15 2.16 2.18 2.20 2.21 2.22 2.22 2.23 2.24 2.25 2.25 2.26
2.27 2.27 2.26 2.26 2.25 2.24 2.23 2.22 2.21 2.20 2.19 2.17 2.16 2.14 2.12 2.10 2.08 2.05 2.02 1.98 1.94 1.89 1.85 1.80 1.76 1.73 1.70 1.76 1.92 2.02 2.25 2.61 2.89 3.01 3.06 3.16 3.30 3.38 3.50 4.05 4.11 3.05 2.24 1.98 1.76 1.66 1.45 1.31 1.58 1.84 2.02 2.29 2.51 2.62 2.69 2.74 2.62 2.31 2.07 1.98 1.98 1.99 1.99 2.01 2.03 2.04 2.06 2.09 2.13 2.15 2.16 2.16 2.17 2.18 2.20 2.21 2.21 2.22 2.23 2.24 2.24 2.25 2.26 2.26
2.28 2.27 2.26 2.26 2.25 2.24 2.24 2.23 2.22 2.21 2.20 2.18 2.17 2.15 2.14 2.12 2.10 2.08 2.05 2.02 1.99 1.95 1.92 1.88 1.85 1.82 1.83 1.87 1.91 1.95 2.03 2.44 2.82 2.95 3.03 3.15 3.33 3.49 3.71 4.14 4.01 3.10 2.52 2.19 1.83 1.58 1.28 1.20 1.55 1.82 1.89 2.16 2.38 2.46 2.58 2.69 2.63 2.38 2.13 2.04 2.04 2.05 2.05 2.06 2.07 2.07 2.08 2.12 2.16 2.17 2.16 2.17 2.19 2.20 2.21 2.22 2.22 2.23 2.23 2.24 2.25 2.25 2.26 2.26
2.28 2.27 2.27 2.26 2.26 2.25 2.24 2.23 2.22 2.21 2.20 2.19 2.18 2.17 2.15 2.14 2.12 2.10 2.08 2.05 2.03 2.00 1.98 1.95 1.93 1.91 1.92 1.94 1.97 2.01 2.05 2.18 2.61 2.87 3.00 3.15 3.35 3.62 3.95 4.14 3.77 3.15 2.83 2.46 2.00 1.68 1.39 1.34 1.62 1.84 1.91 2.09 2.23 2.28 2.43 2.59 2.58 2.39 2.19 2.11 2.11 2.10 2.10 2.10 2.11 2.10 2.11 2.16 2.18 2.17 2.17 2.19 2.20 2.21 2.22 2.22 2.22 2.23 2.24 2.25 2.25 2.26 2.26 2.27
2.28 2.27 2.27 2.26 2.26 2.25 2.25 2.24 2.23 2.22 2.21 2.20 2.19 2.18 2.17 2.15 2.14 2.12 2.11 2.09 2.07 2.05 2.03 2.01 2.00 1.99 1.99 2.01 2.04 2.07 2.12 2.20 2.33 2.70 2.99 3.18 3.37 3.66 4.08 4.07 3.41 3.04 2.99 2.61 2.15 1.81 1.58 1.59 1.76 1.90 2.00 2.09 2.15 2.19 2.32 2.48 2.50 2.37 2.23 2.17 2.15 2.14 2.14 2.14 2.13 2.12 2.15 2.18 2.18 2.18 2.19 2.21 2.21 2.22 2.22 2.23 2.23 2.24 2.24 2.25 2.26 2.26 2.27 2.27
2.28 2.28 2.27 2.27 2.26 2.26 2.25 2.24 2.24 2.23 2.22 2.21 2.20 2.19 2.18 2.17 2.16 2.14 2.13 2.12 2.10 2.09 2.07 2.06 2.05 2.05 2.06 2.07 2.10 2.13 2.18 2.24 2.31 2.49 2.94 3.19 3.31 3.51 3.99 4.02 3.32 3.02 3.04 2.67 2.22 1.91 1.77 1.81 1.90 1.99 2.05 2.11 2.15 2.18 2.27 2.39 2.41 2.33 2.26 2.21 2.18 2.17 2.17 2.17 2.16 2.15 2.17 2.19 2.20 2.20 2.21 2.22 2.22 2.23 2.23 2.23 2.24 2.24 2.25 2.26 2.26 2.27 2.27 2.27
