data/AilsaCraig_270_1_25m_vel_100m.asc
ncols	257
nrows	257
xllcorner	3364200.000000
yllcorner	3669375.000000
cellsize	25.000000
NODATA_value	-1.000000
[rows 152 to 189 of 257, columns 84 to 167 of 257]
1.71 1.71 1.71 1.70 1.70 1.70 1.70 1.69 1.69 1.69 1.68 1.68 1.68 1.67 1.67 1.67 1.66 1.66 1.65 1.65 1.65 1.65 1.65 1.65 1.66 1.67 1.68 1.70 1.72 1.75 1.79 1.83 1.89 1.96 2.04 2.10 2.15 2.19 2.20 2.18 2.16 2.10 2.03 1.95 1.87 1.79 1.75 1.73 1.72 1.72 1.73 1.74 1.74 1.75 1.75 1.75 1.74 1.73 1.72 1.71 1.70 1.69 1.69 1.68 1.68 1.67 1.67 1.67 1.67 1.68 1.68 1.68 1.68 1.68 1.69 1.69 1.69 1.69 1.70 1.70 1.70 1.70 1.71 1.71
1.71 1.71 1.71 1.71 1.70 1.70 1.70 1.70 1.69 1.69 1.69 1.69 1.68 1.68 1.68 1.67 1.67 1.67 1.67 1.67 1.66 1.67 1.67 1.67 1.68 1.69 1.70 1.72 1.74 1.76 1.79 1.83 1.88 1.94 2.00 2.07 2.13 2.16 2.17 2.16 2.13 2.08 2.02 1.95 1.87 1.81 1.77 1.75 1.74 1.74 1.74 1.74 1.74 1.75 1.75 1.74 1.74 1.73 1.72 1.72 1.71 1.70 1.69 1.69 1.69 1.68 1.68 1.68 1.68 1.68 1.68 1.69 1.69 1.69 1.69 1.69 1.70 1.70 1.70 1.70 1.70 1.71 1.71 1.71
1.71 1.71 1.71 1.71 1.71 1.70 1.70 1.70 1.70 1.70 1.69 1.69 1.69 1.69 1.68 1.68 1.68 1.68 1.68 1.68 1.68 1.68 1.68 1.69 1.69 1.70 1.71 1.73 1.75 1.77 1.80 1.83 1.87 1.92 1.97 2.02 2.07 2.12 2.14 2.13 2.10 2.06 2.00 1.94 1.88 1.83 1.79 1.77 1.76 1.75 1.75 1.75 1.75 1.75 1.75 1.74 1.74 1.73 1.73 1.72 1.71 1.71 1.70 1.70 1.69 1.69 1.69 1.69 1.69 1.69 1.69 1.69 1.69 1.69 1.70 1.70 1.70 1.70 1.70 1.70 1.71 1.71 1.71 1.71
1.72 1.72 1.71 1.71 1.71 1.71 1.71 1.70 1.70 1.70 1.70 1.70 1.69 1.69 1.69 1.69 1.69 1.69 1.69 1.69 1.69 1.69 1.69 1.70 1.71 1.71 1.73 1.74 1.76 1.78 1.80 1.83 1.86 1.90 1.94 1.98 2.01 2.05 2.07 2.07 2.06 2.02 1.98 1.93 1.88 1.84 1.81 1.78 1.77 1.76 1.76 1.75 1.75 1.75 1.75 1.74 1.74 1.73 1.73 1.72 1.72 1.71 1.71 1.70 1.70 1.70 1.70 1.70 1.69 1.70 1.70 1.70 1.70 1.70 1.70 1.70 1.70 1.70 1.71 1.71 1.71 1.71 1.71 1.71
1.72 1.72 1.72 1.71 1.71 1.71 1.71 1.71 1.71 1.70 1.70 1.70 1.70 1.70 1.70 1.70 1.69 1.69 1.70 1.70 1.70 1.70 1.70 1.71 1.72 1.72 1.73 1.75 1.76 1.78 1.80 1.83 1.85 1.88 1.91 1.94 1.97 1.99 2.01 2.01 2.00 1.98 1.95 1.91 1.87 1.84 1.81 1.79 1.78 1.77 1.76 1.76 1.75 1.75 1.75 1.74 1.74 1.74 1.73 1.73 1.72 1.72 1.71 1.71 1.71 1.70 1.70 1.70 1.70 1.70 1.70 1.70 1.70 1.70 1.70 1.70 1.71 1.71 1.71 1.71 1.71 1.71 1.71 1.72
1.72 1.72 1.72 1.72 1.71 1.71 1.71 1.71 1.71 1.71 1.71 1.70 1.70 1.70 1.70 1.70 1.70 1.70 1.70 1.70 1.71 1.71 1.71 1.72 1.72 1.73 1.74 1.75 1.77 1.78 1.80 1.82 1.84 1.87 1.89 1.91 1.93 1.95 1.96 1.96 1.96 1.94 1.92 1.89 1.86 1.84 1.81 1.80 1.79 1.78 1.77 1.76 1.76 1.75 1.75 1.74 1.74 1.74 1.73 1.73 1.73 1.72 1.72 1.71 1.71 1.71 1.71 1.71 1.71 1.71 1.71 1.71 1.71 1.71 1.71 1.71 1.71 1.71 1.71 1.71 1.71 1.72 1.72 1.72
1.72 1.72 1.72 1.72 1.72 1.72 1.71 1.71 1.71 1.71 1.71 1.71 1.71 1.71 1.71 1.71 1.71 1.71 1.71 1.71 1.71 1.72 1.72 1.73 1.73 1.74 1.75 1.76 1.77 1.78 1.80 1.82 1.83 1.85 1.87 1.89 1.90 1.92 1.92 1.92 1.92 1.91 1.89 1.87 1.85 1.83 1.81 1.80 1.79 1.78 1.77 1.76 1.76 1.75 1.75 1.75 1.74 1.74 1.74 1.73 1.73 1.72 1.72 1.72 1.72 1.71 1.71 1.71 1.71 1.71 1.71 1.71 1.71 1.71 1.71 1.71 1.71 1.71 1.71 1.72 1.72 1.72 1.72 1.72
1.72 1.72 1.72 1.72 1.72 1.72 1.72 1.72 1.71 1.71 1.71 1.71 1.71 1.71 1.71 1.71 1.71 1.71 1.71 1.72 1.72 1.72 1.73 1.73 1.74 1.74 1.75 1.76 1.77 1.78 1.80 1.81 1.83 1.84 1.86 1.87 1.88 1.89 1.89 1.90 1.89 1.88 1.87 1.86 1.84 1.83 1.81 1.80 1.79 1.78 1.77 1.77 1.76 1.76 1.75 1.75 1.74 1.74 1.74 1.73 1.73 1.73 1.72 1.72 1.72 1.72 1.72 1.71 1.71 1.71 1.71 1.71 1.71 1.71 1.71 1.71 1.71 1.72 1.72 1.72 1.72 1.72 1.72 1.72
1.73 1.72 1.72 1.72 1.72 1.72 1.72 1.72 1.72 1.72 1.72 1.72 1.72 1.72 1.72 1.72 1.72 1.72 1.72 1.72 1.72 1.73 1.73 1.74 1.74 1.75 1.75 1.76 1.77 1.78 1.79 1.81 1.82 1.83 1.84 1.85 1.86 1.87 1.87 1.87 1.87 1.86 1.85 1.84 1.83 1.82 1.81 1.80 1.79 1.78 1.77 1.77 1.76 1.76 1.75 1.75 1.75 1.74 1.74 1.74 1.73 1.73 1.73 1.72 1.72 1.72 1.72 1.72 1.72 1.72 1.72 1.72 1.72 1.72 1.72 1.72 1.72 1.72 1.72 1.72 1.72 1.72 1.72 1.72
1.73 1.73 1.73 1.72 1.72 1.72 1.72 1.72 1.72 1.72 1.72 1.72 1.72 1.72 1.72 1.72 1.72 1.72 1.72 1.73 1.73 1.73 1.74 1.74 1.74 1.75 1.76 1.76 1.77 1.78 1.79 1.80 1.81 1.82 1.83 1.84 1.84 1.85 1.85 1.85 1.85 1.85 1.84 1.83 1.82 1.81 1.80 1.79 1.79 1.78 1.77 1.77 1.76 1.76 1.75 1.75 1.75 1.74 1.74 1.74 1.74 1.73 1.73 1.73 1.73 1.72 1.72 1.72 1.72 1.72 1.72 1.72 1.72 1.72 1.72 1.72 1.72 1.72 1.72 1.72 1.72 1.72 1.72 1.73
1.73 1.73 1.73 1.73 1.72 1.72 1.72 1.72 1.72 1.72 1.72 1.72 1.72 1.72 1.72 1.72 1.72 1.73 1.73 1.73 1.73 1.73 1.74 1.74 1.75 1.75 1.76 1.76 1.77 1.78 1.79 1.80 1.80 1.81 1.82 1.83 1.83 1.83 1.84 1.84 1.84 1.83 1.83 1.82 1.81 1.81 1.80 1.79 1.78 1.78 1.77 1.77 1.76 1.76 1.76 1.75 1.75 1.75 1.74 1.74 1.74 1.73 1.73 1.73 1.73 1.73 1.72 1.72 1.72 1.72 1.72 1.72 1.72 1.72 1.72 1.72 1.72 1.72 1.72 1.72 1.72 1.73 1.73 1.73
1.73 1.73 1.73 1.73 1.73 1.73 1.73 1.73 1.73 1.72 1.72 1.72 1.72 1.72 1.73 1.73 1.73 1.73 1.73 1.73 1.74 1.74 1.74 1.74 1.75 1.75 1.76 1.76 1.77 1.78 1.78 1.79 1.80 1.80 1.81 1.82 1.82 1.82 1.82 1.82 1.82 1.82 1.82 1.81 1.81 1.80 1.79 1.79 1.78 1.78 1.77 1.77 1.76 1.76 1.76 1.75 1.75 1.75 1.74 1.74 1.74 1.74 1.73 1.73 1.73 1.73 1.73 1.73 1.72 1.72 1.72 1.72 1.72 1.72 1.72 1.72 1.72 1.72 1.72 1.73 1.73 1.73 1.73 1.73
1.73 1.73 1.73 1.73 1.73 1.73 1.73 1.73 1.73 1.73 1.73 1.73 1.73 1.73 1.73 1.73 1.73 1.73 1.73 1.73 1.74 1.74 1.74 1.75 1.75 1.75 1.76 1.76 1.77 1.78 1.78 1.79 1.79 1.80 1.80 1.81 1.81 1.81 1.81 1.81 1.81 1.81 1.81 1.80 1.80 1.80 1.79 1.79 1.78 1.78 1.77 1.77 1.76 1.76 1.76 1.75 1.75 1.75 1.75 1.74 1.74 1.74 1.74 1.73 1.73 1.73 1.73 1.73 1.73 1.73 1.73 1.73 1.73 1.73 1.73 1.73 1.73 1.73 1.73 1.73 1.73 1.73 1.73 1.73
1.73 1.73 1.73 1.73 1.73 1.73 1.73 1.73 1.73 1.73 1.73 1.73 1.73 1.73 1.73 1.73 1.73 1.73 1.74 1.74 1.74 1.74 1.74 1.75 1.75 1.75 1.76 1.76 1.77 1.77 1.78 1.78 1.79 1.79 1.80 1.80 1.80 1.80 1.81 1.81 1.80 1.80 1.80 1.80 1.79 1.79 1.79 1.78 1.78 1.77 1.77 1.77 1.76 1.76 1.76 1.75 1.75 1.75 1.75 1.74 1.74 1.74 1.74 1.73 1.73 1.73 1.73 1.73 1.73 1.73 1.73 1.73 1.73 1.73 1.73 1.73 1.73 1.73 1.73 1.73 1.73 1.73 1.73 1.73
1.73 1.73 1.73 1.73 1.73 1.73 1.73 1.73 1.73 1.73 1.73 1.73 1.73 1.73 1.73 1.73 1.73 1.74 1.74 1.74 1.74 1.74 1.75 1.75 1.75 1.76 1.76 1.76 1.77 1.77 1.77 1.78 1.78 1.79 1.79 1.79 1.79 1.80 1.80 1.80 1.80 1.80 1.79 1.79 1.79 1.79 1.78 1.78 1.78 1.77 1.77 1.77 1.76 1.76 1.76 1.75 1.75 1.75 1.75 1.74 1.74 1.74 1.74 1.74 1.73 1.73 1.73 1.73 1.73 1.73 1.73 1.73 1.73 1.73 1.73 1.73 1.73 1.73 1.73 1.73 1.73 1.73 1.73 1.73
1.73 1.73 1.73 1.73 1.73 1.73 1.73 1.73 1.73 1.73 1.73 1.73 1.73 1.73 1.73 1.73 1.74 1.74 1.74 1.74 1.74 1.74 1.75 1.75 1.75 1.76 1.76 1.76 1.76 1.77 1.77 1.78 1.78 1.78 1.79 1.79 1.79 1.79 1.79 1.79 1.79 1.79 1.79 1.79 1.78 1.78 1.78 1.78 1.77 1.77 1.77 1.76 1.76 1.76 1.76 1.75 1.75 1.75 1.75 1.74 1.74 1.74 1.74 1.74 1.74 1.73 1.73 1.73 1.73 1.73 1.73 1.73 1.73 1.73 1.73 1.73 1.73 1.73 1.73 1.73 1.73 1.73 1.73 1.73
1.74 1.73 1.73 1.73 1.73 1.73 1.73 1.73 1.73 1.73 1.73 1.73 1.73 1.73 1.74 1.74 1.74 1.74 1.74 1.74 1.74 1.74 1.75 1.75 1.75 1.75 1.76 1.76 1.76 1.77 1.77 1.77 1.78 1.78 1.78 1.78 1.78 1.79 1.79 1.79 1.79 1.79 1.78 1.78 1.78 1.78 1.78 1.77 1.77 1.77 1.77 1.76 1.76 1.76 1.76 1.75 1.75 1.75 1.75 1.74 1.74 1.74 1.74 1.74 1.74 1.74 1.73 1.73 1.73 1.73 1.73 1.73 1.73 1.73 1.73 1.73 1.73 1.73 1.73 1.73 1.73 1.73 1.73 1.73
1.74 1.74 1.74 1.73 1.73 1.73 1.74 1.73 1.73 1.73 1.73 1.74 1.74 1.74 1.74 1.74 1.74 1.74 1.74 1.74 1.74 1.75 1.75 1.75 1.75 1.75 1.76 1.76 1.76 1.77 1.77 1.77 1.77 1.77 1.78 1.78 1.78 1.78 1.78 1.78 1.78 1.78 1.78 1.78 1.78 1.77 1.77 1.77 1.77 1.77 1.76 1.76 1.76 1.76 1.76 1.75 1.75 1.75 1.75 1.75 1.74 1.74 1.74 1.74 1.74 1.74 1.74 1.74 1.73 1.73 1.73 1.73 1.73 1.73 1.73 1.73 1.73 1.73 1.73 1.73 1.73 1.73 1.73 1.74
1.74 1.74 1.74 1.74 1.74 1.74 1.74 1.74 1.74 1.74 1.74 1.74 1.74 1.74 1.74 1.74 1.74 1.74 1.74 1.74 1.74 1.75 1.75 1.75 1.75 1.75 1.76 1.76 1.76 1.76 1.77 1.77 1.77 1.77 1.77 1.77 1.78 1.78 1.78 1.78 1.78 1.78 1.78 1.77 1.77 1.77 1.77 1.77 1.77 1.76 1.76 1.76 1.76 1.76 1.75 1.75 1.75 1.75 1.75 1.75 1.74 1.74 1.74 1.74 1.74 1.74 1.74 1.74 1.74 1.74 1.74 1.73 1.73 1.73 1.73 1.73 1.73 1.73 1.73 1.73 1.73 1.74 1.74 1.74
1.74 1.74 1.74 1.74 1.74 1.74 1.74 1.74 1.74 1.74 1.74 1.74 1.74 1.74 1.74 1.74 1.74 1.74 1.74 1.74 1.74 1.75 1.75 1.75 1.75 1.75 1.76 1.76 1.76 1.76 1.76 1.77 1.77 1.77 1.77 1.77 1.77 1.77 1.77 1.77 1.77 1.77 1.77 1.77 1.77 1.77 1.77 1.77 1.76 1.76 1.76 1.76 1.76 1.76 1.75 1.75 1.75 1.75 1.75 1.75 1.74 1.74 1.74 1.74 1.74 1.74 1.74 1.74 1.74 1.74 1.74 1.74 1.74 1.74 1.74 1.74 1.74 1.74 1.74 1.74 1.74 1.74 1.74 1.74
1.74 1.74 1.74 1.74 1.74 1.74 1.74 1.74 1.74 1.74 1.74 1.74 1.74 1.74 1.74 1.74 1.74 1.74 1.74 1.74 1.75 1.75 1.75 1.75 1.75 1.75 1.75 1.76 1.76 1.76 1.76 1.76 1.77 1.77 1.77 1.77 1.77 1.77 1.77 1.77 1.77 1.77 1.77 1.77 1.77 1.77 1.77 1.76 1.76 1.76 1.76 1.76 1.76 1.75 1.75 1.75 1.75 1.75 1.75 1.75 1.74 1.74 1.74 1.74 1.74 1.74 1.74 1.74 1.74 1.74 1.74 1.74 1.74 1.74 1.74 1.74 1.74 1.74 1.74 1.74 1.74 1.74 1.74 1.74
1.74 1.74 1.74 1.74 1.74 1.74 1.74 1.74 1.74 1.74 1.74 1.74 1.74 1.74 1.74 1.74 1.74 1.74 1.74 1.74 1.75 1.75 1.75 1.75 1.75 1.75 1.75 1.76 1.76 1.76 1.76 1.76 1.76 1.76 1.77 1.77 1.77 1.77 1.77 1.77 1.77 1.77 1.77 1.77 1.77 1.76 1.76 1.76 1.76 1.76 1.76 1.76 1.76 1.75 1.75 1.75 1.75 1.75 1.75 1.75 1.74 1.74 1.74 1.74 1.74 1.74 1.74 1.74 1.74 1.74 1.74 1.74 1.74 1.74 1.74 1.74 1.74 1.74 1.74 1.74 1.74 1.74 1.74 1.74
1.74 1.74 1.74 1.74 1.74 1.74 1.74 1.74 1.74 1.74 1.74 1.74 1.74 1.74 1.74 1.74 1.74 1.74 1.74 1.75 1.75 1.75 1.75 1.75 1.75 1.75 1.75 1.76 1.76 1.76 1.76 1.76 1.76 1.76 1.76 1.76 1.76 1.77 1.77 1.77 1.77 1.77 1.76 1.76 1.76 1.76 1.76 1.76 1.76 1.76 1.76 1.76 1.75 1.75 1.75 1.75 1.75 1.75 1.75 1.75 1.75 1.74 1.74 1.74 1.74 1.74 1.74 1.74 1.74 1.74 1.74 1.74 1.74 1.74 1.74 1.74 1.74 1.74 1.74 1.74 1.74 1.74 1.74 1.74
1.74 1.74 1.74 1.74 1.74 1.74 1.74 1.74 1.74 1.74 1.74 1.74 1.74 1.74 1.74 1.74 1.74 1.74 1.74 1.75 1.75 1.75 1.75 1.75 1.75 1.75 1.75 1.75 1.76 1.76 1.76 1.76 1.76 1.76 1.76 1.76 1.76 1.76 1.76 1.76 1.76 1.76 1.76 1.76 1.76 1.76 1.76 1.76 1.76 1.76 1.76 1.76 1.75 1.75 1.75 1.75 1.75 1.75 1.75 1.75 1.75 1.74 1.74 1.74 1.74 1.74 1.74 1.74 1.74 1.74 1.74 1.74 1.74 1.74 1.74 1.74 1.74 1.74 1.74 1.74 1.74 1.74 1.74 1.74
1.74 1.74 1.74 1.74 1.74 1.74 1.74 1.74 1.74 1.74 1.74 1.74 1.74 1.74 1.74 1.74 1.74 1.74 1.74 1.75 1.75 1.75 1.75 1.75 1.75 1.75 1.75 1.75 1.75 1.76 1.76 1.76 1.76 1.76 1.76 1.76 1.76 1.76 1.76 1.76 1.76 1.76 1.76 1.76 1.76 1.76 1.76 1.76 1.76 1.76 1.76 1.75 1.75 1.75 1.75 1.75 1.75 1.75 1.75 1.75 1.75 1.74 1.74 1.74 1.74 1.74 1.74 1.74 1.74 1.74 1.74 1.74 1.74 1.74 1.74 1.74 1.74 1.74 1.74 1.74 1.74 1.74 1.74 1.74
1.74 1.74 1.74 1.74 1.74 1.74 1.74 1.74 1.74 1.74 1.74 1.74 1.74 1.74 1.74 1.74 1.74 1.74 1.74 1.75 1.75 1.75 1.75 1.75 1.75 1.75 1.75 1.75 1.75 1.75 1.76 1.76 1.76 1.76 1.76 1.76 1.76 1.76 1.76 1.76 1.76 1.76 1.76 1.76 1.76 1.76 1.76 1.76 1.76 1.76 1.75 1.75 1.75 1.75 1.75 1.75 1.75 1.75 1.75 1.75 1.75 1.74 1.74 1.74 1.74 1.74 1.74 1.74 1.74 1.74 1.74 1.74 1.74 1.74 1.74 1.74 1.74 1.74 1.74 1.74 1.74 1.74 1.74 1.74
1.74 1.74 1.74 1.74 1.74 1.74 1.74 1.74 1.74 1.74 1.74 1.74 1.74 1.74 1.74 1.74 1.74 1.74 1.75 1.75 1.75 1.75 1.75 1.75 1.75 1.75 1.75 1.75 1.75 1.75 1.75 1.76 1.76 1.76 1.76 1.76 1.76 1.76 1.76 1.76 1.76 1.76 1.76 1.76 1.76 1.76 1.76 1.76 1.75 1.75 1.75 1.75 1.75 1.75 1.75 1.75 1.75 1.75 1.75 1.75 1.75 1.75 1.74 1.74 1.74 1.74 1.74 1.74 1.74 1.74 1.74 1.74 1.74 1.74 1.74 1.74 1.74 1.74 1.74 1.74 1.74 1.74 1.74 1.74
1.74 1.74 1.74 1.74 1.74 1.74 1.74 1.74 1.74 1.74 1.74 1.74 1.74 1.74 1.74 1.74 1.74 1.75 1.75 1.75 1.75 1.75 1.75 1.75 1.75 1.75 1.75 1.75 1.75 1.75 1.75 1.75 1.75 1.76 1.76 1.76 1.76 1.76 1.76 1.76 1.76 1.76 1.76 1.76 1.76 1.76 1.75 1.75 1.75 1.75 1.75 1.75 1.75 1.75 1.75 1.75 1.75 1.75 1.75 1.75 1.75 1.75 1.74 1.74 1.74 1.74 1.74 1.74 1.74 1.74 1.74 1.74 1.74 1.74 1.74 1.74 1.74 1.74 1.74 1.74 1.74 1.74 1.74 1.74
1.74 1.74 1.74 1.74 1.74 1.74 1.74 1.74 1.74 1.74 1.74 1.74 1.74 1.74 1.74 1.74 1.74 1.75 1.75 1.75 1.75 1.75 1.75 1.75 1.75 1.75 1.75 1.75 1.75 1.75 1.75 1.75 1.75 1.75 1.75 1.76 1.76 1.76 1.76 1.76 1.76 1.76 1.76 1.76 1.75 1.75 1.75 1.75 1.75 1.75 1.75 1.75 1.75 1.75 1.75 1.75 1.75 1.75 1.75 1.75 1.75 1.75 1.74 1.74 1.74 1.74 1.74 1.74 1.74 1.74 1.74 1.74 1.74 1.74 1.74 1.74 1.74 1.74 1.74 1.74 1.74 1.74 1.74 1.74
1.74 1.74 1.74 1.74 1.74 1.74 1.74 1.74 1.74 1.74 1.74 1.74 1.74 1.74 1.74 1.74 1.74 1.75 1.75 1.75 1.75 1.75 1.75 1.75 1.75 1.75 1.75 1.75 1.75 1.75 1.75 1.75 1.75 1.75 1.75 1.75 1.75 1.75 1.75 1.75 1.75 1.75 1.75 1.75 1.75 1.75 1.75 1.75 1.75 1.75 1.75 1.75 1.75 1.75 1.75 1.75 1.75 1.75 1.75 1.75 1.75 1.75 1.75 1.74 1.74 1.74 1.74 1.74 1.74 1.74 1.74 1.74 1.74 1.74 1.74 1.74 1.74 1.74 1.74 1.74 1.74 1.74 1.74 1.74
1.74 1.74 1.74 1.74 1.74 1.74 1.74 1.74 1.74 1.74 1.74 1.74 1.74 1.74 1.74 1.74 1.74 1.75 1.75 1.75 1.75 1.75 1.75 1.75 1.75 1.75 1.75 1.75 1.75 1.75 1.75 1.75 1.75 1.75 1.75 1.75 1.75 1.75 1.75 1.75 1.75 1.75 1.75 1.75 1.75 1.75 1.75 1.75 1.75 1.75 1.75 1.75 1.75 1.75 1.75 1.75 1.75 1.75 1.75 1.75 1.75 1.75 1.75 1.74 1.74 1.74 1.74 1.74 1.74 1.74 1.74 1.74 1.74 1.74 1.74 1.74 1.74 1.74 1.74 1.74 1.74 1.74 1.74 1.74
1.74 1.74 1.74 1.74 1.74 1.74 1.74 1.74 1.74 1.74 1.74 1.74 1.74 1.74 1.74 1.74 1.75 1.75 1.75 1.75 1.75 1.75 1.75 1.75 1.75 1.75 1.75 1.75 1.75 1.75 1.75 1.75 1.75 1.75 1.75 1.75 1.75 1.75 1.75 1.75 1.75 1.75 1.75 1.75 1.75 1.75 1.75 1.75 1.75 1.75 1.75 1.75 1.75 1.75 1.75 1.75 1.75 1.75 1.75 1.75 1.75 1.75 1.75 1.75 1.74 1.74 1.74 1.74 1.74 1.74 1.74 1.74 1.74 1.74 1.74 1.74 1.74 1.74 1.74 1.74 1.74 1.74 1.74 1.74
1.74 1.74 1.74 1.74 1.74 1.74 1.74 1.74 1.74 1.74 1.74 1.74 1.74 1.75 1.75 1.75 1.75 1.75 1.75 1.75 1.75 1.75 1.75 1.75 1.75 1.75 1.75 1.75 1.75 1.75 1.75 1.75 1.75 1.75 1.75 1.75 1.75 1.75 1.75 1.75 1.75 1.75 1.75 1.75 1.75 1.75 1.75 1.75 1.75 1.75 1.75 1.75 1.75 1.75 1.75 1.75 1.75 1.75 1.75 1.75 1.75 1.75 1.75 1.75 1.74 1.74 1.74 1.74 1.74 1.74 1.74 1.74 1.74 1.74 1.74 1.74 1.74 1.74 1.74 1.74 1.74 1.74 1.74 1.74
1.74 1.74 1.74 1.74 1.74 1.74 1.74 1.74 1.74 1.74 1.74 1.74 1.74 1.75 1.75 1.75 1.75 1.75 1.75 1.75 1.75 1.75 1.75 1.75 1.75 1.75 1.75 1.75 1.75 1.75 1.75 1.75 1.75 1.75 1.75 1.75 1.75 1.75 1.75 1.75 1.75 1.75 1.75 1.75 1.75 1.75 1.75 1.75 1.75 1.75 1.75 1.75 1.75 1.75 1.75 1.75 1.75 1.75 1.75 1.75 1.75 1.75 1.75 1.75 1.75 1.74 1.74 1.74 1.74 1.74 1.74 1.74 1.74 1.74 1.74 1.74 1.74 1.74 1.74 1.74 1.74 1.74 1.74 1.74
1.74 1.74 1.74 1.74 1.74 1.74 1.74 1.74 1.74 1.74 1.74 1.74 1.74 1.75 1.75 1.75 1.75 1.75 1.75 1.75 1.75 1.75 1.75 1.75 1.75 1.75 1.75 1.75 1.75 1.75 1.75 1.75 1.75 1.75 1.75 1.75 1.75 1.75 1.75 1.75 1.75 1.75 1.75 1.75 1.75 1.75 1.75 1.75 1.75 1.75 1.75 1.75 1.75 1.75 1.75 1.75 1.75 1.75 1.75 1.75 1.75 1.75 1.75 1.75 1.75 1.74 1.74 1.74 1.74 1.74 1.74 1.74 1.74 1.74 1.74 1.74 1.74 1.74 1.74 1.74 1.74 1.74 1.74 1.74
1.74 1.74 1.74 1.74 1.74 1.74 1.74 1.74 1.74 1.74 1.74 1.74 1.74 1.75 1.75 1.75 1.75 1.75 1.75 1.75 1.75 1.75 1.75 1.75 1.75 1.75 1.75 1.75 1.75 1.75 1.75 1.75 1.75 1.75 1.75 1.75 1.75 1.75 1.75 1.75 1.75 1.75 1.75 1.75 1.75 1.75 1.75 1.75 1.75 1.75 1.75 1.75 1.75 1.75 1.75 1.75 1.75 1.75 1.75 1.75 1.75 1.75 1.75 1.75 1.75 1.75 1.74 1.74 1.74 1.74 1.74 1.74 1.74 1.74 1.74 1.74 1.74 1.74 1.74 1.74 1.74 1.74 1.74 1.74
1.74 1.74 1.74 1.74 1.74 1.74 1.74 1.74 1.74 1.74 1.75 1.75 1.75 1.75 1.75 1.75 1.75 1.75 1.75 1.75 1.75 1.75 1.75 1.75 1.75 1.75 1.75 1.75 1.75 1.75 1.75 1.75 1.75 1.75 1.75 1.75 1.75 1.75 1.75 1.75 1.75 1.75 1.75 1.75 1.75 1.75 1.75 1.75 1.75 1.75 1.75 1.75 1.75 1.75 1.75 1.75 1.75 1.75 1.75 1.75 1.75 1.75 1.75 1.75 1.75 1.75 1.74 1.74 1.74 1.74 1.74 1.74 1.74 1.74 1.74 1.74 1.74 1.74 1.74 1.74 1.74 1.74 1.74 1.74
1.74 1.74 1.74 1.74 1.74 1.74 1.74 1.74 1.74 1.74 1.75 1.75 1.75 1.75 1.75 1.75 1.75 1.75 1.75 1.75 1.75 1.75 1.75 1.75 1.75 1.75 1.75 1.75 1.75 1.75 1.75 1.75 1.75 1.75 1.75 1.75 1.75 1.75 1.75 1.75 1.75 1.75 1.75 1.75 1.75 1.75 1.75 1.75 1.75 1.75 1.75 1.75 1.75 1.75 1.75 1.75 1.75 1.75 1.75 1.75 1.75 1.75 1.75 1.75 1.75 1.75 1.75 1.74 1.74 1.74 1.74 1.74 1.74 1.74 1.74 1.74 1.74 1.74 1.74 1.74 1.74 1.74 1.74 1.74
