data/AilsaCraig_270_1_25m_vel_100m.asc
ncols	257
nrows	257
xllcorner	3364200.000000
yllcorner	3669375.000000
cellsize	25.000000
NODATA_value	-1.000000
[rows 114 to 151 of 257, columns 84 to 167 of 257]
1.71 1.70 1.70 1.70 1.69 1.69 1.69 1.68 1.68 1.68 1.67 1.67 1.66 1.66 1.65 1.65 1.64 1.64 1.63 1.62 1.61 1.61 1.60 1.59 1.58 1.58 1.57 1.56 1.55 1.55 1.54 1.53 1.53 1.53 1.53 1.53 1.54 1.57 1.78 2.07 2.22 2.24 2.26 2.30 2.29 2.23 2.16 2.07 1.95 1.85 1.79 1.76 1.75 1.74 1.71 1.67 1.63 1.60 1.58 1.57 1.57 1.57 1.57 1.58 1.58 1.59 1.60 1.61 1.61 1.62 1.63 1.64 1.64 1.65 1.66 1.66 1.67 1.67 1.67 1.68 1.68 1.69 1.69 1.69
1.71 1.70 1.70 1.70 1.69 1.69 1.68 1.68 1.68 1.67 1.67 1.66 1.66 1.65 1.65 1.64 1.64 1.63 1.62 1.61 1.60 1.59 1.58 1.57 1.57 1.56 1.55 1.54 1.53 1.52 1.51 1.50 1.50 1.51 1.51 1.53 1.54 1.60 1.84 2.10 2.23 2.25 2.29 2.34 2.32 2.26 2.20 2.11 2.01 1.91 1.85 1.80 1.78 1.75 1.72 1.67 1.61 1.57 1.55 1.54 1.54 1.54 1.55 1.56 1.56 1.57 1.58 1.59 1.60 1.61 1.62 1.63 1.64 1.64 1.65 1.65 1.66 1.67 1.67 1.67 1.68 1.68 1.69 1.69
1.70 1.70 1.70 1.69 1.69 1.69 1.68 1.68 1.67 1.67 1.66 1.66 1.65 1.65 1.64 1.64 1.63 1.62 1.61 1.60 1.59 1.58 1.57 1.56 1.55 1.53 1.52 1.51 1.50 1.49 1.48 1.47 1.47 1.49 1.51 1.54 1.57 1.66 1.90 2.12 2.23 2.26 2.31 2.37 2.35 2.29 2.23 2.15 2.06 1.97 1.90 1.84 1.80 1.76 1.73 1.68 1.59 1.54 1.52 1.51 1.51 1.51 1.52 1.53 1.54 1.55 1.56 1.58 1.59 1.60 1.61 1.62 1.63 1.64 1.64 1.65 1.66 1.66 1.67 1.67 1.68 1.68 1.68 1.69
1.70 1.70 1.69 1.69 1.69 1.68 1.68 1.67 1.67 1.66 1.66 1.65 1.65 1.64 1.64 1.63 1.62 1.61 1.60 1.59 1.58 1.57 1.55 1.54 1.53 1.51 1.50 1.48 1.47 1.45 1.44 1.44 1.46 1.48 1.51 1.55 1.60 1.73 1.95 2.13 2.24 2.28 2.33 2.37 2.35 2.31 2.25 2.18 2.10 2.02 1.94 1.87 1.82 1.77 1.73 1.68 1.60 1.52 1.48 1.47 1.47 1.48 1.49 1.50 1.52 1.53 1.55 1.56 1.57 1.59 1.60 1.61 1.62 1.63 1.64 1.64 1.65 1.66 1.66 1.67 1.67 1.68 1.68 1.69
1.70 1.70 1.69 1.69 1.68 1.68 1.68 1.67 1.67 1.66 1.66 1.65 1.64 1.64 1.63 1.62 1.61 1.60 1.59 1.58 1.56 1.55 1.54 1.52 1.51 1.49 1.47 1.45 1.43 1.42 1.41 1.41 1.44 1.48 1.52 1.56 1.64 1.79 1.97 2.14 2.24 2.29 2.33 2.35 2.34 2.31 2.27 2.20 2.13 2.05 1.97 1.90 1.84 1.78 1.73 1.67 1.60 1.49 1.44 1.43 1.43 1.44 1.46 1.48 1.49 1.51 1.53 1.54 1.56 1.57 1.59 1.60 1.61 1.62 1.63 1.64 1.65 1.65 1.66 1.66 1.67 1.67 1.68 1.68
1.70 1.69 1.69 1.69 1.68 1.68 1.67 1.67 1.66 1.66 1.65 1.65 1.64 1.63 1.62 1.61 1.60 1.59 1.58 1.57 1.55 1.54 1.52 1.50 1.48 1.46 1.44 1.42 1.40 1.38 1.37 1.39 1.43 1.48 1.53 1.59 1.68 1.82 1.99 2.13 2.24 2.30 2.33 2.33 2.33 2.31 2.27 2.21 2.15 2.07 1.99 1.92 1.85 1.79 1.72 1.66 1.59 1.49 1.40 1.38 1.39 1.40 1.42 1.45 1.47 1.49 1.51 1.53 1.54 1.56 1.58 1.59 1.60 1.61 1.62 1.63 1.64 1.65 1.65 1.66 1.67 1.67 1.68 1.68
1.70 1.69 1.69 1.68 1.68 1.67 1.67 1.66 1.66 1.65 1.65 1.64 1.63 1.63 1.62 1.61 1.59 1.58 1.57 1.55 1.54 1.52 1.50 1.48 1.46 1.44 1.42 1.39 1.36 1.34 1.33 1.36 1.41 1.48 1.54 1.61 1.71 1.84 1.99 2.13 2.23 2.29 2.31 2.32 2.32 2.30 2.27 2.22 2.16 2.08 2.00 1.93 1.86 1.79 1.72 1.65 1.58 1.48 1.36 1.33 1.34 1.36 1.39 1.41 1.44 1.46 1.49 1.51 1.53 1.55 1.56 1.58 1.59 1.61 1.62 1.63 1.64 1.64 1.65 1.66 1.66 1.67 1.67 1.68
1.70 1.69 1.69 1.68 1.68 1.67 1.67 1.66 1.66 1.65 1.64 1.64 1.63 1.62 1.61 1.60 1.59 1.57 1.56 1.54 1.52 1.51 1.49 1.46 1.44 1.42 1.39 1.36 1.33 1.30 1.31 1.34 1.39 1.47 1.54 1.62 1.73 1.85 1.99 2.12 2.21 2.27 2.29 2.31 2.31 2.29 2.26 2.21 2.16 2.08 2.01 1.93 1.86 1.78 1.70 1.63 1.55 1.47 1.35 1.28 1.29 1.32 1.35 1.38 1.41 1.44 1.47 1.49 1.51 1.53 1.55 1.57 1.59 1.60 1.61 1.62 1.63 1.64 1.65 1.65 1.66 1.67 1.67 1.68
1.69 1.69 1.69 1.68 1.68 1.67 1.66 1.66 1.65 1.65 1.64 1.63 1.62 1.61 1.60 1.59 1.58 1.56 1.55 1.53 1.51 1.49 1.47 1.44 1.42 1.39 1.36 1.33 1.29 1.27 1.27 1.31 1.37 1.44 1.52 1.62 1.73 1.85 1.98 2.11 2.19 2.25 2.28 2.29 2.29 2.27 2.24 2.20 2.15 2.08 2.01 1.93 1.85 1.77 1.69 1.60 1.51 1.43 1.34 1.26 1.24 1.27 1.31 1.35 1.39 1.42 1.45 1.48 1.50 1.52 1.54 1.56 1.58 1.59 1.60 1.62 1.63 1.64 1.64 1.65 1.66 1.66 1.67 1.68
1.69 1.69 1.68 1.68 1.67 1.67 1.66 1.66 1.65 1.64 1.64 1.63 1.62 1.61 1.60 1.58 1.57 1.55 1.54 1.52 1.50 1.48 1.45 1.43 1.40 1.37 1.33 1.30 1.26 1.24 1.24 1.28 1.35 1.42 1.50 1.60 1.72 1.85 1.98 2.10 2.18 2.23 2.26 2.27 2.27 2.25 2.22 2.18 2.13 2.07 2.00 1.92 1.84 1.76 1.67 1.57 1.48 1.40 1.33 1.24 1.20 1.23 1.28 1.32 1.36 1.40 1.43 1.46 1.49 1.51 1.53 1.55 1.57 1.59 1.60 1.61 1.62 1.63 1.64 1.65 1.66 1.66 1.67 1.67
1.69 1.69 1.68 1.68 1.67 1.67 1.66 1.65 1.65 1.64 1.63 1.62 1.61 1.60 1.59 1.58 1.56 1.54 1.52 1.51 1.48 1.46 1.43 1.41 1.38 1.34 1.31 1.27 1.23 1.22 1.21 1.25 1.32 1.40 1.48 1.58 1.71 1.85 1.98 2.09 2.17 2.22 2.24 2.25 2.25 2.23 2.20 2.16 2.12 2.06 1.99 1.91 1.83 1.74 1.64 1.55 1.45 1.37 1.30 1.25 1.18 1.20 1.25 1.29 1.34 1.38 1.41 1.45 1.47 1.50 1.52 1.54 1.56 1.58 1.59 1.61 1.62 1.63 1.64 1.65 1.65 1.66 1.67 1.67
1.69 1.69 1.68 1.68 1.67 1.66 1.66 1.65 1.64 1.64 1.63 1.62 1.61 1.60 1.58 1.57 1.55 1.53 1.51 1.49 1.47 1.45 1.42 1.39 1.36 1.32 1.28 1.25 1.22 1.19 1.19 1.23 1.30 1.38 1.47 1.57 1.70 1.84 1.98 2.08 2.16 2.20 2.23 2.23 2.23 2.21 2.18 2.15 2.10 2.04 1.98 1.90 1.82 1.72 1.62 1.52 1.43 1.34 1.28 1.24 1.20 1.18 1.22 1.27 1.32 1.36 1.40 1.43 1.46 1.49 1.51 1.54 1.56 1.57 1.59 1.60 1.62 1.63 1.64 1.64 1.65 1.66 1.67 1.67
1.69 1.68 1.68 1.67 1.67 1.66 1.66 1.65 1.64 1.63 1.63 1.62 1.61 1.59 1.58 1.56 1.54 1.53 1.50 1.48 1.46 1.43 1.40 1.37 1.34 1.30 1.26 1.22 1.20 1.18 1.18 1.22 1.28 1.37 1.47 1.57 1.70 1.84 1.98 2.08 2.15 2.19 2.21 2.22 2.21 2.20 2.17 2.13 2.09 2.03 1.97 1.90 1.81 1.71 1.61 1.51 1.41 1.32 1.26 1.22 1.19 1.16 1.19 1.25 1.30 1.34 1.38 1.42 1.45 1.48 1.51 1.53 1.55 1.57 1.59 1.60 1.61 1.62 1.63 1.64 1.65 1.66 1.66 1.67
1.69 1.68 1.68 1.67 1.67 1.66 1.65 1.65 1.64 1.63 1.62 1.61 1.60 1.59 1.57 1.56 1.54 1.52 1.50 1.47 1.45 1.42 1.39 1.35 1.32 1.28 1.24 1.20 1.19 1.18 1.19 1.22 1.28 1.37 1.47 1.58 1.71 1.85 1.99 2.09 2.15 2.19 2.21 2.21 2.21 2.19 2.16 2.13 2.08 2.02 1.96 1.89 1.80 1.71 1.61 1.50 1.40 1.31 1.24 1.20 1.19 1.17 1.18 1.23 1.28 1.33 1.37 1.41 1.44 1.47 1.50 1.52 1.55 1.56 1.58 1.60 1.61 1.62 1.63 1.64 1.65 1.66 1.66 1.67
1.69 1.68 1.68 1.67 1.67 1.66 1.65 1.65 1.64 1.63 1.62 1.61 1.60 1.58 1.57 1.55 1.53 1.51 1.49 1.46 1.43 1.40 1.37 1.33 1.30 1.26 1.21 1.18 1.18 1.18 1.20 1.24 1.30 1.37 1.47 1.59 1.72 1.87 2.00 2.10 2.16 2.19 2.20 2.21 2.21 2.19 2.17 2.13 2.07 2.01 1.95 1.88 1.81 1.72 1.62 1.51 1.40 1.31 1.24 1.19 1.18 1.18 1.18 1.22 1.27 1.32 1.36 1.40 1.44 1.47 1.50 1.52 1.54 1.56 1.58 1.59 1.61 1.62 1.63 1.64 1.65 1.66 1.66 1.67
1.69 1.68 1.68 1.67 1.67 1.66 1.65 1.64 1.64 1.63 1.62 1.61 1.59 1.58 1.56 1.54 1.52 1.50 1.48 1.45 1.42 1.39 1.35 1.32 1.28 1.23 1.19 1.17 1.17 1.19 1.22 1.27 1.32 1.40 1.50 1.62 1.75 1.89 2.02 2.10 2.16 2.19 2.20 2.21 2.20 2.19 2.17 2.13 2.07 2.00 1.94 1.88 1.81 1.73 1.64 1.53 1.42 1.32 1.23 1.19 1.17 1.18 1.19 1.21 1.26 1.31 1.36 1.40 1.43 1.46 1.49 1.52 1.54 1.56 1.58 1.59 1.61 1.62 1.63 1.64 1.65 1.66 1.66 1.67
1.69 1.68 1.68 1.67 1.66 1.66 1.65 1.64 1.64 1.63 1.62 1.60 1.59 1.58 1.56 1.54 1.52 1.49 1.47 1.44 1.41 1.38 1.34 1.30 1.26 1.21 1.17 1.16 1.17 1.20 1.25 1.30 1.35 1.43 1.54 1.66 1.80 1.93 2.03 2.11 2.15 2.18 2.20 2.21 2.20 2.19 2.17 2.12 2.06 1.99 1.94 1.88 1.82 1.75 1.66 1.55 1.44 1.33 1.23 1.19 1.18 1.18 1.20 1.21 1.26 1.31 1.35 1.39 1.43 1.46 1.49 1.52 1.54 1.56 1.58 1.59 1.61 1.62 1.63 1.64 1.65 1.66 1.66 1.67
1.69 1.68 1.68 1.67 1.66 1.66 1.65 1.64 1.63 1.63 1.61 1.60 1.59 1.57 1.55 1.53 1.51 1.49 1.46 1.43 1.40 1.36 1.32 1.28 1.24 1.19 1.15 1.15 1.17 1.21 1.27 1.33 1.40 1.49 1.59 1.71 1.84 1.96 2.05 2.12 2.16 2.19 2.20 2.20 2.20 2.18 2.16 2.11 2.05 1.99 1.93 1.88 1.82 1.75 1.67 1.56 1.46 1.34 1.24 1.19 1.18 1.19 1.21 1.23 1.26 1.31 1.35 1.39 1.43 1.46 1.49 1.52 1.54 1.56 1.58 1.59 1.61 1.62 1.63 1.64 1.65 1.66 1.66 1.67
1.69 1.68 1.68 1.67 1.66 1.66 1.65 1.64 1.63 1.62 1.61 1.60 1.59 1.57 1.55 1.53 1.51 1.48 1.46 1.43 1.39 1.35 1.31 1.26 1.21 1.16 1.13 1.14 1.17 1.23 1.30 1.37 1.45 1.55 1.66 1.78 1.89 1.99 2.08 2.13 2.17 2.19 2.21 2.21 2.20 2.18 2.15 2.10 2.04 1.98 1.93 1.88 1.82 1.75 1.67 1.57 1.47 1.35 1.26 1.21 1.19 1.19 1.21 1.24 1.27 1.31 1.35 1.40 1.43 1.46 1.49 1.52 1.54 1.56 1.58 1.59 1.61 1.62 1.63 1.64 1.65 1.66 1.66 1.67
1.69 1.68 1.68 1.67 1.66 1.66 1.65 1.64 1.63 1.62 1.61 1.60 1.58 1.57 1.55 1.53 1.50 1.48 1.45 1.42 1.38 1.34 1.30 1.25 1.19 1.14 1.11 1.13 1.18 1.25 1.34 1.42 1.51 1.62 1.73 1.84 1.94 2.03 2.10 2.15 2.18 2.20 2.21 2.21 2.20 2.17 2.14 2.09 2.03 1.98 1.92 1.87 1.82 1.75 1.67 1.58 1.48 1.37 1.28 1.22 1.20 1.20 1.22 1.25 1.28 1.32 1.36 1.40 1.43 1.47 1.49 1.52 1.54 1.56 1.58 1.59 1.61 1.62 1.63 1.64 1.65 1.66 1.66 1.67
1.69 1.68 1.68 1.67 1.66 1.66 1.65 1.64 1.63 1.62 1.61 1.60 1.58 1.57 1.55 1.53 1.50 1.48 1.45 1.41 1.37 1.33 1.28 1.23 1.17 1.12 1.11 1.13 1.19 1.28 1.38 1.48 1.58 1.69 1.80 1.90 1.98 2.06 2.12 2.16 2.20 2.21 2.22 2.22 2.20 2.17 2.13 2.09 2.03 1.97 1.92 1.87 1.82 1.75 1.68 1.59 1.50 1.40 1.30 1.24 1.21 1.22 1.24 1.27 1.30 1.34 1.37 1.41 1.44 1.47 1.50 1.52 1.54 1.56 1.58 1.60 1.61 1.62 1.63 1.64 1.65 1.66 1.66 1.67
1.69 1.68 1.68 1.67 1.66 1.66 1.65 1.64 1.63 1.62 1.61 1.60 1.58 1.57 1.55 1.53 1.50 1.48 1.44 1.41 1.37 1.32 1.27 1.22 1.16 1.10 1.10 1.13 1.20 1.30 1.42 1.54 1.65 1.76 1.86 1.94 2.02 2.08 2.13 2.17 2.20 2.22 2.22 2.21 2.19 2.17 2.13 2.08 2.02 1.97 1.92 1.87 1.81 1.75 1.68 1.61 1.53 1.44 1.35 1.27 1.23 1.24 1.25 1.29 1.32 1.35 1.39 1.42 1.45 1.48 1.50 1.53 1.55 1.57 1.58 1.60 1.61 1.62 1.63 1.64 1.65 1.66 1.66 1.67
1.69 1.68 1.68 1.67 1.67 1.66 1.65 1.64 1.64 1.62 1.61 1.60 1.58 1.57 1.55 1.53 1.50 1.47 1.44 1.41 1.37 1.32 1.26 1.20 1.14 1.09 1.10 1.14 1.22 1.34 1.47 1.60 1.71 1.82 1.90 1.98 2.04 2.09 2.14 2.18 2.20 2.22 2.22 2.21 2.19 2.16 2.12 2.07 2.02 1.96 1.91 1.86 1.81 1.76 1.69 1.63 1.55 1.47 1.38 1.30 1.26 1.26 1.28 1.31 1.34 1.37 1.40 1.43 1.46 1.48 1.51 1.53 1.55 1.57 1.59 1.60 1.61 1.63 1.64 1.64 1.65 1.66 1.67 1.67
1.69 1.68 1.68 1.67 1.67 1.66 1.65 1.65 1.64 1.63 1.61 1.60 1.59 1.57 1.55 1.53 1.50 1.48 1.45 1.41 1.37 1.32 1.26 1.20 1.13 1.08 1.11 1.16 1.26 1.39 1.52 1.65 1.77 1.86 1.94 2.00 2.05 2.10 2.14 2.17 2.19 2.21 2.21 2.20 2.18 2.15 2.11 2.06 2.01 1.95 1.90 1.85 1.81 1.76 1.70 1.64 1.57 1.49 1.41 1.33 1.29 1.29 1.30 1.33 1.37 1.39 1.42 1.45 1.47 1.49 1.52 1.54 1.56 1.58 1.59 1.61 1.62 1.63 1.64 1.65 1.65 1.66 1.67 1.67
1.69 1.68 1.68 1.67 1.67 1.66 1.65 1.65 1.64 1.63 1.62 1.60 1.59 1.57 1.55 1.53 1.51 1.48 1.45 1.41 1.37 1.32 1.26 1.19 1.13 1.11 1.13 1.20 1.30 1.44 1.58 1.70 1.81 1.89 1.96 2.01 2.06 2.10 2.14 2.17 2.18 2.19 2.19 2.18 2.16 2.13 2.09 2.05 2.00 1.94 1.89 1.84 1.81 1.76 1.71 1.66 1.59 1.51 1.43 1.36 1.32 1.32 1.33 1.36 1.39 1.41 1.44 1.46 1.48 1.51 1.53 1.55 1.57 1.58 1.60 1.61 1.62 1.63 1.64 1.65 1.66 1.66 1.67 1.68
1.69 1.69 1.68 1.67 1.67 1.66 1.66 1.65 1.64 1.63 1.62 1.61 1.59 1.58 1.56 1.54 1.51 1.49 1.46 1.42 1.38 1.33 1.27 1.20 1.14 1.13 1.16 1.23 1.35 1.49 1.63 1.75 1.84 1.91 1.97 2.03 2.07 2.10 2.13 2.16 2.17 2.18 2.17 2.16 2.13 2.10 2.07 2.02 1.98 1.92 1.87 1.84 1.80 1.77 1.73 1.67 1.61 1.54 1.46 1.38 1.36 1.36 1.37 1.39 1.41 1.43 1.45 1.48 1.50 1.52 1.54 1.56 1.57 1.59 1.60 1.62 1.63 1.64 1.65 1.65 1.66 1.67 1.67 1.68
1.69 1.69 1.68 1.68 1.67 1.66 1.66 1.65 1.64 1.63 1.62 1.61 1.60 1.58 1.56 1.54 1.52 1.49 1.47 1.43 1.39 1.34 1.29 1.22 1.16 1.17 1.20 1.27 1.41 1.54 1.67 1.78 1.87 1.93 1.99 2.04 2.07 2.11 2.13 2.15 2.16 2.16 2.15 2.14 2.11 2.08 2.04 2.00 1.95 1.90 1.86 1.83 1.80 1.77 1.74 1.69 1.63 1.56 1.48 1.42 1.40 1.40 1.40 1.42 1.44 1.45 1.47 1.49 1.51 1.53 1.55 1.57 1.58 1.60 1.61 1.62 1.63 1.64 1.65 1.66 1.66 1.67 1.67 1.68
1.69 1.69 1.68 1.68 1.67 1.67 1.66 1.65 1.65 1.64 1.63 1.61 1.60 1.59 1.57 1.55 1.53 1.50 1.48 1.44 1.41 1.36 1.31 1.25 1.19 1.20 1.24 1.32 1.45 1.58 1.71 1.81 1.89 1.95 2.01 2.05 2.09 2.11 2.14 2.15 2.16 2.16 2.14 2.12 2.09 2.05 2.01 1.97 1.93 1.88 1.85 1.82 1.80 1.78 1.75 1.71 1.65 1.59 1.51 1.45 1.43 1.43 1.44 1.45 1.46 1.47 1.49 1.51 1.53 1.55 1.56 1.58 1.59 1.60 1.62 1.63 1.64 1.65 1.65 1.66 1.67 1.67 1.68 1.68
1.69 1.69 1.68 1.68 1.67 1.67 1.66 1.66 1.65 1.64 1.63 1.62 1.61 1.59 1.58 1.56 1.54 1.52 1.49 1.46 1.43 1.39 1.34 1.29 1.24 1.21 1.28 1.37 1.50 1.62 1.74 1.83 1.91 1.97 2.02 2.07 2.10 2.13 2.15 2.16 2.16 2.15 2.13 2.10 2.06 2.02 1.97 1.94 1.90 1.86 1.84 1.82 1.81 1.79 1.76 1.72 1.67 1.61 1.54 1.49 1.47 1.47 1.47 1.47 1.48 1.50 1.51 1.53 1.54 1.56 1.57 1.59 1.60 1.61 1.62 1.63 1.64 1.65 1.66 1.66 1.67 1.67 1.68 1.68
1.70 1.69 1.69 1.68 1.68 1.67 1.67 1.66 1.65 1.64 1.64 1.62 1.61 1.60 1.59 1.57 1.55 1.53 1.51 1.48 1.45 1.42 1.38 1.34 1.30 1.26 1.27 1.40 1.52 1.65 1.76 1.86 1.93 1.99 2.04 2.08 2.12 2.14 2.16 2.17 2.16 2.15 2.13 2.09 2.03 1.97 1.93 1.89 1.87 1.84 1.83 1.82 1.81 1.80 1.77 1.74 1.69 1.63 1.57 1.53 1.51 1.50 1.50 1.50 1.51 1.52 1.53 1.55 1.56 1.57 1.59 1.60 1.61 1.62 1.63 1.64 1.65 1.65 1.66 1.67 1.67 1.68 1.68 1.69
1.70 1.69 1.69 1.68 1.68 1.67 1.67 1.66 1.66 1.65 1.64 1.63 1.62 1.61 1.59 1.58 1.56 1.54 1.52 1.50 1.48 1.45 1.42 1.39 1.36 1.33 1.32 1.35 1.53 1.67 1.78 1.87 1.95 2.01 2.06 2.10 2.13 2.16 2.17 2.18 2.17 2.16 2.13 2.07 1.99 1.92 1.87 1.84 1.83 1.82 1.82 1.82 1.81 1.81 1.79 1.76 1.71 1.66 1.60 1.56 1.54 1.53 1.53 1.53 1.53 1.54 1.55 1.57 1.58 1.59 1.60 1.61 1.62 1.63 1.64 1.65 1.65 1.66 1.66 1.67 1.67 1.68 1.68 1.69
1.70 1.69 1.69 1.69 1.68 1.68 1.67 1.67 1.66 1.65 1.65 1.64 1.63 1.62 1.60 1.59 1.58 1.56 1.54 1.52 1.50 1.48 1.46 1.43 1.41 1.39 1.38 1.39 1.45 1.68 1.80 1.88 1.96 2.02 2.07 2.11 2.14 2.17 2.19 2.19 2.18 2.17 2.13 2.04 1.94 1.86 1.82 1.79 1.78 1.79 1.80 1.81 1.81 1.81 1.79 1.77 1.73 1.68 1.63 1.59 1.57 1.56 1.55 1.56 1.56 1.57 1.57 1.58 1.59 1.60 1.61 1.62 1.63 1.64 1.64 1.65 1.66 1.66 1.67 1.67 1.68 1.68 1.69 1.69
1.70 1.70 1.69 1.69 1.68 1.68 1.67 1.67 1.66 1.66 1.65 1.64 1.63 1.62 1.61 1.60 1.59 1.57 1.56 1.54 1.53 1.51 1.49 1.47 1.46 1.45 1.45 1.45 1.50 1.68 1.80 1.89 1.96 2.03 2.08 2.12 2.15 2.18 2.20 2.20 2.19 2.18 2.12 2.00 1.88 1.80 1.76 1.73 1.73 1.75 1.78 1.80 1.81 1.81 1.80 1.78 1.74 1.70 1.65 1.62 1.60 1.59 1.58 1.58 1.58 1.59 1.59 1.60 1.61 1.61 1.62 1.63 1.64 1.65 1.65 1.66 1.66 1.67 1.67 1.68 1.68 1.69 1.69 1.69
1.70 1.70 1.70 1.69 1.69 1.68 1.68 1.67 1.67 1.66 1.66 1.65 1.64 1.63 1.62 1.61 1.60 1.59 1.58 1.56 1.55 1.54 1.52 1.51 1.50 1.50 1.50 1.52 1.56 1.64 1.79 1.89 1.97 2.03 2.08 2.12 2.16 2.18 2.21 2.21 2.19 2.18 2.10 1.96 1.83 1.74 1.69 1.66 1.68 1.72 1.75 1.78 1.80 1.80 1.80 1.78 1.75 1.71 1.67 1.64 1.62 1.61 1.61 1.60 1.60 1.61 1.61 1.61 1.62 1.63 1.63 1.64 1.65 1.65 1.66 1.66 1.67 1.67 1.68 1.68 1.69 1.69 1.69 1.70
1.70 1.70 1.70 1.69 1.69 1.69 1.68 1.68 1.67 1.67 1.66 1.66 1.65 1.64 1.63 1.62 1.62 1.61 1.60 1.58 1.57 1.56 1.56 1.55 1.54 1.54 1.55 1.57 1.61 1.67 1.75 1.88 1.96 2.03 2.08 2.13 2.16 2.19 2.21 2.21 2.20 2.17 2.08 1.94 1.82 1.72 1.65 1.61 1.65 1.69 1.72 1.76 1.78 1.79 1.79 1.78 1.75 1.72 1.69 1.66 1.65 1.63 1.63 1.62 1.62 1.62 1.63 1.63 1.63 1.64 1.64 1.65 1.65 1.66 1.66 1.67 1.67 1.68 1.68 1.68 1.69 1.69 1.69 1.70
1.71 1.70 1.70 1.70 1.69 1.69 1.69 1.68 1.68 1.67 1.67 1.66 1.66 1.65 1.64 1.64 1.63 1.62 1.61 1.60 1.60 1.59 1.58 1.58 1.58 1.58 1.59 1.61 1.65 1.69 1.76 1.84 1.95 2.02 2.08 2.13 2.17 2.20 2.21 2.22 2.21 2.16 2.06 1.94 1.83 1.73 1.66 1.63 1.65 1.68 1.71 1.74 1.77 1.78 1.78 1.77 1.75 1.73 1.70 1.68 1.66 1.65 1.65 1.64 1.64 1.64 1.64 1.64 1.64 1.65 1.65 1.66 1.66 1.67 1.67 1.67 1.68 1.68 1.69 1.69 1.69 1.69 1.70 1.70
1.71 1.71 1.70 1.70 1.70 1.69 1.69 1.69 1.68 1.68 1.67 1.67 1.66 1.66 1.65 1.65 1.64 1.63 1.63 1.62 1.62 1.61 1.61 1.61 1.61 1.62 1.63 1.65 1.68 1.71 1.76 1.83 1.91 2.01 2.07 2.13 2.17 2.20 2.22 2.23 2.22 2.15 2.05 1.95 1.84 1.75 1.68 1.66 1.67 1.69 1.71 1.73 1.75 1.76 1.77 1.76 1.75 1.73 1.71 1.69 1.68 1.67 1.66 1.66 1.65 1.65 1.65 1.65 1.65 1.66 1.66 1.67 1.67 1.67 1.68 1.68 1.68 1.69 1.69 1.69 1.69 1.70 1.70 1.70
1.71 1.71 1.70 1.70 1.70 1.70 1.69 1.69 1.69 1.68 1.68 1.67 1.67 1.67 1.66 1.66 1.65 1.65 1.64 1.64 1.63 1.63 1.63 1.63 1.64 1.64 1.66 1.68 1.70 1.73 1.78 1.83 1.90 1.98 2.06 2.12 2.17 2.20 2.21 2.20 2.19 2.13 2.04 1.95 1.86 1.77 1.72 1.70 1.70 1.71 1.72 1.73 1.74 1.75 1.76 1.75 1.75 1.73 1.72 1.70 1.69 1.68 1.67 1.67 1.67 1.66 1.66 1.66 1.66 1.67 1.67 1.67 1.68 1.68 1.68 1.68 1.69 1.69 1.69 1.70 1.70 1.70 1.70 1.71
