data/AilsaCraig_0_1_25m_vel_2m.asc
ncols	257
nrows	257
xllcorner	3364200.000000
yllcorner	3669375.000000
cellsize	25.000000
NODATA_value	-1.000000
[rows 152 to 189 of 257, columns 84 to 167 of 257]
2.71 2.71 2.71 2.71 2.71 2.71 2.71 2.71 2.71 2.71 2.71 2.71 2.71 2.70 2.70 2.70 2.70 2.69 2.69 2.68 2.67 2.65 2.63 2.61 2.57 2.53 2.47 2.41 2.33 2.24 2.14 2.03 1.91 1.81 1.73 1.58 1.39 1.33 1.36 1.48 1.58 1.63 1.66 1.67 1.63 1.59 1.58 1.58 1.58 1.60 1.63 1.67 1.74 1.81 1.90 2.01 2.13 2.24 2.33 2.40 2.45 2.50 2.53 2.56 2.59 2.61 2.62 2.64 2.66 2.67 2.67 2.68 2.68 2.68 2.69 2.69 2.69 2.69 2.70 2.70 2.70 2.70 2.70 2.70
2.71 2.71 2.71 2.71 2.71 2.71 2.71 2.71 2.71 2.70 2.70 2.70 2.70 2.70 2.70 2.69 2.69 2.68 2.68 2.67 2.66 2.64 2.62 2.59 2.56 2.52 2.46 2.40 2.33 2.24 2.14 2.04 1.92 1.79 1.66 1.39 1.09 1.07 1.09 1.19 1.37 1.49 1.57 1.60 1.59 1.61 1.64 1.68 1.71 1.75 1.79 1.85 1.91 2.00 2.07 2.14 2.21 2.28 2.35 2.41 2.46 2.50 2.53 2.56 2.59 2.61 2.63 2.64 2.65 2.66 2.67 2.67 2.68 2.68 2.69 2.69 2.69 2.69 2.69 2.70 2.70 2.70 2.70 2.70
2.71 2.71 2.71 2.71 2.71 2.70 2.70 2.70 2.70 2.70 2.70 2.70 2.70 2.69 2.69 2.69 2.68 2.68 2.67 2.66 2.65 2.63 2.61 2.58 2.55 2.51 2.46 2.41 2.34 2.26 2.16 2.06 1.95 1.81 1.65 1.41 1.19 1.00 0.86 0.94 1.14 1.33 1.48 1.58 1.61 1.66 1.73 1.80 1.86 1.91 1.98 2.06 2.12 2.16 2.19 2.23 2.28 2.33 2.39 2.43 2.47 2.51 2.54 2.57 2.60 2.61 2.63 2.64 2.65 2.66 2.67 2.67 2.68 2.68 2.68 2.69 2.69 2.69 2.69 2.70 2.70 2.70 2.70 2.70
2.71 2.71 2.71 2.70 2.70 2.70 2.70 2.70 2.70 2.70 2.70 2.70 2.69 2.69 2.69 2.68 2.68 2.67 2.66 2.65 2.64 2.62 2.60 2.58 2.55 2.51 2.47 2.41 2.35 2.28 2.20 2.10 2.00 1.88 1.74 1.59 1.43 1.24 1.08 1.03 1.11 1.31 1.50 1.66 1.76 1.81 1.88 1.95 2.02 2.09 2.14 2.18 2.21 2.23 2.26 2.29 2.34 2.39 2.43 2.46 2.49 2.53 2.56 2.58 2.60 2.62 2.63 2.64 2.65 2.66 2.66 2.67 2.67 2.68 2.68 2.68 2.69 2.69 2.69 2.69 2.70 2.70 2.70 2.70
2.70 2.70 2.70 2.70 2.70 2.70 2.70 2.70 2.70 2.70 2.70 2.69 2.69 2.69 2.68 2.68 2.67 2.66 2.66 2.65 2.63 2.62 2.60 2.57 2.55 2.52 2.48 2.43 2.38 2.31 2.25 2.16 2.07 1.97 1.86 1.75 1.63 1.53 1.45 1.37 1.37 1.47 1.63 1.79 1.92 2.00 2.05 2.10 2.15 2.19 2.21 2.23 2.25 2.27 2.31 2.35 2.39 2.42 2.45 2.48 2.52 2.54 2.57 2.59 2.60 2.62 2.63 2.64 2.65 2.65 2.66 2.67 2.67 2.68 2.68 2.68 2.69 2.69 2.69 2.69 2.70 2.70 2.70 2.70
2.70 2.70 2.70 2.70 2.70 2.70 2.70 2.70 2.70 2.70 2.69 2.69 2.69 2.69 2.68 2.68 2.67 2.66 2.65 2.64 2.63 2.61 2.60 2.58 2.55 2.52 2.49 2.45 2.40 2.35 2.29 2.22 2.15 2.06 1.97 1.89 1.81 1.73 1.68 1.66 1.67 1.71 1.80 1.91 2.01 2.09 2.14 2.18 2.21 2.23 2.25 2.27 2.30 2.33 2.36 2.40 2.43 2.46 2.48 2.51 2.53 2.56 2.58 2.60 2.61 2.62 2.63 2.64 2.65 2.65 2.66 2.67 2.67 2.68 2.68 2.68 2.69 2.69 2.69 2.69 2.70 2.70 2.70 2.70
2.70 2.70 2.70 2.70 2.70 2.70 2.70 2.70 2.70 2.70 2.69 2.69 2.69 2.68 2.68 2.67 2.67 2.66 2.65 2.64 2.63 2.61 2.60 2.58 2.56 2.53 2.50 2.46 2.42 2.38 2.33 2.27 2.22 2.16 2.08 2.02 1.96 1.91 1.87 1.85 1.86 1.89 1.95 2.01 2.07 2.13 2.18 2.21 2.23 2.26 2.29 2.32 2.34 2.38 2.41 2.44 2.47 2.49 2.51 2.53 2.55 2.57 2.58 2.59 2.61 2.62 2.63 2.64 2.65 2.65 2.66 2.67 2.67 2.68 2.68 2.68 2.69 2.69 2.69 2.69 2.70 2.70 2.70 2.70
2.70 2.70 2.70 2.70 2.70 2.70 2.70 2.70 2.70 2.69 2.69 2.69 2.69 2.68 2.68 2.67 2.67 2.66 2.65 2.64 2.63 2.61 2.60 2.58 2.56 2.54 2.51 2.48 2.45 2.41 2.37 2.32 2.27 2.23 2.18 2.13 2.08 2.05 2.02 2.01 2.01 2.03 2.06 2.10 2.14 2.19 2.22 2.26 2.28 2.31 2.34 2.37 2.40 2.43 2.45 2.47 2.49 2.51 2.53 2.55 2.56 2.57 2.58 2.60 2.61 2.62 2.63 2.64 2.65 2.65 2.66 2.67 2.67 2.68 2.68 2.68 2.69 2.69 2.69 2.69 2.70 2.70 2.70 2.70
2.70 2.70 2.70 2.70 2.70 2.70 2.70 2.70 2.70 2.69 2.69 2.69 2.68 2.68 2.68 2.67 2.66 2.66 2.65 2.64 2.63 2.62 2.60 2.59 2.57 2.55 2.52 2.50 2.47 2.44 2.41 2.37 2.33 2.29 2.26 2.22 2.18 2.16 2.14 2.13 2.13 2.14 2.16 2.19 2.22 2.25 2.28 2.31 2.34 2.36 2.39 2.42 2.44 2.46 2.48 2.49 2.51 2.52 2.54 2.55 2.56 2.58 2.59 2.61 2.62 2.63 2.63 2.64 2.65 2.65 2.66 2.67 2.67 2.68 2.68 2.68 2.69 2.69 2.69 2.69 2.70 2.70 2.70 2.70
2.70 2.70 2.70 2.70 2.70 2.70 2.70 2.70 2.70 2.69 2.69 2.69 2.68 2.68 2.68 2.67 2.67 2.66 2.65 2.64 2.63 2.62 2.61 2.59 2.58 2.56 2.54 2.52 2.49 2.47 2.44 2.41 2.38 2.35 2.31 2.29 2.27 2.25 2.23 2.23 2.23 2.23 2.25 2.27 2.29 2.31 2.33 2.36 2.38 2.40 2.43 2.45 2.46 2.48 2.49 2.51 2.52 2.53 2.55 2.56 2.58 2.59 2.60 2.61 2.62 2.63 2.64 2.64 2.65 2.66 2.66 2.67 2.67 2.68 2.68 2.68 2.69 2.69 2.69 2.69 2.70 2.70 2.70 2.70
2.70 2.70 2.70 2.70 2.70 2.70 2.70 2.70 2.70 2.69 2.69 2.69 2.68 2.68 2.68 2.67 2.67 2.66 2.65 2.64 2.63 2.62 2.61 2.60 2.58 2.57 2.55 2.53 2.51 2.49 2.47 2.44 2.42 2.40 2.37 2.35 2.33 2.32 2.31 2.30 2.30 2.31 2.31 2.33 2.35 2.36 2.38 2.40 2.42 2.44 2.45 2.47 2.49 2.50 2.51 2.52 2.53 2.55 2.56 2.57 2.58 2.59 2.60 2.61 2.62 2.63 2.64 2.65 2.65 2.66 2.67 2.67 2.67 2.68 2.68 2.69 2.69 2.69 2.69 2.69 2.70 2.70 2.70 2.70
2.70 2.70 2.70 2.70 2.70 2.70 2.70 2.70 2.70 2.69 2.69 2.69 2.68 2.68 2.68 2.67 2.67 2.66 2.65 2.65 2.64 2.63 2.62 2.61 2.59 2.58 2.56 2.55 2.53 2.51 2.49 2.48 2.45 2.43 2.42 2.40 2.38 2.38 2.37 2.36 2.36 2.37 2.37 2.38 2.39 2.41 2.42 2.43 2.45 2.46 2.48 2.49 2.50 2.52 2.53 2.54 2.55 2.56 2.57 2.58 2.59 2.60 2.61 2.62 2.63 2.64 2.64 2.65 2.66 2.66 2.67 2.67 2.68 2.68 2.68 2.69 2.69 2.69 2.69 2.70 2.70 2.70 2.70 2.70
2.70 2.70 2.70 2.70 2.70 2.70 2.70 2.70 2.70 2.69 2.69 2.69 2.69 2.68 2.68 2.67 2.67 2.66 2.66 2.65 2.64 2.63 2.62 2.61 2.60 2.59 2.58 2.56 2.55 2.53 2.51 2.50 2.49 2.47 2.45 2.44 2.43 2.42 2.42 2.41 2.41 2.41 2.42 2.42 2.43 2.44 2.45 2.46 2.48 2.49 2.50 2.51 2.52 2.53 2.54 2.55 2.56 2.57 2.58 2.59 2.60 2.61 2.62 2.63 2.63 2.64 2.65 2.65 2.66 2.66 2.67 2.67 2.68 2.68 2.68 2.69 2.69 2.69 2.69 2.70 2.70 2.70 2.70 2.70
2.70 2.70 2.70 2.70 2.70 2.70 2.70 2.70 2.70 2.69 2.69 2.69 2.69 2.68 2.68 2.67 2.67 2.66 2.66 2.65 2.64 2.64 2.63 2.62 2.61 2.60 2.58 2.57 2.56 2.55 2.54 2.52 2.51 2.50 2.48 2.47 2.47 2.46 2.45 2.45 2.45 2.45 2.45 2.46 2.47 2.47 2.48 2.49 2.50 2.51 2.52 2.53 2.54 2.54 2.55 2.56 2.57 2.58 2.59 2.60 2.61 2.62 2.62 2.63 2.64 2.65 2.65 2.66 2.66 2.67 2.67 2.68 2.68 2.68 2.69 2.69 2.69 2.69 2.69 2.70 2.70 2.70 2.70 2.70
2.70 2.70 2.70 2.70 2.70 2.70 2.70 2.70 2.70 2.69 2.69 2.69 2.69 2.68 2.68 2.68 2.67 2.67 2.66 2.66 2.65 2.64 2.63 2.62 2.62 2.61 2.59 2.58 2.58 2.56 2.55 2.54 2.53 2.52 2.51 2.50 2.50 2.49 2.49 2.48 2.48 2.48 2.49 2.49 2.49 2.50 2.51 2.51 2.52 2.53 2.54 2.54 2.55 2.56 2.57 2.58 2.58 2.59 2.60 2.61 2.62 2.62 2.63 2.64 2.65 2.65 2.66 2.66 2.67 2.67 2.67 2.68 2.68 2.68 2.69 2.69 2.69 2.69 2.70 2.70 2.70 2.70 2.70 2.70
2.70 2.70 2.70 2.70 2.70 2.70 2.70 2.70 2.70 2.69 2.69 2.69 2.69 2.68 2.68 2.68 2.67 2.67 2.67 2.66 2.65 2.65 2.64 2.63 2.62 2.61 2.61 2.60 2.59 2.58 2.57 2.56 2.55 2.54 2.53 2.53 2.52 2.52 2.51 2.51 2.51 2.51 2.51 2.51 2.52 2.52 2.53 2.53 2.54 2.55 2.55 2.56 2.57 2.57 2.58 2.59 2.59 2.60 2.61 2.62 2.62 2.63 2.64 2.64 2.65 2.66 2.66 2.67 2.67 2.67 2.68 2.68 2.68 2.69 2.69 2.69 2.69 2.69 2.70 2.70 2.70 2.70 2.70 2.70
2.70 2.70 2.70 2.70 2.70 2.70 2.70 2.70 2.70 2.69 2.69 2.69 2.69 2.69 2.68 2.68 2.68 2.67 2.67 2.66 2.66 2.65 2.64 2.64 2.63 2.62 2.61 2.61 2.60 2.59 2.58 2.57 2.57 2.56 2.55 2.55 2.54 2.54 2.54 2.53 2.53 2.53 2.53 2.54 2.54 2.54 2.55 2.55 2.56 2.56 2.57 2.57 2.58 2.59 2.59 2.60 2.61 2.61 2.62 2.63 2.63 2.64 2.64 2.65 2.66 2.66 2.66 2.67 2.67 2.68 2.68 2.68 2.69 2.69 2.69 2.69 2.69 2.70 2.70 2.70 2.70 2.70 2.70 2.70
2.70 2.70 2.70 2.70 2.70 2.70 2.70 2.70 2.70 2.70 2.69 2.69 2.69 2.69 2.68 2.68 2.68 2.68 2.67 2.67 2.66 2.65 2.65 2.64 2.64 2.63 2.62 2.62 2.61 2.60 2.60 2.59 2.58 2.58 2.57 2.57 2.56 2.56 2.56 2.55 2.55 2.55 2.55 2.56 2.56 2.56 2.56 2.57 2.57 2.58 2.58 2.59 2.59 2.60 2.60 2.61 2.62 2.62 2.63 2.63 2.64 2.65 2.65 2.66 2.66 2.66 2.67 2.67 2.68 2.68 2.68 2.69 2.69 2.69 2.69 2.69 2.69 2.70 2.70 2.70 2.70 2.70 2.70 2.70
2.70 2.70 2.70 2.70 2.70 2.70 2.70 2.70 2.70 2.70 2.69 2.69 2.69 2.69 2.69 2.68 2.68 2.68 2.67 2.67 2.66 2.66 2.65 2.65 2.64 2.64 2.63 2.63 2.62 2.62 2.61 2.60 2.60 2.59 2.59 2.58 2.58 2.58 2.57 2.57 2.57 2.57 2.57 2.57 2.57 2.58 2.58 2.58 2.59 2.59 2.60 2.60 2.61 2.61 2.62 2.62 2.63 2.63 2.64 2.64 2.65 2.65 2.66 2.66 2.67 2.67 2.67 2.68 2.68 2.68 2.68 2.69 2.69 2.69 2.69 2.69 2.70 2.70 2.70 2.70 2.70 2.70 2.70 2.70
2.70 2.70 2.70 2.70 2.70 2.70 2.70 2.70 2.70 2.70 2.70 2.69 2.69 2.69 2.69 2.69 2.68 2.68 2.68 2.67 2.67 2.66 2.66 2.65 2.65 2.65 2.64 2.64 2.63 2.62 2.62 2.61 2.61 2.60 2.60 2.60 2.59 2.59 2.59 2.59 2.59 2.59 2.59 2.59 2.59 2.59 2.59 2.60 2.60 2.61 2.61 2.61 2.62 2.62 2.63 2.63 2.64 2.64 2.64 2.65 2.65 2.66 2.66 2.67 2.67 2.67 2.68 2.68 2.68 2.68 2.69 2.69 2.69 2.69 2.69 2.70 2.70 2.70 2.70 2.70 2.70 2.70 2.70 2.70
2.70 2.70 2.70 2.70 2.70 2.70 2.70 2.70 2.70 2.70 2.70 2.69 2.69 2.69 2.69 2.69 2.68 2.68 2.68 2.68 2.67 2.67 2.66 2.66 2.66 2.65 2.65 2.64 2.64 2.63 2.63 2.62 2.62 2.62 2.61 2.61 2.61 2.61 2.60 2.60 2.60 2.60 2.60 2.60 2.60 2.61 2.61 2.61 2.61 2.62 2.62 2.62 2.63 2.63 2.64 2.64 2.64 2.65 2.65 2.66 2.66 2.66 2.67 2.67 2.67 2.68 2.68 2.68 2.68 2.69 2.69 2.69 2.69 2.69 2.70 2.70 2.70 2.70 2.70 2.70 2.70 2.70 2.70 2.70
2.70 2.70 2.70 2.70 2.70 2.70 2.70 2.70 2.70 2.70 2.70 2.70 2.69 2.69 2.69 2.69 2.69 2.68 2.68 2.68 2.67 2.67 2.67 2.67 2.66 2.66 2.65 2.65 2.64 2.64 2.64 2.64 2.63 2.63 2.63 2.62 2.62 2.62 2.62 2.62 2.61 2.61 2.62 2.62 2.62 2.62 2.62 2.62 2.62 2.63 2.63 2.63 2.64 2.64 2.64 2.65 2.65 2.65 2.66 2.66 2.67 2.67 2.67 2.67 2.68 2.68 2.68 2.68 2.69 2.69 2.69 2.69 2.69 2.69 2.70 2.70 2.70 2.70 2.70 2.70 2.70 2.70 2.70 2.70
2.70 2.70 2.70 2.70 2.70 2.70 2.70 2.70 2.70 2.70 2.70 2.70 2.70 2.69 2.69 2.69 2.69 2.69 2.68 2.68 2.68 2.68 2.67 2.67 2.67 2.66 2.66 2.66 2.65 2.65 2.65 2.64 2.64 2.64 2.64 2.63 2.63 2.63 2.63 2.63 2.63 2.63 2.63 2.63 2.63 2.63 2.63 2.63 2.64 2.64 2.64 2.64 2.65 2.65 2.65 2.65 2.66 2.66 2.66 2.67 2.67 2.67 2.68 2.68 2.68 2.68 2.69 2.69 2.69 2.69 2.69 2.69 2.69 2.70 2.70 2.70 2.70 2.70 2.70 2.70 2.70 2.70 2.70 2.70
2.70 2.70 2.70 2.70 2.70 2.70 2.70 2.70 2.70 2.70 2.70 2.70 2.70 2.69 2.69 2.69 2.69 2.69 2.69 2.68 2.68 2.68 2.68 2.67 2.67 2.67 2.67 2.66 2.66 2.66 2.65 2.65 2.65 2.65 2.64 2.64 2.64 2.64 2.64 2.64 2.64 2.64 2.64 2.64 2.64 2.64 2.64 2.64 2.64 2.65 2.65 2.65 2.65 2.66 2.66 2.66 2.66 2.67 2.67 2.67 2.67 2.68 2.68 2.68 2.68 2.69 2.69 2.69 2.69 2.69 2.69 2.69 2.70 2.70 2.70 2.70 2.70 2.70 2.70 2.70 2.70 2.70 2.70 2.70
2.70 2.70 2.70 2.70 2.70 2.70 2.70 2.70 2.70 2.70 2.70 2.70 2.70 2.70 2.69 2.69 2.69 2.69 2.69 2.69 2.68 2.68 2.68 2.68 2.68 2.67 2.67 2.67 2.67 2.66 2.66 2.66 2.66 2.65 2.65 2.65 2.65 2.65 2.65 2.65 2.65 2.65 2.65 2.65 2.65 2.65 2.65 2.65 2.65 2.65 2.66 2.66 2.66 2.66 2.66 2.67 2.67 2.67 2.67 2.68 2.68 2.68 2.68 2.68 2.69 2.69 2.69 2.69 2.69 2.69 2.70 2.70 2.70 2.70 2.70 2.70 2.70 2.70 2.70 2.70 2.70 2.70 2.70 2.70
2.70 2.70 2.70 2.70 2.70 2.70 2.70 2.70 2.70 2.70 2.70 2.70 2.70 2.70 2.70 2.69 2.69 2.69 2.69 2.69 2.69 2.69 2.68 2.68 2.68 2.68 2.67 2.67 2.67 2.67 2.67 2.66 2.66 2.66 2.66 2.66 2.66 2.66 2.65 2.65 2.65 2.65 2.65 2.65 2.65 2.66 2.66 2.66 2.66 2.66 2.66 2.66 2.67 2.67 2.67 2.67 2.67 2.68 2.68 2.68 2.68 2.68 2.69 2.69 2.69 2.69 2.69 2.69 2.69 2.70 2.70 2.70 2.70 2.70 2.70 2.70 2.70 2.70 2.70 2.70 2.70 2.70 2.70 2.70
2.70 2.70 2.70 2.70 2.70 2.70 2.70 2.70 2.70 2.70 2.70 2.70 2.70 2.70 2.70 2.70 2.69 2.69 2.69 2.69 2.69 2.69 2.69 2.68 2.68 2.68 2.68 2.68 2.67 2.67 2.67 2.67 2.67 2.67 2.67 2.66 2.66 2.66 2.66 2.66 2.66 2.66 2.66 2.66 2.66 2.66 2.66 2.66 2.67 2.67 2.67 2.67 2.67 2.67 2.67 2.68 2.68 2.68 2.68 2.68 2.69 2.69 2.69 2.69 2.69 2.69 2.69 2.69 2.70 2.70 2.70 2.70 2.70 2.70 2.70 2.70 2.70 2.70 2.70 2.70 2.70 2.70 2.70 2.70
2.70 2.70 2.70 2.70 2.70 2.70 2.70 2.70 2.70 2.70 2.70 2.70 2.70 2.70 2.70 2.70 2.70 2.69 2.69 2.69 2.69 2.69 2.69 2.69 2.69 2.68 2.68 2.68 2.68 2.68 2.68 2.67 2.67 2.67 2.67 2.67 2.67 2.67 2.67 2.67 2.67 2.67 2.67 2.67 2.67 2.67 2.67 2.67 2.67 2.67 2.67 2.68 2.68 2.68 2.68 2.68 2.68 2.68 2.68 2.69 2.69 2.69 2.69 2.69 2.69 2.69 2.70 2.70 2.70 2.70 2.70 2.70 2.70 2.70 2.70 2.70 2.70 2.70 2.70 2.70 2.70 2.70 2.70 2.70
2.70 2.70 2.70 2.70 2.70 2.70 2.70 2.70 2.70 2.70 2.70 2.70 2.70 2.70 2.70 2.70 2.70 2.70 2.70 2.69 2.69 2.69 2.69 2.69 2.69 2.69 2.69 2.68 2.68 2.68 2.68 2.68 2.68 2.68 2.68 2.67 2.67 2.67 2.67 2.67 2.67 2.67 2.67 2.67 2.67 2.67 2.67 2.68 2.68 2.68 2.68 2.68 2.68 2.68 2.68 2.68 2.69 2.69 2.69 2.69 2.69 2.69 2.69 2.69 2.69 2.70 2.70 2.70 2.70 2.70 2.70 2.70 2.70 2.70 2.70 2.70 2.70 2.70 2.70 2.70 2.70 2.70 2.70 2.70
2.70 2.70 2.70 2.70 2.70 2.70 2.70 2.70 2.70 2.70 2.70 2.70 2.70 2.70 2.70 2.70 2.70 2.70 2.70 2.70 2.69 2.69 2.69 2.69 2.69 2.69 2.69 2.69 2.69 2.68 2.68 2.68 2.68 2.68 2.68 2.68 2.68 2.68 2.68 2.68 2.68 2.68 2.68 2.68 2.68 2.68 2.68 2.68 2.68 2.68 2.68 2.68 2.68 2.68 2.69 2.69 2.69 2.69 2.69 2.69 2.69 2.69 2.69 2.70 2.70 2.70 2.70 2.70 2.70 2.70 2.70 2.70 2.70 2.70 2.70 2.70 2.70 2.70 2.70 2.70 2.70 2.70 2.70 2.70
2.70 2.70 2.70 2.70 2.70 2.70 2.70 2.70 2.70 2.70 2.70 2.70 2.70 2.70 2.70 2.70 2.70 2.70 2.70 2.70 2.70 2.70 2.69 2.69 2.69 2.69 2.69 2.69 2.69 2.69 2.69 2.69 2.68 2.68 2.68 2.68 2.68 2.68 2.68 2.68 2.68 2.68 2.68 2.68 2.68 2.68 2.68 2.68 2.68 2.68 2.69 2.69 2.69 2.69 2.69 2.69 2.69 2.69 2.69 2.69 2.69 2.69 2.70 2.70 2.70 2.70 2.70 2.70 2.70 2.70 2.70 2.70 2.70 2.70 2.70 2.70 2.70 2.70 2.70 2.70 2.70 2.70 2.70 2.70
2.70 2.70 2.70 2.70 2.70 2.70 2.70 2.70 2.70 2.70 2.70 2.70 2.70 2.70 2.70 2.70 2.70 2.70 2.70 2.70 2.70 2.70 2.70 2.70 2.69 2.69 2.69 2.69 2.69 2.69 2.69 2.69 2.69 2.69 2.69 2.69 2.69 2.69 2.69 2.69 2.69 2.68 2.69 2.69 2.69 2.69 2.69 2.69 2.69 2.69 2.69 2.69 2.69 2.69 2.69 2.69 2.69 2.69 2.69 2.69 2.70 2.70 2.70 2.70 2.70 2.70 2.70 2.70 2.70 2.70 2.70 2.70 2.70 2.70 2.70 2.70 2.70 2.70 2.70 2.70 2.70 2.70 2.70 2.70
2.71 2.70 2.70 2.70 2.70 2.70 2.70 2.70 2.70 2.70 2.70 2.70 2.70 2.70 2.70 2.70 2.70 2.70 2.70 2.70 2.70 2.70 2.70 2.70 2.70 2.70 2.69 2.69 2.69 2.69 2.69 2.69 2.69 2.69 2.69 2.69 2.69 2.69 2.69 2.69 2.69 2.69 2.69 2.69 2.69 2.69 2.69 2.69 2.69 2.69 2.69 2.69 2.69 2.69 2.69 2.69 2.69 2.70 2.70 2.70 2.70 2.70 2.70 2.70 2.70 2.70 2.70 2.70 2.70 2.70 2.70 2.70 2.70 2.70 2.70 2.70 2.70 2.70 2.70 2.70 2.70 2.70 2.70 2.71
2.71 2.70 2.70 2.70 2.70 2.70 2.70 2.70 2.70 2.70 2.70 2.70 2.70 2.70 2.70 2.70 2.70 2.70 2.70 2.70 2.70 2.70 2.70 2.70 2.70 2.70 2.70 2.70 2.69 2.69 2.69 2.69 2.69 2.69 2.69 2.69 2.69 2.69 2.69 2.69 2.69 2.69 2.69 2.69 2.69 2.69 2.69 2.69 2.69 2.69 2.69 2.69 2.69 2.69 2.69 2.70 2.70 2.70 2.70 2.70 2.70 2.70 2.70 2.70 2.70 2.70 2.70 2.70 2.70 2.70 2.70 2.70 2.70 2.70 2.70 2.70 2.70 2.70 2.70 2.70 2.70 2.70 2.70 2.71
2.71 2.71 2.70 2.70 2.70 2.70 2.70 2.70 2.70 2.70 2.70 2.70 2.70 2.70 2.70 2.70 2.70 2.70 2.70 2.70 2.70 2.70 2.70 2.70 2.70 2.70 2.70 2.70 2.70 2.70 2.70 2.69 2.69 2.69 2.69 2.69 2.69 2.69 2.69 2.69 2.69 2.69 2.69 2.69 2.69 2.69 2.69 2.69 2.69 2.69 2.69 2.70 2.70 2.70 2.70 2.70 2.70 2.70 2.70 2.70 2.70 2.70 2.70 2.70 2.70 2.70 2.70 2.70 2.70 2.70 2.70 2.70 2.70 2.70 2.70 2.70 2.70 2.70 2.70 2.70 2.70 2.70 2.71 2.71
2.71 2.71 2.71 2.70 2.70 2.70 2.70 2.70 2.70 2.70 2.70 2.70 2.70 2.70 2.70 2.70 2.70 2.70 2.70 2.70 2.70 2.70 2.70 2.70 2.70 2.70 2.70 2.70 2.70 2.70 2.70 2.70 2.70 2.70 2.70 2.70 2.70 2.70 2.69 2.69 2.69 2.69 2.69 2.70 2.70 2.70 2.70 2.70 2.70 2.70 2.70 2.70 2.70 2.70 2.70 2.70 2.70 2.70 2.70 2.70 2.70 2.70 2.70 2.70 2.70 2.70 2.70 2.70 2.70 2.70 2.70 2.70 2.70 2.70 2.70 2.70 2.70 2.70 2.70 2.70 2.71 2.71 2.71 2.71
2.71 2.71 2.71 2.71 2.70 2.70 2.70 2.70 2.70 2.70 2.70 2.70 2.70 2.70 2.70 2.70 2.70 2.70 2.70 2.70 2.70 2.70 2.70 2.70 2.70 2.70 2.70 2.70 2.70 2.70 2.70 2.70 2.70 2.70 2.70 2.70 2.70 2.70 2.70 2.70 2.70 2.70 2.70 2.70 2.70 2.70 2.70 2.70 2.70 2.70 2.70 2.70 2.70 2.70 2.70 2.70 2.70 2.70 2.70 2.70 2.70 2.70 2.70 2.70 2.70 2.70 2.70 2.70 2.70 2.70 2.70 2.70 2.70 2.70 2.70 2.70 2.70 2.70 2.70 2.71 2.71 2.71 2.71 2.71
2.71 2.71 2.71 2.71 2.71 2.70 2.70 2.70 2.70 2.70 2.70 2.70 2.70 2.70 2.70 2.70 2.70 2.70 2.70 2.70 2.70 2.70 2.70 2.70 2.70 2.70 2.70 2.70 2.70 2.70 2.70 2.70 2.70 2.70 2.70 2.70 2.70 2.70 2.70 2.70 2.70 2.70 2.70 2.70 2.70 2.70 2.70 2.70 2.70 2.70 2.70 2.70 2.70 2.70 2.70 2.70 2.70 2.70 2.70 2.70 2.70 2.70 2.70 2.70 2.70 2.70 2.70 2.70 2.70 2.70 2.70 2.70 2.70 2.70 2.70 2.70 2.70 2.70 2.70 2.71 2.71 2.71 2.71 2.71
