data/AilsaCraig_90_1_25m_ang.asc
ncols	257
nrows	257
xllcorner	3364200.000000
yllcorner	3669375.000000
cellsize	25.000000
NODATA_value	-1.000000
[rows 110 to 164 of 257, columns 96 to 191 of 257]
88 88 88 88 87 87 87 86 86 86 85 85 83 82 81 80 78 76 75 72 70 66 63 59 54 47 44 45 49 64 83 100 105 105 111 120 132 138 125 119 119 117 115 112 110 108 106 104 102 101 99 98 97 96 96 95 94 94 93 93 93 92 92 92 92 91 91 91 91 91 91 91 90 90 90 90 90 90 90 90 90 90 90 90 90 90 90 90 90 90 90 90 90 90 90 90
88 88 88 88 87 87 87 86 86 86 85 84 82 81 80 79 77 75 72 70 67 63 59 54 49 42 37 41 50 66 88 106 108 103 112 124 136 133 118 112 116 121 120 116 114 111 108 106 104 102 100 99 98 97 96 95 95 94 94 93 93 92 92 92 92 91 91 91 91 91 91 91 90 90 90 90 90 90 90 90 90 90 90 90 90 90 90 90 90 90 90 90 90 90 90 90
88 88 88 87 87 87 86 86 86 86 85 83 81 81 79 77 76 73 70 67 63 59 55 52 46 39 38 43 52 69 92 109 109 103 111 124 130 122 115 108 110 120 123 123 119 114 111 108 106 104 102 100 98 97 96 96 95 94 94 93 93 93 92 92 92 91 91 91 91 91 91 91 90 90 90 90 90 90 90 90 90 90 90 90 90 90 90 90 90 90 90 90 90 90 90 90
88 88 88 87 87 87 86 86 86 85 84 82 81 80 78 76 74 71 68 64 59 54 51 52 47 41 39 46 56 78 93 106 103 101 108 115 109 107 111 107 104 109 121 128 125 119 115 111 108 105 103 101 99 98 97 96 95 94 94 93 93 93 92 92 92 91 91 91 91 91 91 91 90 90 90 90 90 90 90 90 90 90 90 90 90 90 90 90 90 90 90 90 90 90 90 90
88 88 88 87 87 87 86 86 86 85 83 81 81 79 77 75 72 69 65 60 54 49 49 52 53 45 44 53 65 86 94 97 94 96 100 98 97 100 105 106 103 105 115 129 133 128 120 115 111 107 104 102 100 98 97 96 95 95 94 93 93 93 92 92 92 92 91 91 91 91 91 91 91 90 90 90 90 90 90 90 90 90 90 90 90 90 90 90 90 90 90 90 90 90 90 90
88 88 88 87 87 87 86 86 85 84 82 81 81 79 76 74 71 67 62 56 49 46 49 55 58 52 54 63 73 88 92 89 87 91 90 90 97 100 103 107 108 108 112 124 144 139 125 119 114 110 106 103 101 99 98 96 95 95 94 94 93 93 92 92 92 92 91 91 91 91 91 91 91 90 90 90 90 90 90 90 90 90 90 90 90 90 90 90 90 90 90 90 90 90 90 90
88 88 88 87 87 87 86 86 85 83 82 81 80 78 75 72 69 64 57 50 46 47 52 58 60 57 63 71 79 86 88 82 83 89 88 85 95 103 105 107 109 111 112 119 147 146 132 124 117 112 108 104 102 100 98 97 96 95 94 94 93 93 92 92 92 92 91 91 91 91 91 91 91 90 90 90 90 90 90 90 90 90 90 90 90 90 90 90 90 90 90 90 90 90 90 90
88 88 87 87 87 87 86 86 84 83 82 81 79 77 74 71 66 60 52 44 45 51 57 61 61 63 71 77 82 83 82 79 83 89 90 85 92 104 107 108 107 110 111 113 131 148 141 129 120 114 110 106 102 100 98 97 96 95 94 94 93 93 92 92 92 92 91 91 91 91 91 91 91 90 90 90 90 90 90 90 90 90 90 90 90 90 90 90 90 90 90 90 90 90 90 90
88 88 87 87 87 87 86 85 84 83 82 81 79 76 73 69 64 55 47 42 47 55 63 66 66 70 76 81 82 80 78 79 85 89 90 90 96 99 103 108 108 108 112 112 120 149 147 135 125 116 112 107 103 101 99 97 96 95 94 94 93 93 92 92 92 92 91 91 91 91 91 91 90 90 90 90 90 90 90 90 90 90 90 90 90 90 90 90 90 90 90 90 90 90 90 90
88 88 87 87 87 86 86 85 84 83 82 80 78 75 72 67 61 50 41 42 48 57 65 68 71 76 79 81 81 79 78 82 86 88 90 94 98 96 97 107 110 109 113 112 116 139 151 143 129 119 113 108 104 101 99 97 96 95 94 94 93 93 92 92 92 91 91 91 91 91 91 91 90 90 90 90 90 90 90 90 90 90 90 90 90 90 90 90 90 90 90 90 90 90 90 90
88 88 87 87 87 86 86 85 84 83 82 79 77 75 71 65 57 45 38 42 47 56 63 68 74 78 79 79 79 80 81 84 86 87 91 95 97 97 98 102 107 109 113 113 115 128 150 147 134 123 114 110 105 102 99 97 96 95 94 93 93 93 92 92 92 91 91 91 91 91 91 91 90 90 90 90 90 90 90 90 90 90 90 90 90 90 90 90 90 90 90 90 90 90 90 90
88 88 88 87 87 86 86 85 84 83 81 79 77 74 70 64 54 42 38 43 49 56 61 65 73 77 76 77 79 82 84 86 86 87 90 94 97 98 99 99 103 110 114 117 117 122 140 146 140 128 116 110 106 102 99 97 96 95 94 93 93 92 92 92 92 91 91 91 91 91 91 91 90 90 90 90 90 90 90 90 90 90 90 90 90 90 90 90 90 90 90 90 90 90 90 90
88 88 88 87 87 87 86 85 84 82 81 79 77 73 69 61 51 42 40 43 52 59 60 63 71 75 76 77 81 84 86 88 87 88 90 93 96 96 97 101 105 110 114 117 118 118 129 147 147 133 118 110 106 103 99 97 96 95 94 93 93 92 92 92 91 91 91 91 91 91 91 90 90 90 90 90 90 90 90 90 90 90 90 90 90 90 90 90 90 90 90 90 90 90 90 90
88 88 88 87 87 87 86 84 83 82 81 79 76 72 67 59 50 44 42 44 56 63 64 65 70 74 76 80 83 85 87 89 89 89 90 92 94 95 98 102 107 110 112 114 116 114 117 138 148 136 121 111 106 103 99 97 96 94 94 93 92 92 92 92 91 91 91 91 91 91 91 90 90 90 90 90 90 90 90 90 90 90 90 90 90 90 90 90 90 90 90 90 90 90 90 90
88 88 88 87 87 87 86 84 83 82 80 78 75 71 66 57 50 47 44 47 58 65 69 70 72 75 77 82 86 87 88 90 91 91 91 92 92 94 98 102 106 108 110 111 113 114 112 118 140 139 124 112 105 102 99 97 95 94 93 93 92 92 92 91 91 91 91 91 91 91 90 90 90 90 90 90 90 90 90 90 90 90 90 90 90 90 90 90 90 90 90 90 90 90 90 90
88 88 88 88 87 87 86 84 84 82 80 78 75 70 63 55 51 50 49 53 60 66 72 74 76 77 78 83 87 89 91 92 92 92 93 93 91 93 96 101 103 104 105 108 109 111 110 113 127 141 128 112 105 101 99 97 95 94 93 92 92 92 91 91 91 91 91 91 91 91 90 90 90 90 90 90 90 90 90 90 90 90 90 90 90 90 90 90 90 90 90 90 90 90 90 90
88 88 88 88 87 87 86 84 84 82 80 77 74 69 61 52 50 52 54 61 66 69 73 77 80 81 82 85 88 91 92 93 93 93 94 94 91 90 92 96 98 99 101 104 106 108 109 107 113 135 128 113 104 100 98 96 94 93 93 92 92 91 91 91 91 91 91 91 90 90 90 90 90 90 90 90 90 90 90 90 90 90 90 90 90 90 90 90 90 90 90 90 90 90 90 90
89 88 88 88 88 87 86 85 84 82 80 77 73 68 58 50 50 54 59 68 73 75 76 80 82 83 86 89 91 93 94 94 94 95 96 94 91 89 88 89 90 92 96 100 102 103 105 103 102 116 126 114 103 98 96 95 94 93 92 92 91 91 91 91 91 91 91 90 90 90 90 90 90 90 90 90 90 90 90 90 90 90 90 90 90 90 90 90 90 90 90 90 90 90 90 90
89 88 88 88 88 87 86 85 84 82 80 77 73 65 55 48 51 54 62 74 79 80 80 84 85 86 89 92 93 94 94 94 95 96 96 93 92 90 86 83 83 87 91 95 98 101 101 100 98 102 116 112 103 98 95 95 94 92 92 91 91 91 91 91 91 90 90 90 90 90 90 90 90 90 90 90 90 90 90 90 90 90 90 90 90 90 90 90 90 90 90 90 90 90 90 90
89 89 89 88 88 87 86 85 84 82 80 77 72 63 51 47 51 55 66 77 82 84 86 87 89 91 93 94 95 95 94 94 94 95 94 93 92 90 84 81 82 85 88 90 93 98 98 95 93 94 101 108 101 96 94 93 93 91 91 91 91 91 90 90 90 90 90 90 90 90 90 90 90 90 90 90 90 90 90 90 90 90 90 90 90 90 90 90 90 90 90 90 90 90 90 90
89 89 89 89 88 87 86 86 84 82 80 76 71 60 48 48 52 58 70 79 84 88 90 91 94 97 96 96 96 95 94 93 92 92 91 92 91 88 84 83 84 86 86 86 89 92 91 89 88 89 92 99 98 94 92 91 91 91 91 91 90 90 90 90 90 90 90 90 90 90 90 90 90 90 90 90 90 90 90 90 90 90 90 90 90 90 90 90 90 90 90 90 90 90 90 90
89 89 89 89 88 87 87 86 85 83 80 76 70 57 45 49 55 62 73 81 87 91 94 96 99 100 100 98 96 94 93 92 90 88 89 90 89 86 86 87 87 86 84 83 84 84 83 84 84 83 84 89 93 92 91 90 91 91 90 90 90 90 90 90 90 90 90 90 90 90 90 90 90 90 90 90 90 90 90 90 90 90 90 90 90 90 90 90 90 90 90 90 90 90 90 90
89 89 89 89 89 88 87 86 85 83 81 77 69 54 42 51 58 66 76 83 89 93 96 100 103 104 103 100 97 94 92 91 89 87 87 88 87 88 90 90 88 84 82 81 80 78 78 79 79 79 79 81 86 90 89 89 89 90 89 89 90 90 90 90 90 90 90 90 90 90 90 90 90 90 90 90 90 90 90 90 90 90 90 90 90 90 90 90 90 90 90 90 90 90 90 90
90 90 90 89 89 88 88 87 86 84 81 77 68 53 44 55 62 70 78 85 90 95 98 103 106 106 104 102 98 95 93 91 90 88 85 85 87 91 93 90 84 80 79 78 76 75 77 77 75 74 74 76 81 86 88 88 88 89 89 89 89 89 89 89 90 90 90 90 90 90 90 90 90 90 90 90 90 90 90 90 90 90 90 90 90 90 90 90 90 90 90 90 90 90 90 90
90 90 90 89 89 89 88 88 86 85 82 77 66 50 48 58 67 74 80 86 92 96 100 104 107 107 105 103 100 97 94 93 92 89 85 85 89 92 92 86 81 77 75 73 71 70 72 73 71 70 70 73 78 83 87 88 88 88 89 89 89 89 89 89 89 89 90 90 90 90 90 90 90 90 90 90 90 90 90 90 90 90 90 90 90 90 90 90 90 90 90 90 90 90 90 90
90 90 90 90 89 89 89 88 87 86 84 79 65 50 54 64 73 78 83 88 93 98 101 105 107 107 105 103 101 98 97 96 94 90 87 88 90 90 87 83 79 76 74 72 69 66 65 64 63 65 67 71 76 81 84 87 87 87 88 88 88 89 89 89 89 89 89 89 90 90 90 90 90 90 90 90 90 90 90 90 90 90 90 90 90 90 90 90 90 90 90 90 90 90 90 90
90 90 90 90 90 90 90 90 89 88 86 82 69 52 62 74 81 84 87 91 95 99 103 105 106 106 104 103 101 100 99 97 95 91 90 91 90 87 84 82 78 75 74 72 69 66 63 57 56 61 64 70 75 79 82 85 86 87 87 88 88 88 89 89 89 89 89 89 89 90 90 90 90 90 90 90 90 90 90 90 90 90 90 90 90 90 90 90 90 90 90 90 90 90 90 90
91 91 90 90 91 91 91 91 91 90 89 85 74 64 75 84 88 90 91 94 98 101 103 104 104 104 103 102 101 100 99 97 95 93 93 91 88 84 82 81 78 75 73 71 69 66 61 53 53 59 63 70 75 78 81 83 85 86 86 87 88 88 88 89 89 89 89 89 89 89 90 90 90 90 90 90 90 90 90 90 90 90 90 90 90 90 90 90 90 90 90 90 90 90 90 90
91 91 91 91 92 92 92 92 93 93 93 89 83 86 93 94 94 95 96 98 101 103 103 102 101 101 101 101 100 99 98 97 95 94 93 90 85 82 81 80 78 75 72 70 68 65 58 49 52 58 63 71 75 78 80 81 83 84 85 86 87 88 88 89 89 89 89 89 89 89 89 90 90 90 90 90 90 90 90 90 90 90 90 90 90 90 90 90 90 90 90 90 90 90 90 90
91 91 91 92 92 93 93 94 95 96 98 101 103 108 109 105 103 102 102 103 104 104 102 100 100 99 99 98 97 97 98 99 97 95 92 86 81 80 80 80 78 74 71 69 67 63 55 48 52 58 65 71 76 78 78 79 81 83 85 86 87 88 88 88 88 89 89 89 89 89 89 90 90 90 90 90 90 90 90 90 90 90 90 90 90 90 90 90 90 90 90 90 90 90 90 90
91 91 92 92 92 93 94 96 97 99 103 114 131 126 121 117 112 111 109 106 104 102 101 100 98 97 96 95 95 96 98 99 99 96 90 82 77 77 78 78 76 72 70 68 66 61 52 47 53 60 66 72 75 76 77 79 81 83 85 86 87 87 88 88 88 89 89 89 89 89 89 90 90 90 90 90 90 90 90 90 90 90 90 90 90 90 90 90 90 90 90 90 90 90 90 90
92 92 92 92 93 94 95 97 99 101 106 121 140 142 133 127 119 116 113 107 103 101 100 98 96 94 93 93 94 95 96 97 98 95 88 81 76 74 76 77 75 71 69 67 64 58 50 47 55 63 68 72 73 74 77 80 82 84 85 86 87 87 88 88 88 88 89 89 89 89 89 89 90 90 90 90 90 90 90 90 90 90 90 90 90 90 90 90 90 90 90 90 90 90 90 90
92 92 92 93 94 95 96 97 100 103 109 120 137 143 139 130 123 118 113 107 103 101 99 97 95 94 93 92 93 95 93 90 94 92 86 82 76 73 75 76 74 71 69 66 62 57 49 50 58 65 69 70 71 74 78 80 82 84 85 86 87 87 88 88 88 88 89 89 89 89 89 89 90 90 90 90 90 90 90 90 90 90 90 90 90 90 90 90 90 90 90 90 90 90 90 90
92 92 93 93 94 95 96 98 101 105 110 118 129 139 137 135 124 118 111 107 105 102 98 95 94 94 94 93 94 94 89 83 89 88 83 82 77 74 76 76 73 71 69 66 62 56 49 53 61 66 68 68 72 76 79 81 83 84 85 86 87 87 87 88 88 88 89 89 89 89 89 89 89 90 90 90 90 90 90 90 90 90 90 90 90 90 90 90 90 90 90 90 90 90 90 90
92 92 93 93 94 95 96 98 101 105 109 116 124 134 141 135 129 116 110 108 107 103 98 95 94 95 95 95 94 91 84 80 84 83 80 80 77 76 77 75 72 71 69 66 62 56 51 57 64 67 67 69 74 77 79 81 83 84 85 86 87 87 87 88 88 89 89 89 89 89 89 89 89 90 90 90 90 90 90 90 90 90 90 90 90 90 90 90 90 90 90 90 90 90 90 90
92 93 93 94 94 95 97 99 101 104 109 114 121 129 139 148 147 121 112 109 107 103 98 95 95 95 96 95 92 86 78 77 81 81 79 78 77 78 78 76 73 71 69 66 62 56 55 61 65 66 68 72 76 78 80 82 83 84 86 86 87 87 87 88 88 89 89 89 89 89 89 89 89 90 90 90 90 90 90 90 90 90 90 90 90 90 90 90 90 90 90 90 90 90 90 90
92 93 93 94 94 95 97 98 101 103 107 112 118 125 133 148 151 128 116 110 106 102 99 96 95 95 96 96 89 79 74 77 81 81 78 77 78 80 79 77 74 72 69 67 63 58 59 63 66 68 71 75 78 80 81 83 84 85 86 86 86 87 88 88 88 88 89 89 89 89 89 89 89 90 90 90 90 90 90 90 90 90 90 90 90 90 90 90 90 90 90 90 90 90 90 90
92 93 93 94 94 95 97 98 100 103 106 110 115 121 128 137 139 132 122 111 106 102 99 97 96 95 96 96 86 70 69 72 78 80 78 78 82 83 82 80 77 74 71 68 65 62 62 64 67 71 74 77 79 81 82 83 84 86 86 86 86 87 88 88 88 88 89 89 89 89 89 89 89 90 90 90 90 90 90 90 90 90 90 90 90 90 90 90 90 90 90 90 90 90 90 90
92 93 93 94 94 95 96 98 99 102 104 108 112 117 123 128 132 135 131 119 107 102 100 98 97 96 97 94 80 65 63 65 69 69 66 73 83 84 86 86 82 77 74 71 69 66 65 67 71 74 76 78 80 81 82 84 85 86 86 86 87 88 88 88 88 88 89 89 89 89 89 89 89 90 90 90 90 90 90 90 90 90 90 90 90 90 90 90 90 90 90 90 90 90 90 90
92 93 93 94 94 95 96 97 99 101 103 106 109 113 117 122 127 132 136 132 114 105 101 100 98 97 95 89 76 67 65 63 61 59 56 64 77 82 85 87 84 80 78 76 73 70 69 71 74 76 78 80 81 82 83 85 85 85 86 87 87 88 88 88 88 88 89 89 89 89 89 89 89 90 90 90 90 90 90 90 90 90 90 90 90 90 90 90 90 90 90 90 90 90 90 90
92 93 93 94 94 95 96 97 98 100 102 104 107 110 113 117 121 124 131 134 129 113 105 102 99 96 91 82 73 71 69 63 59 55 52 61 73 78 81 83 83 82 81 79 76 73 73 75 77 78 80 81 82 83 84 85 85 86 86 87 87 88 88 88 88 89 89 89 89 89 89 89 89 90 90 90 90 90 90 90 90 90 90 90 90 90 90 90 90 90 90 90 90 90 90 90
92 93 93 94 94 95 96 96 98 99 100 102 104 107 110 113 116 119 122 127 131 127 112 104 99 95 90 79 69 71 70 64 58 52 54 63 72 76 79 80 81 82 82 81 79 77 77 78 79 80 81 82 83 84 85 85 86 86 87 87 88 88 88 88 88 89 89 89 89 89 89 89 90 90 90 90 90 90 90 90 90 90 90 90 90 90 90 90 90 90 90 90 90 90 90 90
92 93 93 93 94 94 95 96 97 98 99 101 103 105 107 109 111 114 117 119 123 127 122 108 100 97 92 80 69 71 70 64 57 54 60 67 72 76 78 80 81 82 83 82 81 80 80 80 81 82 82 83 84 85 85 86 86 87 87 87 88 88 88 88 88 89 89 89 89 89 89 89 90 90 90 90 90 90 90 90 90 90 90 90 90 90 90 90 90 90 90 90 90 90 90 90
92 92 93 93 94 94 95 96 96 97 98 100 101 102 104 106 108 110 111 113 115 119 119 111 106 101 94 83 75 73 70 64 59 60 65 70 74 76 78 80 82 83 83 83 82 82 82 82 82 83 83 84 85 85 86 86 87 87 87 88 88 88 88 88 89 89 89 89 89 89 89 89 90 90 90 90 90 90 90 90 90 90 90 90 90 90 90 90 90 90 90 90 90 90 90 90
92 92 93 93 93 94 95 95 96 97 97 98 100 101 102 103 105 106 107 109 109 111 110 109 108 104 98 89 81 76 72 66 63 66 70 73 76 78 80 81 83 83 83 83 83 83 83 83 83 84 84 85 85 86 86 87 87 87 87 88 88 88 88 88 89 89 89 89 89 89 89 90 90 90 90 90 90 90 90 90 90 90 90 90 90 90 90 90 90 90 90 90 90 90 90 90
92 92 93 93 93 94 94 95 95 96 97 97 98 99 100 101 102 103 104 105 105 105 104 104 103 101 99 94 87 80 74 69 68 71 74 76 78 80 82 83 83 83 83 84 84 84 84 84 84 85 85 85 86 86 87 87 87 87 88 88 88 88 88 89 89 89 89 89 89 89 89 90 90 90 90 90 90 90 90 90 90 90 90 90 90 90 90 90 90 90 90 90 90 90 90 90
92 92 92 93 93 93 94 94 95 95 96 97 97 98 99 99 100 101 101 102 102 102 101 100 98 97 95 92 88 83 78 74 74 75 77 79 80 82 82 83 83 83 84 85 85 85 85 85 85 85 86 86 86 87 87 87 87 88 88 88 88 88 89 89 89 89 89 89 89 89 89 90 90 90 90 90 90 90 90 90 90 90 90 90 90 90 90 90 90 90 90 90 90 90 90 90
92 92 92 92 93 93 93 94 94 95 95 96 96 97 97 98 98 99 99 99 99 99 98 97 96 95 92 90 88 85 82 80 79 79 79 81 82 82 83 84 84 84 85 85 86 85 85 86 86 86 86 86 87 87 87 87 88 88 88 88 88 88 89 89 89 89 89 89 89 89 90 90 90 90 90 90 90 90 90 90 90 90 90 90 90 90 90 90 90 90 90 90 90 90 90 90
92 92 92 92 93 93 93 93 94 94 95 95 95 96 96 97 97 97 97 97 97 97 96 96 94 93 91 90 88 86 84 83 82 82 82 82 83 83 84 84 84 85 86 86 86 86 86 86 86 86 87 87 87 87 87 88 88 88 88 88 88 89 89 89 89 89 89 89 89 89 90 90 90 90 90 90 90 90 90 90 90 90 90 90 90 90 90 90 90 90 90 90 90 90 90 90
91 92 92 92 92 93 93 93 93 94 94 94 95 95 95 96 96 96 96 96 96 96 95 94 93 92 91 90 88 87 86 84 84 84 84 84 84 85 85 85 85 86 86 86 86 86 86 86 87 87 87 87 87 87 88 88 88 88 88 88 89 89 89 89 89 89 89 89 89 90 90 90 90 90 90 90 90 90 90 90 90 90 90 90 90 90 90 90 90 90 90 90 90 90 90 90
91 91 92 92 92 92 93 93 93 93 94 94 94 94 95 95 95 95 95 95 95 94 94 93 92 92 91 90 88 87 86 86 85 85 85 85 85 85 85 86 86 86 87 87 87 87 87 87 87 87 87 87 87 88 88 88 88 88 88 89 89 89 89 89 89 89 89 89 90 90 90 90 90 90 90 90 90 90 90 90 90 90 90 90 90 90 90 90 90 90 90 90 90 90 90 90
91 91 92 92 92 92 92 93 93 93 93 93 94 94 94 94 94 94 94 94 94 93 93 93 92 91 90 90 89 88 87 87 86 86 86 86 86 86 86 86 87 87 87 87 87 87 87 87 87 87 87 88 88 88 88 88 88 88 89 89 89 89 89 89 89 89 89 89 90 90 90 90 90 90 90 90 90 90 90 90 90 90 90 90 90 90 90 90 90 90 90 90 90 90 90 90
91 91 91 92 92 92 92 92 92 93 93 93 93 93 93 93 94 93 93 93 93 93 92 92 91 91 90 90 89 88 88 87 87 87 87 87 87 87 87 87 87 87 87 87 87 87 87 87 87 88 88 88 88 88 88 88 88 89 89 89 89 89 89 89 89 89 89 90 90 90 90 90 90 90 90 90 90 90 90 90 90 90 90 90 90 90 90 90 90 90 90 90 90 90 90 90
91 91 91 91 92 92 92 92 92 92 92 93 93 93 93 93 93 93 93 93 93 92 92 92 91 91 90 90 89 89 88 88 88 87 87 87 87 87 87 87 87 87 87 87 87 87 88 88 88 88 88 88 88 88 88 89 89 89 89 89 89 89 89 89 89 89 90 90 90 90 90 90 90 90 90 90 90 90 90 90 90 90 90 90 90 90 90 90 90 90 90 90 90 90 90 90
91 91 91 91 91 91 92 92 92 92 92 92 92 92 92 93 93 92 92 92 92 92 92 91 91 91 90 90 89 89 89 88 88 88 88 88 88 88 88 88 88 88 88 88 88 88 88 88 88 88 88 88 88 89 89 89 89 89 89 89 89 89 89 89 89 90 90 90 90 90 90 90 90 90 90 90 90 90 90 90 90 90 90 90 90 90 90 90 90 90 90 90 90 90 90 90
