data/AilsaCraig_270_1_25m_ang_50m.asc
ncols	257
nrows	257
xllcorner	3364200.000000
yllcorner	3669375.000000
cellsize	25.000000
NODATA_value	-1.000000
[rows 126 to 167 of 257, columns 94 to 187 of 257]
269 269 269 269 268 268 268 267 267 266 266 265 264 263 262 260 258 256 255 254 253 253 254 256 257 258 260 261 263 266 268 269 270 271 272 273 273 274 274 274 274 275 276 277 278 279 280 280 280 280 280 281 280 278 276 275 274 273 273 272 272 272 271 271 271 271 271 271 271 270 270 270 270 270 270 270 270 270 270 270 270 270 270 270 270 270 270 270 270 270 270 270 270 270
269 269 269 269 269 268 268 268 267 267 266 265 264 263 262 260 258 256 255 254 255 256 257 258 259 261 262 264 266 268 269 270 271 272 272 273 273 273 273 273 272 272 273 274 275 276 278 278 278 278 278 278 278 277 275 274 273 273 272 272 272 271 271 271 271 271 271 270 270 270 270 270 270 270 270 270 270 270 270 270 270 270 270 270 270 270 270 270 270 270 270 270 270 270
269 269 269 269 269 269 268 268 267 267 266 266 265 263 262 260 258 256 255 255 256 258 259 261 262 264 265 267 269 270 271 272 272 272 273 273 273 273 272 271 271 270 270 271 272 274 275 276 276 276 275 275 276 275 274 273 273 272 272 271 271 271 271 271 271 270 270 270 270 270 270 270 270 270 270 270 270 270 270 270 270 270 270 270 270 270 270 270 270 270 270 270 270 270
269 269 269 269 269 269 268 268 268 267 267 266 265 264 262 260 258 256 255 256 258 260 261 263 265 267 268 270 271 272 272 272 272 272 272 272 272 272 271 270 269 269 268 269 270 271 272 273 274 273 273 273 273 273 273 272 272 271 271 271 271 271 270 270 270 270 270 270 270 270 270 270 270 270 270 270 270 270 270 270 270 270 270 270 270 270 270 270 270 270 270 270 270 270
270 269 269 269 269 269 269 268 268 267 267 266 265 264 262 260 258 256 256 257 259 262 263 266 268 270 272 273 273 273 273 273 273 272 272 272 271 271 270 269 268 268 268 268 268 269 269 270 270 270 270 270 271 271 271 271 271 271 271 270 270 270 270 270 270 270 270 270 270 270 270 270 270 270 270 270 270 270 270 270 270 270 270 270 270 270 270 270 270 270 270 270 270 270
270 270 270 269 269 269 269 269 268 268 267 267 266 264 263 260 258 257 257 258 261 263 266 268 271 273 275 276 276 275 274 274 273 272 272 271 270 270 269 268 268 268 267 267 267 266 266 266 267 267 268 268 269 269 270 270 270 270 270 270 270 270 270 270 270 270 270 270 270 270 270 270 270 270 270 270 270 270 270 270 270 270 270 270 270 270 270 270 270 270 270 270 270 270
270 270 270 270 269 269 269 269 269 268 268 267 266 265 263 261 258 258 258 260 262 265 268 271 273 276 277 278 277 276 275 274 273 272 271 270 269 269 268 268 268 267 267 266 265 264 264 263 264 265 265 266 266 267 268 269 269 269 269 269 269 270 270 270 270 270 270 270 270 270 270 270 270 270 270 270 270 270 270 270 270 270 270 270 270 270 270 270 270 270 270 270 270 270
270 270 270 270 270 270 269 269 269 269 268 268 267 265 264 261 259 259 259 261 264 267 270 273 275 278 279 279 279 277 276 275 274 272 271 270 269 268 267 267 267 267 266 264 263 262 261 261 261 262 263 264 264 265 266 267 268 268 269 269 269 269 269 269 269 269 270 270 270 270 270 270 270 270 270 270 270 270 270 270 270 270 270 270 270 270 270 270 270 270 270 270 270 270
270 270 270 270 270 270 270 270 269 269 269 268 267 266 264 262 261 260 261 263 266 269 271 274 277 279 280 280 279 278 277 275 274 272 271 270 268 267 267 267 266 266 264 263 261 260 259 259 259 260 261 262 263 264 265 266 267 268 268 268 269 269 269 269 269 269 269 269 270 270 270 270 270 270 270 270 270 270 270 270 270 270 270 270 270 270 270 270 270 270 270 270 270 270
270 270 270 270 270 270 270 270 270 270 270 269 268 267 266 264 263 263 264 265 268 271 273 276 278 279 280 280 279 278 277 276 274 273 271 270 268 267 267 266 265 264 263 261 260 259 258 258 258 258 259 260 261 263 264 265 266 267 268 268 268 268 269 269 269 269 269 269 269 270 270 270 270 270 270 270 270 270 270 270 270 270 270 270 270 270 270 270 270 270 270 270 270 270
270 270 270 270 270 271 271 271 271 271 270 270 270 269 267 266 265 265 266 268 270 273 275 277 278 279 280 280 279 278 277 276 275 273 272 270 268 267 266 265 264 263 262 260 259 258 257 256 256 256 257 258 260 262 263 264 265 266 267 267 268 268 268 269 269 269 269 269 269 269 269 270 270 270 270 270 270 270 270 270 270 270 270 270 270 270 270 270 270 270 270 270 270 270
271 271 271 271 271 271 271 271 271 271 271 271 271 270 269 268 268 269 270 271 273 275 277 278 278 279 279 279 279 278 277 276 275 273 272 270 269 267 266 264 263 262 261 259 258 257 256 255 254 254 255 257 259 261 262 264 265 266 266 267 267 268 268 268 269 269 269 269 269 269 269 269 270 270 270 270 270 270 270 270 270 270 270 270 270 270 270 270 270 270 270 270 270 270
271 271 271 271 271 271 271 272 272 272 272 273 273 273 272 272 273 273 274 275 276 277 278 278 279 278 278 278 278 277 277 276 275 273 272 270 269 267 265 263 262 261 260 259 257 256 255 254 253 252 254 256 258 260 262 263 264 265 266 266 267 267 268 268 268 269 269 269 269 269 269 269 269 270 270 270 270 270 270 270 270 270 270 270 270 270 270 270 270 270 270 270 270 270
271 271 271 271 271 272 272 272 272 273 273 274 275 276 276 277 278 278 278 279 279 279 279 279 278 278 278 277 277 276 276 275 274 273 272 270 268 266 264 262 261 260 259 258 256 255 254 253 252 251 253 255 258 260 262 263 264 265 265 266 267 267 268 268 268 269 269 269 269 269 269 269 269 270 270 270 270 270 270 270 270 270 270 270 270 270 270 270 270 270 270 270 270 270
271 271 271 271 272 272 272 273 273 274 274 275 277 279 281 282 283 283 283 282 281 280 280 279 278 278 277 277 276 275 275 274 273 273 271 270 268 265 263 261 260 259 258 257 256 255 253 252 251 251 253 255 258 260 261 262 263 264 265 266 267 267 268 268 268 268 269 269 269 269 269 269 269 269 270 270 270 270 270 270 270 270 270 270 270 270 270 270 270 270 270 270 270 270
271 271 271 272 272 272 273 273 274 274 275 277 278 282 285 287 287 287 286 285 283 281 280 279 278 278 277 276 275 274 274 273 273 272 270 269 266 264 261 260 259 258 258 257 255 254 253 251 250 251 253 255 258 259 261 262 263 264 265 266 266 267 267 268 268 268 269 269 269 269 269 269 269 269 270 270 270 270 270 270 270 270 270 270 270 270 270 270 270 270 270 270 270 270
271 271 272 272 272 272 273 273 274 275 276 278 280 283 288 292 292 290 289 287 285 283 281 279 278 277 276 275 275 274 273 272 271 270 268 267 265 262 260 259 258 258 257 256 255 254 252 251 250 251 253 256 258 259 260 262 263 264 265 266 266 267 267 268 268 268 269 269 269 269 269 269 269 269 269 270 270 270 270 270 270 270 270 270 270 270 270 270 270 270 270 270 270 270
271 271 272 272 272 273 273 274 274 275 277 278 280 284 288 293 297 294 290 287 285 283 281 280 278 277 276 275 274 273 272 271 270 268 266 265 263 261 260 258 258 257 257 256 255 254 252 251 250 252 254 256 258 259 261 262 263 264 265 266 266 267 267 268 268 268 268 269 269 269 269 269 269 269 269 270 270 270 270 270 270 270 270 270 270 270 270 270 270 270 270 270 270 270
271 272 272 272 272 273 273 274 275 276 277 279 281 283 287 292 297 300 294 288 286 284 282 280 278 277 276 275 274 273 272 270 268 265 263 262 262 260 259 259 258 258 257 256 255 254 252 251 251 253 255 256 258 259 261 262 263 264 265 266 266 267 267 268 268 268 268 269 269 269 269 269 269 269 269 269 270 270 270 270 270 270 270 270 270 270 270 270 270 270 270 270 270 270
271 272 272 272 272 273 273 274 275 276 277 279 281 283 286 290 295 300 301 290 286 284 282 280 278 277 276 275 274 273 271 269 265 261 260 260 260 260 259 259 259 258 257 256 255 254 253 252 252 254 255 257 258 260 261 263 264 265 265 266 267 267 267 268 268 268 268 269 269 269 269 269 269 269 269 269 270 270 270 270 270 270 270 270 270 270 270 270 270 270 270 270 270 270
271 272 272 272 273 273 273 274 275 276 277 278 280 282 285 289 293 299 301 293 288 285 282 280 278 277 275 275 274 272 270 267 262 259 259 259 259 259 260 260 260 259 258 257 256 255 254 253 254 255 256 258 259 261 262 263 264 265 266 266 267 267 267 268 268 268 268 269 269 269 269 269 269 269 269 269 270 270 270 270 270 270 270 270 270 270 270 270 270 270 270 270 270 270
272 272 272 272 273 273 274 274 275 276 277 278 280 282 284 287 291 295 299 299 291 286 283 280 278 277 275 274 273 271 269 264 259 257 257 258 259 259 261 261 261 260 259 258 257 256 255 255 255 256 257 259 260 261 263 264 264 265 266 266 267 267 267 268 268 268 268 269 269 269 269 269 269 269 269 269 270 270 270 270 270 270 270 270 270 270 270 270 270 270 270 270 270 270
272 272 272 272 273 273 273 274 275 276 277 278 279 281 283 285 288 291 295 297 296 288 284 281 279 277 276 274 273 271 267 261 256 255 256 257 258 259 261 262 263 262 261 260 258 257 257 256 257 258 259 260 261 262 263 264 265 265 266 266 267 267 268 268 268 268 268 269 269 269 269 269 269 269 269 269 270 270 270 270 270 270 270 270 270 270 270 270 270 270 270 270 270 270
272 272 272 272 273 273 273 274 275 275 276 277 279 280 282 284 286 288 291 293 295 293 286 282 280 278 276 274 272 269 264 259 255 254 254 255 256 258 261 262 263 263 262 261 260 259 259 258 258 259 260 261 262 263 264 264 265 266 266 267 267 267 268 268 268 268 269 269 269 269 269 269 269 269 269 269 270 270 270 270 270 270 270 270 270 270 270 270 270 270 270 270 270 270
272 272 272 272 273 273 273 274 274 275 276 277 278 279 281 282 284 286 288 290 292 293 291 284 281 278 276 274 271 267 262 258 256 255 254 254 255 257 260 262 263 263 263 262 262 261 260 260 260 261 261 262 263 264 264 265 265 266 266 267 267 267 268 268 268 268 269 269 269 269 269 269 269 269 269 269 270 270 270 270 270 270 270 270 270 270 270 270 270 270 270 270 270 270
272 272 272 272 273 273 273 274 274 275 276 276 277 278 280 281 282 284 285 287 288 290 290 288 283 279 276 273 270 266 262 258 257 255 254 253 255 257 260 261 262 263 263 263 263 262 262 262 262 262 263 263 264 264 265 265 266 266 267 267 267 268 268 268 268 268 269 269 269 269 269 269 269 269 269 269 270 270 270 270 270 270 270 270 270 270 270 270 270 270 270 270 270 270
272 272 272 272 272 273 273 274 274 275 275 276 277 278 279 280 281 282 283 284 285 287 287 287 285 280 277 273 270 266 262 259 258 256 254 254 256 258 260 261 262 263 263 264 264 263 263 263 263 263 264 264 264 265 265 266 266 267 267 267 267 268 268 268 268 268 269 269 269 269 269 269 269 269 269 269 270 270 270 270 270 270 270 270 270 270 270 270 270 270 270 270 270 270
271 272 272 272 272 273 273 273 274 274 275 275 276 277 278 278 279 280 281 282 283 284 284 285 284 281 278 274 270 266 263 260 258 257 256 256 257 259 261 262 263 263 264 264 264 264 264 264 264 264 264 265 265 265 266 266 266 267 267 267 268 268 268 268 268 269 269 269 269 269 269 269 269 269 269 270 270 270 270 270 270 270 270 270 270 270 270 270 270 270 270 270 270 270
271 272 272 272 272 273 273 273 273 274 274 275 275 276 277 277 278 279 280 280 281 281 282 282 281 280 278 275 272 268 264 262 260 258 257 258 259 260 262 263 263 264 264 265 265 265 265 265 265 265 265 265 266 266 266 266 267 267 267 268 268 268 268 268 268 269 269 269 269 269 269 269 269 269 269 270 270 270 270 270 270 270 270 270 270 270 270 270 270 270 270 270 270 270
271 272 272 272 272 272 273 273 273 274 274 274 275 275 276 276 277 278 278 279 279 279 279 279 279 278 276 275 272 269 266 263 262 260 260 260 261 262 263 263 264 264 265 265 265 265 265 265 265 265 266 266 266 266 267 267 267 267 268 268 268 268 268 268 269 269 269 269 269 269 269 269 269 269 269 270 270 270 270 270 270 270 270 270 270 270 270 270 270 270 270 270 270 270
271 271 272 272 272 272 272 273 273 273 274 274 274 275 275 276 276 277 277 277 277 278 278 277 277 276 275 273 272 269 267 265 263 262 262 262 262 263 264 264 265 265 265 265 265 266 266 266 266 266 266 266 266 267 267 267 267 268 268 268 268 268 268 268 269 269 269 269 269 269 269 269 269 269 269 270 270 270 270 270 270 270 270 270 270 270 270 270 270 270 270 270 270 270
271 271 272 272 272 272 272 273 273 273 273 274 274 274 275 275 275 276 276 276 276 276 276 276 275 275 274 273 271 270 268 266 265 264 264 264 264 264 264 265 265 265 266 266 266 266 266 266 266 266 266 267 267 267 267 267 268 268 268 268 268 268 268 269 269 269 269 269 269 269 269 269 269 269 270 270 270 270 270 270 270 270 270 270 270 270 270 270 270 270 270 270 270 270
271 271 271 272 272 272 272 272 273 273 273 273 274 274 274 274 275 275 275 275 275 275 275 275 274 274 273 272 271 270 268 267 266 265 265 265 265 265 265 265 266 266 266 266 266 266 266 267 267 267 267 267 267 267 267 268 268 268 268 268 268 268 269 269 269 269 269 269 269 269 269 269 269 269 270 270 270 270 270 270 270 270 270 270 270 270 270 270 270 270 270 270 270 270
271 271 271 272 272 272 272 272 272 273 273 273 273 273 274 274 274 274 274 274 274 274 274 274 273 273 272 271 271 270 269 268 267 266 266 266 266 266 266 266 266 266 266 266 267 267 267 267 267 267 267 267 267 268 268 268 268 268 268 268 268 269 269 269 269 269 269 269 269 269 269 269 269 270 270 270 270 270 270 270 270 270 270 270 270 270 270 270 270 270 270 270 270 270
271 271 271 271 272 272 272 272 272 272 272 273 273 273 273 273 273 274 274 274 274 274 273 273 273 272 272 271 270 270 269 268 268 267 267 267 266 266 266 266 267 267 267 267 267 267 267 267 267 267 267 268 268 268 268 268 268 268 268 268 269 269 269 269 269 269 269 269 269 269 269 269 269 270 270 270 270 270 270 270 270 270 270 270 270 270 270 270 270 270 270 270 270 270
271 271 271 271 271 272 272 272 272 272 272 272 273 273 273 273 273 273 273 273 273 273 273 273 272 272 271 271 270 270 269 269 268 268 267 267 267 267 267 267 267 267 267 267 267 267 267 267 268 268 268 268 268 268 268 268 268 268 268 269 269 269 269 269 269 269 269 269 269 269 269 269 270 270 270 270 270 270 270 270 270 270 270 270 270 270 270 270 270 270 270 270 270 270
271 271 271 271 271 271 272 272 272 272 272 272 272 272 272 273 273 273 273 273 273 272 272 272 272 271 271 271 270 270 269 269 269 268 268 268 268 267 267 267 267 267 267 268 268 268 268 268 268 268 268 268 268 268 268 268 268 268 269 269 269 269 269 269 269 269 269 269 269 269 269 270 270 270 270 270 270 270 270 270 270 270 270 270 270 270 270 270 270 270 270 270 270 270
271 271 271 271 271 271 271 272 272 272 272 272 272 272 272 272 272 272 272 272 272 272 272 272 271 271 271 271 270 270 269 269 269 268 268 268 268 268 268 268 268 268 268 268 268 268 268 268 268 268 268 268 268 268 268 268 269 269 269 269 269 269 269 269 269 269 269 269 269 269 269 270 270 270 270 270 270 270 270 270 270 270 270 270 270 270 270 270 270 270 270 270 270 270
271 271 271 271 271 271 271 271 271 272 272 272 272 272 272 272 272 272 272 272 272 272 272 271 271 271 271 270 270 270 270 269 269 269 269 268 268 268 268 268 268 268 268 268 268 268 268 268 268 268 268 268 268 268 268 269 269 269 269 269 269 269 269 269 269 269 269 269 269 269 270 270 270 270 270 270 270 270 270 270 270 270 270 270 270 270 270 270 270 270 270 270 270 270
271 271 271 271 271 271 271 271 271 271 271 272 272 272 272 272 272 272 272 272 272 271 271 271 271 271 271 270 270 270 270 269 269 269 269 269 269 268 268 268 268 268 268 268 268 268 268 268 268 268 268 268 269 269 269 269 269 269 269 269 269 269 269 269 269 269 269 269 269 270 270 270 270 270 270 270 270 270 270 270 270 270 270 270 270 270 270 270 270 270 270 270 270 270
271 271 271 271 271 271 271 271 271 271 271 271 271 271 271 272 272 272 271 271 271 271 271 271 271 271 271 270 270 270 270 269 269 269 269 269 269 269 269 269 268 268 268 268 268 268 268 268 268 269 269 269 269 269 269 269 269 269 269 269 269 269 269 269 269 269 269 269 270 270 270 270 270 270 270 270 270 270 270 270 270 270 270 270 270 270 270 270 270 270 270 270 270 270
271 271 271 271 271 271 271 271 271 271 271 271 271 271 271 271 271 271 271 271 271 271 271 271 271 271 270 270 270 270 270 270 269 269 269 269 269 269 269 269 269 269 269 269 269 269 269 269 269 269 269 269 269 269 269 269 269 269 269 269 269 269 269 269 269 269 269 270 270 270 270 270 270 270 270 270 270 270 270 270 270 270 270 270 270 270 270 270 270 270 270 270 270 270
