data/AilsaCraig_270_1_25m_ang_100m.asc
ncols	257
nrows	257
xllcorner	3364200.000000
yllcorner	3669375.000000
cellsize	25.000000
NODATA_value	-1.000000
[rows 126 to 167 of 257, columns 94 to 187 of 257]
269 269 268 268 268 267 267 266 265 265 264 263 261 259 257 253 248 242 240 240 240 242 245 247 248 252 255 255 257 260 263 267 270 272 274 276 277 278 277 276 277 280 282 282 283 286 289 289 288 287 290 299 295 287 281 278 276 275 275 274 273 272 272 272 271 271 271 271 271 271 271 271 271 271 270 270 270 270 270 270 270 270 270 270 270 270 270 270 270 270 270 270 270 270
269 269 269 269 268 267 267 266 266 265 264 263 261 259 256 253 247 242 240 240 243 248 251 251 252 256 258 259 261 264 267 270 272 274 275 277 278 277 275 273 272 273 274 275 278 281 284 285 284 282 282 288 291 286 280 277 276 274 274 273 273 272 272 271 271 271 271 271 271 271 271 270 270 270 270 270 270 270 270 270 270 270 270 270 270 270 270 270 270 270 270 270 270 270
269 269 269 269 268 267 267 267 266 265 264 263 261 259 256 252 246 241 240 241 245 252 256 256 257 260 262 262 265 269 271 273 274 274 276 277 277 275 273 272 269 267 267 271 274 277 279 281 282 279 277 281 286 284 279 276 274 273 272 272 272 272 271 271 271 271 271 270 270 270 270 270 270 270 270 270 270 270 270 270 270 270 270 270 270 270 270 270 270 270 270 270 270 270
269 269 269 269 268 268 267 267 267 266 265 264 262 260 256 251 244 241 240 242 248 255 259 260 262 264 266 268 270 272 274 275 275 275 275 275 274 273 272 270 266 263 265 268 271 273 275 277 278 276 273 274 279 282 278 275 273 272 271 271 272 271 271 271 270 270 270 270 270 270 270 270 270 270 270 270 270 270 270 270 270 270 270 270 270 270 270 270 270 270 270 270 270 270
270 269 269 269 269 268 268 268 267 266 265 264 262 260 257 250 243 241 241 244 251 258 261 264 266 269 272 275 276 276 276 276 275 275 274 273 272 271 270 268 265 264 265 267 267 268 270 272 272 271 270 270 272 276 275 273 272 271 271 271 271 271 270 270 270 270 270 270 270 270 270 270 270 270 270 270 270 270 270 270 270 270 270 270 270 270 270 270 270 270 270 270 270 270
270 270 270 269 269 268 268 268 267 267 266 265 263 261 257 250 243 242 243 247 254 260 264 267 271 274 278 280 281 280 278 277 276 274 272 269 269 269 268 266 266 266 267 266 264 264 264 264 265 266 266 266 266 269 271 271 270 270 270 269 270 270 270 270 270 270 270 270 270 270 270 270 270 270 270 270 270 270 270 270 270 270 270 270 270 270 270 270 270 270 270 270 270 270
270 270 270 270 269 269 269 269 268 267 267 265 263 261 257 250 243 242 245 250 257 262 266 270 275 279 282 285 285 283 280 278 275 273 270 268 266 266 266 266 268 268 266 263 261 260 259 259 260 262 262 262 262 264 267 269 269 269 269 269 269 269 270 269 269 269 269 270 270 270 270 270 270 270 270 270 270 270 270 270 270 270 270 270 270 270 270 270 270 270 270 270 270 270
270 270 270 270 269 269 269 269 269 268 268 267 265 262 257 250 244 245 248 252 259 264 268 273 278 282 286 287 287 285 282 279 276 273 270 267 265 263 264 267 268 266 263 260 258 256 255 256 257 258 258 258 258 259 263 266 268 268 268 268 268 269 269 269 269 269 269 269 269 269 270 270 270 270 270 270 270 270 270 270 270 270 270 270 270 270 270 270 270 270 270 270 270 270
270 270 270 270 270 270 270 270 270 269 269 268 266 264 258 250 247 249 252 256 261 266 270 276 280 284 287 288 287 286 283 280 276 274 272 268 264 262 265 267 267 263 260 256 254 253 251 252 253 254 254 254 255 257 260 264 267 268 268 268 268 268 268 269 269 269 269 269 269 269 269 269 270 270 270 270 270 270 270 270 270 270 270 270 270 270 270 270 270 270 270 270 270 270
271 271 270 270 270 271 271 271 271 271 270 269 268 265 260 252 250 253 257 260 263 267 273 278 282 285 288 288 287 285 283 281 278 276 273 269 265 264 265 265 263 260 258 254 252 251 249 248 247 248 249 251 253 255 259 262 264 266 267 267 267 267 268 268 268 269 269 269 269 269 269 269 269 269 270 270 270 270 270 270 270 270 270 270 270 270 270 270 270 270 270 270 270 270
271 271 271 271 271 271 271 271 271 271 271 271 270 267 262 255 255 259 263 266 267 271 276 280 283 286 287 287 286 285 283 281 279 276 273 269 267 266 265 262 260 259 256 253 252 251 249 246 244 242 244 248 251 254 258 260 263 265 266 267 267 267 267 268 268 268 269 269 269 269 269 269 269 269 269 269 270 270 270 270 270 270 270 270 270 270 270 270 270 270 270 270 270 270
271 271 271 271 272 272 272 272 272 272 273 273 272 270 265 262 264 267 270 271 272 275 280 283 284 285 285 285 285 284 283 281 279 276 273 270 269 267 264 261 259 258 256 253 251 250 248 245 242 238 241 246 250 254 257 260 262 263 264 265 266 266 267 267 268 268 268 269 269 269 269 269 269 269 269 269 269 270 270 270 270 270 270 270 270 270 270 270 270 270 270 270 270 270
271 271 272 272 272 272 273 273 273 274 274 275 276 276 273 273 277 277 277 278 278 281 283 285 285 284 284 284 284 283 281 280 278 276 273 271 269 266 262 259 258 257 255 252 250 249 246 244 240 236 239 245 249 254 257 259 260 262 263 264 265 266 267 267 267 268 268 268 269 269 269 269 269 269 269 269 269 269 270 270 270 270 270 270 270 270 270 270 270 270 270 270 270 270
271 272 272 272 272 273 273 274 274 275 276 277 279 283 288 289 289 288 286 286 286 286 286 286 285 284 283 283 282 281 279 278 277 276 274 271 268 263 258 257 257 256 254 252 249 247 245 242 237 234 239 244 249 254 257 259 259 260 262 263 265 266 266 267 267 268 268 268 268 269 269 269 269 269 269 269 269 269 269 270 270 270 270 270 270 270 270 270 270 270 270 270 270 270
272 272 272 272 273 273 274 275 275 276 277 280 283 291 302 301 300 299 295 294 293 289 287 286 284 283 282 280 279 278 277 276 276 276 274 271 266 260 255 254 255 255 253 251 248 246 244 241 235 233 239 245 249 254 256 257 258 260 262 263 264 265 266 267 267 268 268 268 268 268 269 269 269 269 269 269 269 269 269 269 270 270 270 270 270 270 270 270 270 270 270 270 270 270
272 272 272 273 273 274 274 275 276 277 279 281 286 294 307 311 309 306 302 300 296 291 287 285 284 282 280 278 277 275 275 275 275 273 272 270 264 258 254 252 252 254 252 250 247 245 243 239 234 234 240 246 250 253 255 256 258 260 262 263 264 265 266 267 267 267 268 268 268 268 268 269 269 269 269 269 269 269 269 269 270 270 270 270 270 270 270 270 270 270 270 270 270 270
272 272 273 273 273 274 275 276 277 278 280 282 287 294 305 314 314 310 305 301 296 290 287 285 283 281 279 277 276 275 274 274 272 268 268 268 263 259 255 251 252 253 252 249 247 245 243 238 234 236 242 248 251 252 254 256 258 260 262 263 264 265 266 266 267 267 268 268 268 268 268 269 269 269 269 269 269 269 269 269 269 270 270 270 270 270 270 270 270 270 270 270 270 270
272 272 273 273 274 274 275 276 278 279 281 283 287 294 302 310 314 311 305 300 294 289 287 285 281 279 278 277 276 275 274 272 268 261 263 264 261 260 256 253 253 254 252 250 248 246 243 238 234 238 244 248 250 251 254 257 259 261 262 263 264 265 266 266 267 267 268 268 268 268 268 269 269 269 269 269 269 269 269 269 269 270 270 270 270 270 270 270 270 270 270 270 270 270
272 273 273 273 274 275 276 277 278 279 281 284 287 292 299 306 313 315 307 298 294 291 289 285 281 278 277 277 276 275 273 270 262 257 260 261 259 258 257 255 256 255 253 251 249 246 243 239 236 241 246 248 249 252 255 258 260 261 262 263 264 265 266 266 267 267 267 268 268 268 268 269 269 269 269 269 269 269 269 269 269 269 270 270 270 270 270 270 270 270 270 270 270 270
272 273 273 273 274 275 276 277 278 280 282 284 287 290 296 303 311 322 329 302 295 292 289 285 280 278 277 277 277 276 273 266 258 256 259 259 258 257 257 257 258 257 254 252 250 247 244 240 239 244 247 248 250 253 256 259 260 261 263 264 264 265 266 267 267 267 267 267 268 268 268 269 269 269 269 269 269 269 269 269 269 269 270 270 270 270 270 270 270 270 270 270 270 270
272 273 273 274 274 275 276 277 278 279 281 284 286 289 293 299 307 321 327 308 297 292 289 284 280 278 277 277 277 276 270 260 253 256 258 259 258 258 259 261 261 258 255 253 251 248 245 242 243 246 248 250 252 255 258 259 261 262 263 264 265 265 266 267 267 267 267 268 268 268 268 268 269 269 269 269 269 269 269 269 269 269 270 270 270 270 270 270 270 270 270 270 270 270
273 273 273 274 274 275 276 277 278 279 281 283 285 288 292 296 303 311 315 312 302 293 288 284 281 279 278 277 277 275 266 251 247 252 255 257 257 261 263 264 264 261 258 255 252 250 247 245 246 247 250 252 255 257 259 260 261 263 263 264 265 266 266 267 267 267 267 268 268 268 268 268 269 269 269 269 269 269 269 269 269 269 270 270 270 270 270 270 270 270 270 270 270 270
273 273 273 274 274 275 276 276 278 279 280 282 284 287 290 293 298 303 307 310 309 298 288 284 282 281 278 277 276 273 260 246 244 247 248 250 251 257 264 265 266 265 262 258 255 252 250 248 248 250 252 255 257 258 259 261 262 263 263 264 265 266 266 266 267 267 267 268 268 268 268 268 269 269 269 269 269 269 269 269 269 269 270 270 270 270 270 270 270 270 270 270 270 270
273 273 273 274 274 275 275 276 277 278 280 282 283 286 288 291 294 297 302 306 309 308 294 286 284 282 279 276 274 267 256 247 246 245 244 243 242 251 260 263 264 266 264 261 259 256 254 251 251 253 255 257 258 259 260 262 263 263 264 265 266 266 266 266 267 267 268 268 268 268 268 268 269 269 269 269 269 269 269 269 269 269 269 270 270 270 270 270 270 270 270 270 270 270
273 273 273 274 274 275 275 276 277 278 279 281 282 284 286 288 291 293 296 300 304 307 305 293 285 282 279 276 270 262 254 250 249 246 243 240 241 248 256 260 262 263 263 262 261 259 257 255 255 256 257 259 259 260 261 262 263 263 264 265 266 266 266 266 267 267 268 268 268 268 268 268 269 269 269 269 269 269 269 269 269 269 269 270 270 270 270 270 270 270 270 270 270 270
273 273 273 274 274 274 275 276 276 277 279 280 281 283 284 286 288 290 292 295 298 302 305 303 291 283 279 276 270 260 252 252 251 247 242 240 242 249 255 258 260 261 262 262 262 261 259 258 258 258 259 260 261 261 262 263 263 264 265 265 266 266 266 267 267 267 268 268 268 268 268 268 269 269 269 269 269 269 269 269 269 269 269 270 270 270 270 270 270 270 270 270 270 270
273 273 273 273 274 274 275 275 276 277 278 279 280 281 283 284 286 288 289 291 293 295 299 302 298 287 280 277 272 261 253 253 252 247 242 241 245 251 255 258 259 261 262 262 262 262 261 260 260 260 260 261 262 262 263 263 264 264 265 266 266 266 267 267 267 267 268 268 268 268 268 268 269 269 269 269 269 269 269 269 269 269 269 270 270 270 270 270 270 270 270 270 270 270
273 273 273 273 274 274 275 275 276 276 277 278 279 280 281 283 284 285 286 288 289 290 292 295 294 289 285 281 274 264 257 255 252 248 244 245 250 253 256 258 260 261 262 263 263 263 262 261 261 261 262 262 263 263 263 264 264 265 265 266 266 267 267 267 267 267 268 268 268 268 268 268 269 269 269 269 269 269 269 269 269 269 270 270 270 270 270 270 270 270 270 270 270 270
272 273 273 273 274 274 274 275 275 276 277 277 278 279 280 281 282 283 284 285 286 286 287 288 287 287 286 282 276 269 262 258 254 250 248 250 253 256 258 259 261 262 262 263 263 263 262 262 262 262 263 263 263 264 264 264 265 265 266 266 267 267 267 267 267 268 268 268 268 268 268 269 269 269 269 269 269 269 269 269 269 269 270 270 270 270 270 270 270 270 270 270 270 270
272 273 273 273 273 274 274 275 275 275 276 277 277 278 279 280 280 281 282 283 283 283 284 283 283 282 282 279 277 272 267 261 257 253 252 254 256 258 260 261 262 263 263 263 263 263 263 263 263 263 263 264 264 264 264 265 265 266 266 266 267 267 267 267 267 268 268 268 268 268 268 269 269 269 269 269 269 269 269 269 269 269 270 270 270 270 270 270 270 270 270 270 270 270
272 273 273 273 273 274 274 274 275 275 276 276 277 277 278 278 279 280 280 281 281 281 281 281 280 279 277 276 274 272 268 264 260 257 256 257 259 260 261 262 263 263 263 263 263 263 263 264 264 264 264 264 264 265 265 266 266 266 266 267 267 267 267 267 268 268 268 268 268 268 268 269 269 269 269 269 269 269 269 269 269 269 270 270 270 270 270 270 270 270 270 270 270 270
272 272 273 273 273 273 274 274 274 275 275 275 276 276 277 277 278 278 279 279 279 279 279 278 278 277 276 274 272 270 268 266 263 261 260 260 261 262 262 263 263 263 264 264 264 263 264 264 265 265 265 265 265 265 266 266 266 266 267 267 267 267 267 268 268 268 268 268 268 268 269 269 269 269 269 269 269 269 269 269 269 269 270 270 270 270 270 270 270 270 270 270 270 270
272 272 273 273 273 273 273 274 274 274 275 275 275 276 276 276 277 277 277 277 278 278 277 277 276 275 274 273 271 270 268 266 265 263 263 262 263 263 263 263 264 264 264 264 264 264 265 265 265 265 265 265 266 266 266 266 266 267 267 267 267 267 267 268 268 268 268 268 268 268 269 269 269 269 269 269 269 269 269 269 269 270 270 270 270 270 270 270 270 270 270 270 270 270
272 272 272 273 273 273 273 273 274 274 274 275 275 275 275 276 276 276 276 276 276 276 276 276 275 274 273 272 271 270 268 267 266 265 264 264 264 264 264 264 264 264 265 265 264 265 265 266 266 266 266 266 266 266 266 266 267 267 267 267 267 267 268 268 268 268 268 268 268 269 269 269 269 269 269 269 269 269 269 269 269 270 270 270 270 270 270 270 270 270 270 270 270 270
272 272 272 272 273 273 273 273 273 274 274 274 274 274 275 275 275 275 275 275 275 275 275 275 274 273 273 272 271 270 269 268 267 266 265 265 265 265 265 265 265 265 265 265 265 266 266 266 266 266 266 266 266 266 267 267 267 267 267 267 267 268 268 268 268 268 268 268 268 269 269 269 269 269 269 269 269 269 269 269 269 270 270 270 270 270 270 270 270 270 270 270 270 270
272 272 272 272 272 273 273 273 273 273 274 274 274 274 274 274 274 275 275 275 274 274 274 274 273 273 272 271 271 270 269 268 267 267 266 266 266 265 265 265 266 266 266 266 266 266 266 266 266 266 266 267 267 267 267 267 267 267 267 267 268 268 268 268 268 268 268 268 269 269 269 269 269 269 269 269 269 269 269 269 270 270 270 270 270 270 270 270 270 270 270 270 270 270
272 272 272 272 272 272 273 273 273 273 273 273 273 274 274 274 274 274 274 274 274 274 273 273 273 272 272 271 270 270 269 268 268 267 267 267 266 266 266 266 266 266 266 266 266 267 267 267 267 267 267 267 267 267 267 267 267 267 267 268 268 268 268 268 268 268 268 269 269 269 269 269 269 269 269 269 269 269 269 269 270 270 270 270 270 270 270 270 270 270 270 270 270 270
272 272 272 272 272 272 272 273 273 273 273 273 273 273 273 273 273 273 273 273 273 273 273 273 272 272 271 271 270 270 269 269 268 268 267 267 267 267 267 267 267 267 267 267 267 267 267 267 267 267 267 267 267 267 267 267 267 268 268 268 268 268 268 268 268 268 269 269 269 269 269 269 269 269 269 269 269 269 269 270 270 270 270 270 270 270 270 270 270 270 270 270 270 270
272 272 272 272 272 272 272 272 272 273 273 273 273 273 273 273 273 273 273 273 273 273 272 272 272 272 271 271 270 270 269 269 269 268 268 268 267 267 267 267 267 267 267 267 267 267 267 267 267 267 267 267 267 267 267 267 268 268 268 268 268 268 268 268 268 269 269 269 269 269 269 269 269 269 269 269 269 269 269 270 270 270 270 270 270 270 270 270 270 270 270 270 270 270
271 272 272 272 272 272 272 272 272 272 272 273 273 273 273 273 273 273 273 273 272 272 272 272 272 271 271 271 270 270 269 269 269 268 268 268 268 268 268 267 267 267 267 267 267 267 267 267 267 267 267 267 267 267 268 268 268 268 268 268 268 268 268 268 269 269 269 269 269 269 269 269 269 269 269 269 269 269 270 270 270 270 270 270 270 270 270 270 270 270 270 270 270 270
271 271 272 272 272 272 272 272 272 272 272 272 272 272 272 272 272 272 272 272 272 272 272 272 271 271 271 271 270 270 270 269 269 269 268 268 268 268 268 268 268 268 268 268 268 268 268 267 267 267 268 268 268 268 268 268 268 268 268 268 268 268 268 269 269 269 269 269 269 269 269 269 269 269 269 269 269 269 270 270 270 270 270 270 270 270 270 270 270 270 270 270 270 270
271 271 271 271 272 272 272 272 272 272 272 272 272 272 272 272 272 272 272 272 272 272 272 271 271 271 271 270 270 270 270 269 269 269 269 269 268 268 268 268 268 268 268 268 268 268 268 268 268 268 268 268 268 268 268 268 268 268 268 268 268 268 269 269 269 269 269 269 269 269 269 269 269 269 269 269 269 270 270 270 270 270 270 270 270 270 270 270 270 270 270 270 270 270
