data/AilsaCraig_270_1_25m_ang_50m.asc
ncols	257
nrows	257
xllcorner	3364200.000000
yllcorner	3669375.000000
cellsize	25.000000
NODATA_value	-1.000000
[rows 126 to 167 of 257, columns 94 to 187 of 257]
269 269 268 268 268 268 267 266 266 265 264 263 262 260 257 254 249 243 241 241 241 243 245 247 249 253 255 255 257 261 264 267 270 272 274 275 277 278 276 275 276 279 281 281 282 284 286 287 287 286 289 299 294 286 281 278 276 275 274 273 272 272 272 271 271 271 271 271 271 271 271 270 270 270 270 270 270 270 270 270 270 270 270 270 270 270 270 270 270 270 270 270 270 270
269 269 269 269 268 268 267 267 266 265 264 263 262 260 257 253 248 242 241 241 244 248 252 252 253 257 258 258 261 265 267 270 272 274 275 277 277 277 274 272 271 272 273 275 278 280 282 283 284 282 282 288 291 285 280 277 275 274 273 273 272 272 271 271 271 271 271 271 271 270 270 270 270 270 270 270 270 270 270 270 270 270 270 270 270 270 270 270 270 270 270 270 270 270
269 269 269 269 269 268 267 267 266 266 265 263 262 260 257 252 246 241 240 242 246 253 257 257 258 261 262 262 266 269 271 273 274 274 276 277 276 275 273 271 268 266 266 270 273 276 279 281 281 279 277 280 286 284 279 276 274 273 273 272 272 271 271 271 271 271 270 270 270 270 270 270 270 270 270 270 270 270 270 270 270 270 270 270 270 270 270 270 270 270 270 270 270 270
269 269 269 269 269 268 268 267 267 266 265 264 262 260 257 251 244 241 240 242 248 256 259 261 262 265 266 268 270 272 274 275 275 275 275 275 274 273 272 270 265 263 264 267 270 272 275 277 277 275 273 274 278 281 277 274 273 272 272 272 271 271 271 270 270 270 270 270 270 270 270 270 270 270 270 270 270 270 270 270 270 270 270 270 270 270 270 270 270 270 270 270 270 270
269 269 269 269 269 268 268 267 267 266 265 264 262 260 257 251 243 241 241 244 251 258 261 264 267 269 272 275 276 276 276 276 275 274 273 272 271 271 270 267 264 264 265 266 267 268 270 272 272 270 269 269 271 275 275 273 272 271 271 271 271 270 270 270 270 270 270 270 270 270 270 270 270 270 270 270 270 270 270 270 270 270 270 270 270 270 270 270 270 270 270 270 270 270
270 270 270 269 269 269 268 268 268 267 266 265 263 261 257 250 242 241 243 247 254 260 264 267 271 274 278 280 281 280 278 277 275 274 271 269 268 269 268 266 266 266 266 265 264 263 264 264 264 265 266 265 266 269 272 271 270 270 270 270 270 270 270 270 270 270 270 270 270 270 270 270 270 270 270 270 270 270 270 270 270 270 270 270 270 270 270 270 270 270 270 270 270 270
270 270 270 270 269 269 269 268 268 267 266 266 264 261 257 250 242 242 245 250 257 262 266 270 275 279 282 284 284 282 280 277 275 273 270 267 266 266 266 266 268 268 266 263 261 260 259 258 259 261 262 262 262 264 267 269 269 269 269 269 270 270 269 269 270 270 270 270 270 270 270 270 270 270 270 270 270 270 270 270 270 270 270 270 270 270 270 270 270 270 270 270 270 270
270 270 270 270 270 269 269 269 269 268 267 266 264 262 257 249 244 246 248 253 259 264 269 273 278 282 285 287 286 284 282 278 275 273 270 267 265 263 265 267 269 267 263 259 258 257 256 255 257 258 258 258 259 260 263 267 268 268 268 268 269 269 269 269 269 269 269 269 270 270 270 270 270 270 270 270 270 270 270 270 270 270 270 270 270 270 270 270 270 270 270 270 270 270
270 270 270 270 270 270 269 269 269 269 268 267 266 263 257 249 246 249 252 256 261 266 271 276 280 284 287 288 287 285 282 279 276 274 271 268 264 263 265 267 267 263 259 257 255 254 252 252 254 255 255 255 256 257 261 264 267 268 268 268 268 269 269 269 269 269 269 269 269 269 270 270 270 270 270 270 270 270 270 270 270 270 270 270 270 270 270 270 270 270 270 270 270 270
270 270 270 270 270 270 270 270 270 270 269 269 267 265 259 251 249 253 257 261 263 268 273 278 281 285 287 288 287 285 283 280 277 275 272 268 265 265 266 266 263 260 258 255 253 251 250 249 249 249 250 252 253 256 259 262 265 267 267 267 268 268 268 268 269 269 269 269 269 269 269 269 270 270 270 270 270 270 270 270 270 270 270 270 270 270 270 270 270 270 270 270 270 270
271 271 271 270 270 271 271 271 271 271 271 270 269 267 261 254 255 258 263 265 268 271 276 280 283 285 287 287 285 284 282 281 279 276 273 269 267 267 266 263 261 259 257 254 252 251 249 247 245 243 245 248 251 255 258 261 263 265 266 267 267 267 268 268 268 269 269 269 269 269 269 269 269 270 270 270 270 270 270 270 270 270 270 270 270 270 270 270 270 270 270 270 270 270
271 271 271 271 271 271 272 272 272 272 272 272 271 269 264 260 263 266 269 270 272 275 279 282 284 285 285 285 284 283 282 281 279 276 273 270 269 268 264 261 260 259 257 254 251 250 249 247 243 239 241 246 250 254 258 260 262 264 265 266 266 267 267 268 268 268 269 269 269 269 269 269 269 269 270 270 270 270 270 270 270 270 270 270 270 270 270 270 270 270 270 270 270 270
271 271 271 271 272 272 272 272 273 273 273 274 274 273 271 270 274 275 275 276 277 280 283 284 284 283 283 283 283 282 281 279 278 276 273 271 270 267 262 259 259 258 256 253 251 249 248 245 241 237 240 245 250 254 258 260 261 262 263 265 266 266 267 268 268 268 269 269 269 269 269 269 269 269 269 270 270 270 270 270 270 270 270 270 270 270 270 270 270 270 270 270 270 270
271 271 271 272 272 272 273 273 274 274 275 276 277 279 283 285 285 285 283 284 284 284 285 285 284 283 282 282 281 280 279 278 277 276 274 272 268 264 259 257 258 257 255 252 250 249 247 244 239 235 240 245 250 255 258 259 260 261 262 264 265 266 267 267 268 268 268 269 269 269 269 269 269 269 269 269 270 270 270 270 270 270 270 270 270 270 270 270 270 270 270 270 270 270
271 271 272 272 272 273 273 274 275 275 276 278 281 287 297 298 296 295 292 292 291 288 286 285 284 282 281 280 278 277 276 276 276 276 275 271 266 260 255 255 256 256 254 251 249 248 245 242 237 235 240 246 250 255 257 258 259 260 262 264 265 266 267 267 268 268 268 268 269 269 269 269 269 269 269 269 270 270 270 270 270 270 270 270 270 270 270 270 270 270 270 270 270 270
271 272 272 272 272 273 274 274 275 276 278 280 284 293 305 309 306 304 299 297 294 289 286 284 283 282 280 278 276 275 274 275 274 273 273 270 265 259 254 253 254 255 253 251 249 247 244 240 235 235 242 247 251 255 256 257 259 261 262 264 265 266 266 267 268 268 268 268 269 269 269 269 269 269 269 269 269 270 270 270 270 270 270 270 270 270 270 270 270 270 270 270 270 270
272 272 272 272 273 273 274 275 276 277 279 281 285 293 304 312 313 308 303 298 294 289 285 283 282 280 278 277 275 274 274 274 272 268 268 268 263 259 255 252 254 254 253 250 248 246 243 239 235 237 243 249 252 254 254 257 259 261 263 264 265 266 266 267 268 268 268 268 268 269 269 269 269 269 269 269 269 270 270 270 270 270 270 270 270 270 270 270 270 270 270 270 270 270
272 272 272 273 273 274 274 275 276 278 280 282 286 292 300 309 312 311 304 298 292 288 286 283 281 278 277 276 275 274 273 273 268 261 264 264 261 260 257 254 255 255 253 251 249 246 243 239 236 239 246 250 251 252 254 258 260 262 263 264 265 266 267 267 268 268 268 268 268 269 269 269 269 269 269 269 269 270 270 270 270 270 270 270 270 270 270 270 270 270 270 270 270 270
272 272 272 273 273 274 274 275 277 278 280 283 286 291 297 305 311 312 307 297 292 289 287 284 280 278 276 276 276 275 273 270 262 257 260 261 259 259 257 256 256 255 253 251 249 247 244 239 237 242 248 250 250 253 256 259 261 262 263 264 265 266 267 267 267 268 268 268 268 269 269 269 269 269 269 269 269 269 270 270 270 270 270 270 270 270 270 270 270 270 270 270 270 270
272 272 272 273 273 274 275 276 277 278 280 283 286 289 295 301 309 319 324 301 293 290 287 284 280 277 276 276 276 275 272 266 258 256 258 258 257 258 258 258 258 256 254 252 250 248 244 241 240 245 248 249 251 255 257 260 261 262 264 265 265 266 267 267 267 267 268 268 268 269 269 269 269 269 269 269 269 269 270 270 270 270 270 270 270 270 270 270 270 270 270 270 270 270
272 272 273 273 273 274 275 276 277 278 280 282 285 288 292 298 305 319 324 307 296 291 287 284 280 277 276 276 277 275 270 261 254 256 259 259 257 258 259 260 260 258 256 253 251 249 246 243 243 247 249 251 254 257 259 260 262 263 264 265 265 266 267 267 267 267 268 268 268 269 269 269 269 269 269 269 269 269 270 270 270 270 270 270 270 270 270 270 270 270 270 270 270 270
272 272 273 273 273 274 275 276 277 278 280 282 284 287 291 295 301 310 313 311 301 292 287 283 280 278 277 276 277 275 266 252 248 253 257 258 257 260 263 264 263 261 258 255 253 250 248 246 246 248 251 254 256 258 260 261 262 263 264 265 266 267 267 267 267 268 268 268 268 269 269 269 269 269 269 269 269 269 270 270 270 270 270 270 270 270 270 270 270 270 270 270 270 270
272 272 273 273 273 274 275 275 276 278 279 281 283 286 289 292 297 301 306 309 308 297 288 284 281 280 278 277 276 273 261 246 245 247 249 250 251 257 264 265 266 265 262 258 255 253 251 249 249 250 253 256 258 259 261 262 263 264 264 265 266 266 267 267 267 268 268 268 268 269 269 269 269 269 269 269 269 269 270 270 270 270 270 270 270 270 270 270 270 270 270 270 270 270
272 272 273 273 273 274 275 275 276 277 279 280 282 284 287 290 293 296 300 305 308 307 293 285 283 281 279 276 274 268 256 248 247 245 244 243 243 251 260 263 265 266 264 261 259 257 254 252 252 254 256 258 259 260 262 263 263 264 265 266 266 266 267 267 268 268 268 268 268 269 269 269 269 269 269 269 269 269 270 270 270 270 270 270 270 270 270 270 270 270 270 270 270 270
272 272 273 273 273 274 274 275 276 277 278 279 281 283 285 287 290 293 296 299 304 307 305 292 285 282 279 276 270 262 254 251 250 246 243 240 241 248 256 260 262 264 263 262 262 260 257 256 255 257 258 259 260 261 262 263 264 265 265 266 266 266 267 267 268 268 268 268 268 269 269 269 269 269 269 269 269 269 270 270 270 270 270 270 270 270 270 270 270 270 270 270 270 270
272 272 273 273 273 274 274 275 276 276 277 279 280 281 283 285 287 289 292 294 297 301 305 303 291 284 279 275 270 260 252 252 251 247 242 239 242 249 255 259 260 262 262 262 263 262 260 259 258 259 260 261 262 262 263 264 264 265 266 266 266 267 267 268 268 268 268 268 268 269 269 269 269 269 269 269 269 269 270 270 270 270 270 270 270 270 270 270 270 270 270 270 270 270
272 272 273 273 273 274 274 275 275 276 277 278 279 280 282 283 285 287 288 290 292 295 298 301 298 287 280 277 272 261 253 253 252 247 242 241 245 251 256 258 260 261 262 263 263 263 262 261 260 261 261 262 263 263 264 264 265 265 266 266 267 267 267 268 268 268 268 268 268 269 269 269 269 269 269 269 269 269 270 270 270 270 270 270 270 270 270 270 270 270 270 270 270 270
272 272 272 273 273 273 274 274 275 276 276 277 278 279 280 281 283 284 286 287 288 290 291 294 294 288 284 281 274 264 257 255 252 247 244 245 250 254 256 259 260 261 262 263 263 263 262 262 262 262 262 263 263 264 264 265 265 266 266 267 267 267 268 268 268 268 268 268 269 269 269 269 269 269 269 269 269 269 270 270 270 270 270 270 270 270 270 270 270 270 270 270 270 270
272 272 272 273 273 273 274 274 275 275 276 276 277 278 279 280 281 282 283 284 285 286 287 287 287 286 285 282 276 269 262 258 254 250 248 250 254 256 258 260 261 262 263 264 264 263 263 263 263 263 263 264 264 264 265 265 266 266 267 267 267 267 268 268 268 268 268 268 269 269 269 269 269 269 269 269 269 270 270 270 270 270 270 270 270 270 270 270 270 270 270 270 270 270
272 272 272 273 273 273 273 274 274 275 275 276 276 277 278 279 279 280 281 282 282 283 283 283 282 282 281 279 277 272 267 261 257 253 252 254 257 258 260 261 262 263 263 264 264 263 264 264 264 264 264 264 265 265 266 266 266 266 267 267 267 268 268 268 268 268 268 269 269 269 269 269 269 269 269 269 269 270 270 270 270 270 270 270 270 270 270 270 270 270 270 270 270 270
272 272 272 272 273 273 273 274 274 274 275 275 276 276 277 277 278 279 279 280 280 280 280 280 280 279 277 276 274 272 268 264 260 257 256 257 259 260 261 262 263 263 264 264 264 264 264 265 265 265 265 265 265 266 266 266 266 267 267 267 267 268 268 268 268 268 268 269 269 269 269 269 269 269 269 269 269 270 270 270 270 270 270 270 270 270 270 270 270 270 270 270 270 270
272 272 272 272 273 273 273 273 274 274 274 275 275 276 276 277 277 277 278 278 278 278 278 278 277 276 275 274 272 270 268 265 263 261 260 260 261 262 263 263 263 264 264 264 264 265 265 265 265 265 265 266 266 266 266 267 267 267 267 267 268 268 268 268 268 268 269 269 269 269 269 269 269 269 269 269 270 270 270 270 270 270 270 270 270 270 270 270 270 270 270 270 270 270
272 272 272 272 272 273 273 273 273 274 274 274 275 275 275 276 276 276 277 277 277 277 277 276 276 275 274 273 271 270 268 266 265 264 263 263 263 263 264 264 264 264 265 265 265 265 266 266 266 266 266 266 266 267 267 267 267 267 267 268 268 268 268 268 268 268 269 269 269 269 269 269 269 269 269 269 270 270 270 270 270 270 270 270 270 270 270 270 270 270 270 270 270 270
271 272 272 272 272 272 273 273 273 273 274 274 274 274 275 275 275 275 276 276 276 276 275 275 275 274 273 272 271 270 268 267 266 265 265 264 264 264 264 264 265 265 265 265 266 266 266 266 266 266 266 266 267 267 267 267 267 267 268 268 268 268 268 268 268 269 269 269 269 269 269 269 269 269 269 270 270 270 270 270 270 270 270 270 270 270 270 270 270 270 270 270 270 270
271 272 272 272 272 272 272 273 273 273 273 273 274 274 274 274 275 275 275 275 275 275 274 274 274 273 272 272 271 270 269 268 267 266 266 265 265 265 265 265 266 266 266 266 266 266 266 266 266 267 267 267 267 267 267 267 267 268 268 268 268 268 268 268 269 269 269 269 269 269 269 269 269 269 269 270 270 270 270 270 270 270 270 270 270 270 270 270 270 270 270 270 270 270
271 271 272 272 272 272 272 272 273 273 273 273 273 273 274 274 274 274 274 274 274 274 274 273 273 272 272 271 270 270 269 268 267 267 267 266 266 266 266 266 266 266 266 266 267 267 267 267 267 267 267 267 267 267 267 268 268 268 268 268 268 268 268 269 269 269 269 269 269 269 269 269 269 269 270 270 270 270 270 270 270 270 270 270 270 270 270 270 270 270 270 270 270 270
271 271 271 272 272 272 272 272 272 272 273 273 273 273 273 273 273 273 273 273 273 273 273 273 272 272 271 271 270 270 269 269 268 268 267 267 267 267 267 267 267 267 267 267 267 267 267 267 267 267 267 267 267 267 268 268 268 268 268 268 268 268 269 269 269 269 269 269 269 269 269 269 269 269 270 270 270 270 270 270 270 270 270 270 270 270 270 270 270 270 270 270 270 270
271 271 271 271 272 272 272 272 272 272 272 273 273 273 273 273 273 273 273 273 273 273 273 272 272 272 271 271 270 270 269 269 268 268 268 267 267 267 267 267 267 267 267 267 267 267 267 267 267 267 267 268 268 268 268 268 268 268 268 268 268 269 269 269 269 269 269 269 269 269 269 269 269 270 270 270 270 270 270 270 270 270 270 270 270 270 270 270 270 270 270 270 270 270
271 271 271 271 271 272 272 272 272 272 272 272 272 272 273 273 273 273 273 272 272 272 272 272 272 271 271 271 270 270 269 269 269 268 268 268 268 268 268 267 267 267 267 267 268 267 267 268 268 268 268 268 268 268 268 268 268 268 268 268 269 269 269 269 269 269 269 269 269 269 269 269 269 270 270 270 270 270 270 270 270 270 270 270 270 270 270 270 270 270 270 270 270 270
271 271 271 271 271 271 272 272 272 272 272 272 272 272 272 272 272 272 272 272 272 272 272 272 271 271 271 270 270 270 269 269 269 269 268 268 268 268 268 268 268 268 268 268 268 268 268 268 268 268 268 268 268 268 268 268 268 268 268 269 269 269 269 269 269 269 269 269 269 269 269 269 270 270 270 270 270 270 270 270 270 270 270 270 270 270 270 270 270 270 270 270 270 270
271 271 271 271 271 271 271 271 272 272 272 272 272 272 272 272 272 272 272 272 272 272 272 271 271 271 271 270 270 270 270 269 269 269 269 269 268 268 268 268 268 268 268 268 268 268 268 268 268 268 268 268 268 268 268 268 268 269 269 269 269 269 269 269 269 269 269 269 269 269 269 270 270 270 270 270 270 270 270 270 270 270 270 270 270 270 270 270 270 270 270 270 270 270
271 271 271 271 271 271 271 271 271 271 272 272 272 272 272 272 272 272 272 272 272 271 271 271 271 271 271 270 270 270 270 269 269 269 269 269 269 269 268 268 268 268 268 268 268 268 268 268 268 268 268 268 268 268 268 269 269 269 269 269 269 269 269 269 269 269 269 269 269 269 270 270 270 270 270 270 270 270 270 270 270 270 270 270 270 270 270 270 270 270 270 270 270 270
