data/AilsaCraig_270_1_25m_vel_mm.asc
ncols	257
nrows	257
xllcorner	3364200.000000
yllcorner	3669375.000000
cellsize	25.000000
NODATA_value	-9999.000000
[rows 76 to 113 of 257, columns 84 to 167 of 257]
0.84 0.84 0.84 0.84 0.83 0.83 0.83 0.83 0.83 0.83 0.83 0.83 0.83 0.82 0.82 0.82 0.82 0.82 0.82 0.82 0.82 0.82 0.82 0.82 0.82 0.82 0.82 0.82 0.81 0.81 0.81 0.81 0.81 0.81 0.81 0.81 0.81 0.81 0.81 0.81 0.81 0.81 0.81 0.81 0.81 0.81 0.81 0.81 0.81 0.81 0.81 0.81 0.81 0.81 0.81 0.81 0.81 0.81 0.81 0.81 0.81 0.81 0.81 0.80 0.80 0.80 0.80 0.80 0.80 0.80 0.80 0.79 0.79 0.79 0.79 0.79 0.79 0.79 0.79 0.79 0.78 0.78 0.78 0.78
0.84 0.84 0.84 0.83 0.83 0.83 0.83 0.83 0.83 0.83 0.83 0.83 0.82 0.82 0.82 0.82 0.82 0.82 0.82 0.82 0.82 0.82 0.82 0.82 0.81 0.81 0.81 0.81 0.81 0.81 0.81 0.81 0.81 0.81 0.81 0.81 0.81 0.81 0.81 0.81 0.81 0.81 0.81 0.81 0.81 0.81 0.81 0.81 0.81 0.81 0.81 0.81 0.81 0.81 0.81 0.81 0.81 0.81 0.81 0.81 0.80 0.80 0.80 0.80 0.80 0.80 0.80 0.80 0.80 0.79 0.79 0.79 0.79 0.79 0.79 0.79 0.79 0.79 0.79 0.79 0.78 0.78 0.78 0.78
0.84 0.83 0.83 0.83 0.83 0.83 0.83 0.83 0.83 0.82 0.82 0.82 0.82 0.82 0.82 0.82 0.82 0.82 0.82 0.81 0.81 0.81 0.81 0.81 0.81 0.81 0.81 0.81 0.81 0.81 0.81 0.81 0.81 0.81 0.81 0.81 0.81 0.81 0.81 0.81 0.81 0.81 0.81 0.81 0.81 0.81 0.81 0.81 0.81 0.81 0.81 0.81 0.81 0.81 0.81 0.81 0.81 0.81 0.81 0.81 0.81 0.81 0.81 0.81 0.80 0.80 0.80 0.80 0.80 0.80 0.80 0.79 0.79 0.79 0.79 0.79 0.79 0.79 0.79 0.78 0.78 0.78 0.78 0.78
0.83 0.83 0.83 0.83 0.83 0.83 0.83 0.82 0.82 0.82 0.82 0.82 0.82 0.82 0.82 0.82 0.81 0.81 0.81 0.81 0.81 0.81 0.81 0.81 0.81 0.81 0.81 0.81 0.81 0.81 0.81 0.81 0.81 0.81 0.81 0.81 0.81 0.81 0.81 0.81 0.81 0.81 0.81 0.81 0.81 0.81 0.81 0.81 0.81 0.81 0.81 0.81 0.81 0.81 0.81 0.81 0.81 0.81 0.81 0.81 0.81 0.81 0.81 0.81 0.81 0.81 0.80 0.80 0.80 0.80 0.80 0.80 0.80 0.79 0.79 0.79 0.79 0.79 0.79 0.79 0.79 0.78 0.78 0.78
0.83 0.83 0.83 0.83 0.83 0.83 0.82 0.82 0.82 0.82 0.82 0.82 0.82 0.82 0.82 0.81 0.81 0.81 0.81 0.81 0.81 0.81 0.81 0.81 0.81 0.81 0.81 0.81 0.81 0.81 0.81 0.81 0.81 0.81 0.81 0.81 0.81 0.81 0.81 0.81 0.81 0.81 0.81 0.81 0.81 0.81 0.81 0.81 0.81 0.81 0.81 0.82 0.82 0.82 0.81 0.81 0.81 0.81 0.81 0.81 0.81 0.81 0.81 0.81 0.81 0.81 0.81 0.81 0.80 0.80 0.80 0.80 0.80 0.80 0.80 0.80 0.79 0.79 0.79 0.79 0.79 0.79 0.79 0.79
0.83 0.83 0.83 0.83 0.83 0.82 0.82 0.82 0.82 0.82 0.82 0.82 0.82 0.82 0.81 0.81 0.81 0.81 0.81 0.81 0.81 0.81 0.81 0.81 0.81 0.81 0.81 0.81 0.80 0.80 0.80 0.80 0.80 0.80 0.81 0.81 0.81 0.81 0.81 0.81 0.81 0.81 0.81 0.81 0.81 0.81 0.81 0.81 0.81 0.81 0.81 0.81 0.81 0.81 0.81 0.81 0.81 0.81 0.81 0.81 0.81 0.81 0.81 0.81 0.81 0.80 0.80 0.80 0.80 0.80 0.80 0.80 0.80 0.80 0.79 0.79 0.79 0.79 0.79 0.79 0.79 0.79 0.79 0.79
0.83 0.83 0.83 0.82 0.82 0.82 0.82 0.82 0.82 0.82 0.82 0.81 0.81 0.81 0.81 0.81 0.81 0.81 0.81 0.81 0.81 0.80 0.80 0.80 0.80 0.80 0.80 0.80 0.80 0.80 0.80 0.80 0.80 0.80 0.80 0.80 0.80 0.80 0.81 0.81 0.81 0.81 0.81 0.81 0.81 0.81 0.81 0.81 0.81 0.82 0.82 0.82 0.82 0.82 0.82 0.82 0.82 0.82 0.82 0.82 0.81 0.81 0.81 0.81 0.81 0.81 0.81 0.81 0.80 0.80 0.80 0.80 0.80 0.80 0.80 0.79 0.79 0.79 0.79 0.79 0.79 0.79 0.79 0.79
0.83 0.82 0.82 0.82 0.82 0.82 0.82 0.82 0.81 0.81 0.81 0.81 0.81 0.81 0.81 0.81 0.81 0.80 0.80 0.80 0.80 0.80 0.80 0.80 0.80 0.80 0.80 0.80 0.80 0.80 0.80 0.80 0.80 0.80 0.80 0.80 0.80 0.80 0.80 0.80 0.81 0.81 0.81 0.81 0.81 0.81 0.81 0.81 0.81 0.82 0.82 0.82 0.82 0.82 0.82 0.82 0.82 0.82 0.82 0.82 0.82 0.82 0.82 0.81 0.81 0.81 0.81 0.81 0.81 0.81 0.81 0.80 0.80 0.80 0.80 0.80 0.80 0.79 0.79 0.79 0.79 0.79 0.79 0.79
0.82 0.82 0.82 0.82 0.82 0.82 0.82 0.81 0.81 0.81 0.81 0.81 0.81 0.81 0.81 0.80 0.80 0.80 0.80 0.80 0.80 0.80 0.80 0.80 0.80 0.80 0.80 0.80 0.80 0.80 0.80 0.80 0.80 0.80 0.80 0.80 0.80 0.80 0.80 0.80 0.80 0.80 0.81 0.81 0.81 0.81 0.81 0.81 0.81 0.82 0.82 0.82 0.82 0.82 0.82 0.82 0.82 0.82 0.82 0.82 0.82 0.82 0.82 0.82 0.82 0.82 0.81 0.81 0.81 0.81 0.81 0.81 0.81 0.80 0.80 0.80 0.80 0.80 0.80 0.80 0.79 0.79 0.79 0.79
0.82 0.82 0.82 0.82 0.82 0.82 0.81 0.81 0.81 0.81 0.81 0.81 0.81 0.80 0.80 0.80 0.80 0.80 0.80 0.80 0.80 0.80 0.80 0.79 0.79 0.79 0.79 0.79 0.79 0.79 0.79 0.79 0.79 0.79 0.79 0.79 0.79 0.80 0.80 0.80 0.80 0.80 0.80 0.80 0.81 0.81 0.81 0.81 0.81 0.81 0.81 0.82 0.82 0.82 0.82 0.82 0.82 0.82 0.82 0.82 0.82 0.82 0.82 0.81 0.81 0.81 0.81 0.81 0.81 0.81 0.81 0.80 0.80 0.80 0.80 0.80 0.80 0.80 0.80 0.79 0.79 0.79 0.79 0.79
0.82 0.82 0.82 0.82 0.81 0.81 0.81 0.81 0.81 0.81 0.81 0.80 0.80 0.80 0.80 0.80 0.80 0.80 0.79 0.79 0.79 0.79 0.79 0.79 0.79 0.79 0.79 0.79 0.79 0.79 0.79 0.79 0.79 0.79 0.79 0.79 0.79 0.79 0.79 0.80 0.80 0.80 0.80 0.80 0.81 0.81 0.81 0.81 0.81 0.82 0.82 0.82 0.82 0.82 0.82 0.82 0.82 0.82 0.82 0.82 0.82 0.82 0.82 0.82 0.82 0.82 0.82 0.81 0.81 0.81 0.81 0.81 0.81 0.80 0.80 0.80 0.80 0.80 0.79 0.79 0.79 0.79 0.79 0.79
0.82 0.82 0.81 0.81 0.81 0.81 0.81 0.81 0.80 0.80 0.80 0.80 0.80 0.80 0.80 0.79 0.79 0.79 0.79 0.79 0.79 0.79 0.79 0.79 0.78 0.78 0.78 0.78 0.78 0.78 0.78 0.78 0.78 0.78 0.79 0.79 0.79 0.79 0.79 0.79 0.79 0.80 0.80 0.80 0.80 0.81 0.81 0.81 0.81 0.82 0.82 0.82 0.82 0.82 0.82 0.82 0.82 0.82 0.82 0.82 0.82 0.82 0.82 0.82 0.82 0.82 0.82 0.82 0.82 0.81 0.81 0.81 0.81 0.81 0.81 0.80 0.80 0.80 0.80 0.80 0.79 0.79 0.79 0.79
0.82 0.81 0.81 0.81 0.81 0.81 0.81 0.80 0.80 0.80 0.80 0.80 0.80 0.79 0.79 0.79 0.79 0.79 0.79 0.79 0.79 0.78 0.78 0.78 0.78 0.78 0.78 0.78 0.78 0.78 0.78 0.78 0.78 0.78 0.78 0.78 0.78 0.79 0.79 0.79 0.79 0.79 0.80 0.80 0.80 0.81 0.81 0.81 0.81 0.81 0.82 0.82 0.82 0.82 0.82 0.82 0.82 0.82 0.82 0.83 0.83 0.83 0.82 0.82 0.82 0.82 0.82 0.82 0.82 0.82 0.82 0.82 0.81 0.81 0.81 0.81 0.81 0.80 0.80 0.80 0.80 0.80 0.80 0.79
0.82 0.81 0.81 0.81 0.81 0.81 0.80 0.80 0.80 0.80 0.80 0.80 0.79 0.79 0.79 0.79 0.79 0.79 0.78 0.78 0.78 0.78 0.78 0.78 0.78 0.77 0.77 0.77 0.77 0.77 0.77 0.77 0.77 0.77 0.78 0.78 0.78 0.78 0.78 0.78 0.79 0.79 0.79 0.79 0.80 0.80 0.80 0.81 0.81 0.81 0.81 0.82 0.82 0.82 0.82 0.82 0.82 0.82 0.82 0.82 0.82 0.82 0.82 0.82 0.82 0.82 0.82 0.82 0.82 0.82 0.81 0.81 0.81 0.81 0.81 0.81 0.80 0.80 0.80 0.80 0.80 0.80 0.80 0.79
0.81 0.81 0.81 0.81 0.80 0.80 0.80 0.80 0.80 0.79 0.79 0.79 0.79 0.79 0.79 0.78 0.78 0.78 0.78 0.78 0.77 0.77 0.77 0.77 0.77 0.77 0.77 0.77 0.77 0.77 0.77 0.77 0.77 0.77 0.77 0.77 0.77 0.78 0.78 0.78 0.78 0.79 0.79 0.79 0.80 0.80 0.80 0.81 0.81 0.81 0.81 0.82 0.82 0.82 0.82 0.82 0.82 0.82 0.82 0.82 0.82 0.82 0.82 0.82 0.82 0.82 0.82 0.82 0.82 0.82 0.82 0.81 0.81 0.81 0.81 0.81 0.80 0.80 0.80 0.80 0.80 0.80 0.79 0.79
0.81 0.81 0.81 0.80 0.80 0.80 0.80 0.79 0.79 0.79 0.79 0.79 0.78 0.78 0.78 0.78 0.78 0.77 0.77 0.77 0.77 0.77 0.77 0.76 0.76 0.76 0.76 0.76 0.76 0.76 0.76 0.76 0.76 0.76 0.76 0.77 0.77 0.77 0.77 0.78 0.78 0.78 0.79 0.79 0.79 0.80 0.80 0.80 0.81 0.81 0.81 0.81 0.82 0.82 0.82 0.82 0.82 0.82 0.82 0.82 0.82 0.82 0.82 0.82 0.82 0.82 0.82 0.82 0.82 0.82 0.82 0.81 0.81 0.81 0.81 0.81 0.81 0.80 0.80 0.80 0.80 0.80 0.79 0.79
0.81 0.80 0.80 0.80 0.80 0.80 0.79 0.79 0.79 0.79 0.79 0.78 0.78 0.78 0.78 0.77 0.77 0.77 0.77 0.77 0.76 0.76 0.76 0.76 0.76 0.76 0.76 0.75 0.75 0.75 0.75 0.75 0.76 0.76 0.76 0.76 0.76 0.77 0.77 0.77 0.78 0.78 0.78 0.79 0.79 0.80 0.80 0.80 0.81 0.81 0.81 0.81 0.82 0.82 0.82 0.82 0.82 0.82 0.82 0.82 0.82 0.82 0.82 0.82 0.82 0.82 0.82 0.82 0.82 0.82 0.81 0.81 0.81 0.81 0.81 0.81 0.81 0.81 0.80 0.80 0.80 0.80 0.80 0.80
0.81 0.80 0.80 0.80 0.80 0.79 0.79 0.79 0.79 0.78 0.78 0.78 0.78 0.77 0.77 0.77 0.77 0.76 0.76 0.76 0.76 0.76 0.75 0.75 0.75 0.75 0.75 0.75 0.75 0.75 0.75 0.75 0.75 0.75 0.75 0.75 0.76 0.76 0.76 0.77 0.77 0.77 0.78 0.78 0.79 0.79 0.79 0.80 0.80 0.80 0.81 0.81 0.81 0.81 0.81 0.81 0.82 0.82 0.82 0.82 0.82 0.82 0.82 0.82 0.82 0.81 0.81 0.81 0.81 0.81 0.81 0.81 0.81 0.81 0.81 0.80 0.80 0.80 0.80 0.80 0.80 0.80 0.79 0.79
0.80 0.80 0.80 0.80 0.79 0.79 0.79 0.78 0.78 0.78 0.78 0.77 0.77 0.77 0.77 0.76 0.76 0.76 0.76 0.75 0.75 0.75 0.75 0.74 0.74 0.74 0.74 0.74 0.74 0.74 0.74 0.74 0.74 0.74 0.74 0.75 0.75 0.75 0.76 0.76 0.77 0.77 0.77 0.78 0.78 0.79 0.79 0.80 0.80 0.80 0.80 0.81 0.81 0.81 0.81 0.81 0.81 0.82 0.82 0.82 0.82 0.82 0.82 0.82 0.81 0.81 0.81 0.81 0.81 0.81 0.81 0.81 0.80 0.80 0.80 0.80 0.80 0.80 0.80 0.79 0.79 0.79 0.79 0.79
0.80 0.80 0.79 0.79 0.79 0.79 0.78 0.78 0.78 0.77 0.77 0.77 0.77 0.76 0.76 0.76 0.75 0.75 0.75 0.75 0.74 0.74 0.74 0.74 0.73 0.73 0.73 0.73 0.73 0.73 0.73 0.73 0.73 0.73 0.74 0.74 0.74 0.75 0.75 0.76 0.76 0.77 0.77 0.77 0.78 0.78 0.79 0.79 0.79 0.80 0.80 0.80 0.80 0.81 0.81 0.81 0.81 0.81 0.81 0.81 0.81 0.81 0.81 0.81 0.81 0.81 0.81 0.81 0.80 0.80 0.80 0.80 0.80 0.80 0.80 0.79 0.79 0.79 0.79 0.79 0.78 0.78 0.78 0.78
0.80 0.79 0.79 0.79 0.79 0.78 0.78 0.78 0.77 0.77 0.77 0.76 0.76 0.76 0.75 0.75 0.75 0.74 0.74 0.74 0.74 0.73 0.73 0.73 0.73 0.72 0.72 0.72 0.72 0.72 0.72 0.72 0.73 0.73 0.73 0.73 0.74 0.74 0.75 0.75 0.76 0.76 0.77 0.77 0.78 0.78 0.78 0.79 0.79 0.79 0.80 0.80 0.80 0.80 0.80 0.81 0.81 0.81 0.81 0.81 0.81 0.81 0.81 0.81 0.80 0.80 0.80 0.80 0.80 0.80 0.80 0.80 0.79 0.79 0.79 0.79 0.79 0.79 0.78 0.78 0.78 0.78 0.77 0.77
0.79 0.79 0.79 0.79 0.78 0.78 0.78 0.77 0.77 0.77 0.76 0.76 0.76 0.75 0.75 0.74 0.74 0.74 0.73 0.73 0.73 0.72 0.72 0.72 0.71 0.71 0.71 0.71 0.71 0.71 0.71 0.71 0.72 0.72 0.72 0.73 0.73 0.74 0.74 0.75 0.75 0.76 0.76 0.77 0.77 0.77 0.78 0.78 0.78 0.79 0.79 0.79 0.79 0.79 0.79 0.80 0.80 0.80 0.80 0.80 0.80 0.79 0.79 0.79 0.79 0.79 0.79 0.79 0.79 0.79 0.79 0.79 0.78 0.78 0.78 0.78 0.78 0.78 0.77 0.77 0.77 0.77 0.77 0.76
0.79 0.79 0.79 0.78 0.78 0.78 0.77 0.77 0.76 0.76 0.76 0.75 0.75 0.74 0.74 0.74 0.73 0.73 0.72 0.72 0.72 0.71 0.71 0.71 0.70 0.70 0.70 0.70 0.70 0.70 0.70 0.70 0.71 0.71 0.71 0.72 0.72 0.73 0.73 0.74 0.75 0.75 0.76 0.76 0.77 0.77 0.77 0.78 0.78 0.78 0.78 0.78 0.78 0.78 0.78 0.78 0.78 0.78 0.78 0.78 0.78 0.78 0.78 0.78 0.78 0.78 0.78 0.78 0.78 0.78 0.77 0.77 0.77 0.77 0.77 0.77 0.76 0.76 0.76 0.76 0.76 0.75 0.75 0.75
0.79 0.78 0.78 0.78 0.77 0.77 0.77 0.76 0.76 0.76 0.75 0.75 0.74 0.74 0.73 0.73 0.72 0.72 0.72 0.71 0.71 0.70 0.70 0.70 0.69 0.69 0.69 0.69 0.69 0.69 0.69 0.69 0.70 0.70 0.71 0.71 0.72 0.72 0.73 0.73 0.74 0.75 0.75 0.75 0.76 0.76 0.76 0.76 0.76 0.76 0.77 0.77 0.77 0.77 0.77 0.77 0.77 0.77 0.77 0.77 0.77 0.77 0.77 0.77 0.77 0.76 0.76 0.76 0.76 0.76 0.75 0.75 0.75 0.75 0.74 0.74 0.74 0.74 0.73 0.73 0.73 0.73 0.73 0.72
0.78 0.78 0.78 0.77 0.77 0.77 0.76 0.76 0.75 0.75 0.75 0.74 0.74 0.73 0.73 0.72 0.72 0.71 0.71 0.70 0.70 0.69 0.69 0.69 0.68 0.68 0.68 0.68 0.68 0.68 0.68 0.69 0.69 0.69 0.70 0.70 0.71 0.72 0.72 0.73 0.73 0.74 0.74 0.75 0.75 0.75 0.76 0.76 0.76 0.77 0.77 0.77 0.78 0.78 0.78 0.78 0.79 0.79 0.79 0.79 0.79 0.79 0.79 0.79 0.79 0.79 0.79 0.78 0.78 0.78 0.77 0.77 0.76 0.76 0.75 0.75 0.74 0.74 0.73 0.73 0.72 0.72 0.71 0.71
0.78 0.78 0.78 0.77 0.77 0.76 0.76 0.75 0.75 0.75 0.74 0.73 0.73 0.72 0.72 0.71 0.71 0.70 0.70 0.69 0.68 0.68 0.68 0.67 0.67 0.67 0.67 0.67 0.67 0.67 0.67 0.68 0.68 0.68 0.69 0.70 0.70 0.71 0.72 0.72 0.73 0.74 0.74 0.75 0.76 0.76 0.77 0.78 0.78 0.79 0.79 0.80 0.80 0.81 0.81 0.81 0.82 0.82 0.82 0.82 0.82 0.83 0.82 0.82 0.82 0.82 0.82 0.82 0.81 0.81 0.81 0.80 0.80 0.79 0.79 0.78 0.78 0.77 0.77 0.76 0.76 0.75 0.75 0.74
0.78 0.78 0.77 0.77 0.76 0.76 0.75 0.75 0.74 0.74 0.73 0.73 0.72 0.71 0.71 0.70 0.70 0.69 0.68 0.68 0.67 0.67 0.66 0.66 0.66 0.66 0.65 0.65 0.66 0.66 0.66 0.66 0.67 0.67 0.68 0.69 0.70 0.70 0.71 0.72 0.73 0.75 0.76 0.77 0.78 0.79 0.80 0.81 0.81 0.82 0.82 0.82 0.83 0.83 0.84 0.84 0.85 0.85 0.85 0.86 0.86 0.86 0.86 0.86 0.86 0.85 0.85 0.85 0.85 0.84 0.84 0.84 0.83 0.83 0.82 0.82 0.81 0.81 0.80 0.80 0.79 0.79 0.78 0.78
0.77 0.77 0.77 0.76 0.76 0.75 0.75 0.74 0.74 0.73 0.73 0.72 0.71 0.71 0.70 0.69 0.69 0.68 0.67 0.67 0.66 0.66 0.65 0.65 0.64 0.64 0.64 0.64 0.64 0.64 0.65 0.65 0.66 0.66 0.67 0.68 0.69 0.69 0.70 0.72 0.75 0.77 0.79 0.81 0.81 0.81 0.82 0.82 0.82 0.82 0.82 0.83 0.83 0.84 0.85 0.85 0.86 0.86 0.87 0.87 0.87 0.87 0.87 0.87 0.87 0.87 0.87 0.87 0.87 0.86 0.86 0.86 0.85 0.85 0.85 0.84 0.84 0.83 0.83 0.83 0.82 0.82 0.81 0.81
0.77 0.77 0.76 0.76 0.75 0.75 0.74 0.74 0.73 0.72 0.72 0.71 0.70 0.70 0.69 0.68 0.68 0.67 0.66 0.65 0.65 0.64 0.64 0.63 0.63 0.63 0.63 0.63 0.63 0.63 0.63 0.64 0.65 0.65 0.66 0.67 0.68 0.69 0.71 0.75 0.78 0.79 0.80 0.79 0.78 0.77 0.77 0.78 0.78 0.79 0.79 0.80 0.81 0.82 0.83 0.84 0.85 0.85 0.86 0.86 0.86 0.86 0.86 0.86 0.86 0.86 0.86 0.86 0.86 0.86 0.86 0.85 0.85 0.85 0.85 0.85 0.84 0.84 0.84 0.83 0.83 0.83 0.82 0.82
0.77 0.77 0.76 0.76 0.75 0.74 0.74 0.73 0.73 0.72 0.71 0.70 0.70 0.69 0.68 0.67 0.66 0.66 0.65 0.64 0.63 0.63 0.62 0.62 0.62 0.61 0.61 0.61 0.62 0.62 0.62 0.63 0.64 0.65 0.66 0.67 0.69 0.71 0.75 0.81 0.87 0.90 0.91 0.88 0.81 0.77 0.75 0.74 0.72 0.72 0.73 0.73 0.75 0.77 0.78 0.79 0.80 0.81 0.81 0.82 0.82 0.82 0.82 0.82 0.82 0.83 0.83 0.83 0.83 0.83 0.83 0.83 0.83 0.83 0.83 0.83 0.83 0.83 0.83 0.83 0.82 0.82 0.82 0.82
0.77 0.76 0.76 0.75 0.74 0.74 0.73 0.72 0.72 0.71 0.70 0.69 0.68 0.68 0.67 0.66 0.65 0.64 0.63 0.63 0.62 0.61 0.61 0.60 0.60 0.60 0.60 0.60 0.60 0.60 0.61 0.62 0.63 0.64 0.65 0.67 0.71 0.74 0.78 0.79 0.88 0.92 0.91 0.88 0.81 0.77 0.59 0.55 0.52 0.51 0.52 0.53 0.58 0.62 0.64 0.67 0.69 0.70 0.72 0.73 0.74 0.75 0.75 0.76 0.76 0.76 0.77 0.77 0.77 0.78 0.78 0.78 0.79 0.79 0.79 0.79 0.79 0.80 0.80 0.80 0.80 0.80 0.80 0.80
0.76 0.76 0.75 0.74 0.74 0.73 0.72 0.72 0.71 0.70 0.69 0.68 0.68 0.67 0.66 0.65 0.64 0.63 0.62 0.61 0.60 0.60 0.59 0.59 0.58 0.58 0.58 0.58 0.58 0.59 0.59 0.60 0.62 0.63 0.64 0.69 0.74 0.76 0.74 0.70 0.70 0.80 0.92 0.93 0.75 0.65 0.59 0.34 0.29 0.28 0.29 0.32 0.38 0.43 0.48 0.51 0.55 0.57 0.60 0.62 0.63 0.65 0.66 0.67 0.68 0.68 0.69 0.70 0.71 0.71 0.72 0.72 0.73 0.73 0.74 0.74 0.75 0.75 0.76 0.76 0.76 0.77 0.77 0.77
0.76 0.75 0.75 0.74 0.73 0.73 0.72 0.71 0.70 0.70 0.69 0.68 0.67 0.66 0.65 0.64 0.63 0.62 0.61 0.60 0.59 0.58 0.58 0.57 0.57 0.56 0.56 0.56 0.57 0.57 0.58 0.59 0.61 0.62 0.65 0.71 0.73 0.68 0.59 0.52 0.52 0.65 0.87 0.93 0.65 0.49 0.19 0.14 0.10 0.09 0.10 0.15 0.22 0.27 0.33 0.37 0.41 0.44 0.47 0.50 0.52 0.54 0.55 0.57 0.58 0.59 0.61 0.62 0.63 0.64 0.65 0.66 0.66 0.67 0.68 0.69 0.69 0.70 0.71 0.71 0.72 0.72 0.73 0.73
0.76 0.75 0.74 0.74 0.73 0.72 0.71 0.71 0.70 0.69 0.68 0.67 0.66 0.65 0.64 0.62 0.61 0.60 0.59 0.58 0.57 0.57 0.56 0.55 0.55 0.55 0.54 0.55 0.55 0.55 0.56 0.58 0.61 0.63 0.70 0.77 0.79 0.71 0.61 0.52 0.64 0.72 0.82 0.75 0.26 0.06 0.06 0.07 0.05 0.04 0.01 0.05 0.10 0.15 0.21 0.25 0.30 0.33 0.36 0.39 0.41 0.43 0.45 0.47 0.49 0.50 0.52 0.53 0.55 0.56 0.57 0.59 0.60 0.61 0.62 0.63 0.63 0.64 0.65 0.66 0.67 0.67 0.68 0.69
0.75 0.74 0.74 0.73 0.72 0.72 0.71 0.70 0.69 0.68 0.67 0.66 0.64 0.63 0.62 0.61 0.60 0.59 0.58 0.57 0.56 0.55 0.54 0.54 0.53 0.53 0.53 0.53 0.53 0.54 0.55 0.57 0.60 0.62 0.70 0.66 0.66 0.71 0.61 0.53 0.65 1.15 1.17 0.59 0.10 0.05 0.10 0.09 0.10 0.10 0.07 0.04 0.04 0.08 0.13 0.16 0.20 0.24 0.27 0.29 0.32 0.34 0.36 0.38 0.40 0.42 0.44 0.46 0.47 0.49 0.50 0.51 0.53 0.54 0.55 0.56 0.57 0.58 0.59 0.60 0.61 0.62 0.63 0.63
0.75 0.74 0.73 0.72 0.72 0.71 0.70 0.69 0.68 0.67 0.66 0.65 0.63 0.62 0.61 0.60 0.59 0.57 0.56 0.55 0.54 0.53 0.52 0.52 0.51 0.51 0.51 0.51 0.51 0.52 0.53 0.55 0.60 0.62 0.69 0.69 0.66 0.69 0.66 0.78 0.76 1.15 1.22 0.54 0.21 0.10 0.14 0.13 0.14 0.13 0.10 0.07 0.04 0.04 0.07 0.11 0.14 0.17 0.20 0.22 0.24 0.27 0.29 0.31 0.33 0.35 0.37 0.38 0.40 0.42 0.43 0.45 0.46 0.47 0.48 0.50 0.51 0.52 0.53 0.54 0.55 0.56 0.57 0.58
0.74 0.74 0.73 0.72 0.71 0.70 0.69 0.68 0.67 0.66 0.65 0.64 0.62 0.61 0.60 0.59 0.57 0.56 0.55 0.54 0.52 0.51 0.51 0.50 0.49 0.49 0.48 0.49 0.49 0.50 0.51 0.54 0.58 0.60 0.68 0.68 0.76 0.71 0.71 1.02 1.16 1.16 1.26 0.55 0.31 0.31 0.15 0.17 0.18 0.16 0.13 0.10 0.07 0.05 0.05 0.07 0.09 0.12 0.14 0.16 0.19 0.21 0.23 0.25 0.27 0.29 0.30 0.32 0.34 0.35 0.37 0.38 0.40 0.41 0.42 0.43 0.45 0.46 0.47 0.48 0.49 0.50 0.51 0.52
0.74 0.73 0.73 0.72 0.71 0.70 0.69 0.68 0.67 0.65 0.64 0.63 0.61 0.60 0.59 0.57 0.56 0.54 0.53 0.52 0.51 0.50 0.49 0.48 0.47 0.47 0.47 0.47 0.47 0.48 0.50 0.55 0.61 0.65 0.70 0.70 0.70 0.75 0.73 1.08 1.13 1.20 1.22 0.54 0.32 0.32 0.21 0.22 0.18 0.16 0.18 0.15 0.12 0.09 0.06 0.06 0.07 0.08 0.10 0.13 0.15 0.16 0.18 0.20 0.21 0.23 0.25 0.26 0.27 0.29 0.30 0.31 0.33 0.34 0.35 0.36 0.37 0.38 0.39 0.40 0.41 0.42 0.43 0.44
