data/AilsaCraig_270_1_25m_ang_500m.asc
ncols	257
nrows	257
xllcorner	3364200.000000
yllcorner	3669375.000000
cellsize	25.000000
NODATA_value	-1.000000
[rows 84 to 125 of 257, columns 94 to 187 of 257]
269 269 269 269 269 269 269 269 269 269 269 269 269 269 269 269 269 269 269 269 269 269 269 269 269 269 269 269 269 269 270 270 270 270 270 270 270 270 270 270 270 271 271 271 271 271 271 271 271 271 271 271 271 271 271 271 271 271 271 271 271 271 271 271 271 271 271 271 271 271 271 271 271 271 271 271 271 271 271 271 271 271 271 271 271 271 271 271 271 270 270 270 270 270
269 269 269 269 269 269 269 269 269 269 269 269 269 269 269 269 269 269 269 269 269 269 269 269 269 269 269 269 269 269 270 270 270 270 270 270 270 270 270 270 271 271 271 271 271 271 271 271 271 271 271 271 271 271 271 271 271 271 271 271 271 271 271 271 271 271 271 271 271 271 271 271 271 271 271 271 271 271 271 271 271 271 271 271 271 271 271 271 271 271 270 270 270 270
269 269 269 269 269 269 269 269 269 269 269 269 269 269 269 269 269 269 269 269 269 269 269 269 269 269 269 269 269 269 269 270 270 270 270 270 270 270 270 271 271 271 271 271 271 271 271 271 271 271 271 271 271 271 271 271 271 271 271 271 271 271 271 271 271 271 271 271 271 271 271 271 271 271 271 271 271 271 271 271 271 271 271 271 271 271 271 271 271 271 270 270 270 270
269 269 269 269 269 269 269 269 269 269 269 269 269 269 269 269 269 269 269 269 269 269 269 269 269 269 269 269 269 269 269 270 270 270 270 270 270 270 270 271 271 271 271 271 271 271 271 271 271 271 271 271 271 271 271 271 271 271 271 271 271 271 271 271 271 271 271 271 271 271 271 271 271 271 271 271 271 271 271 271 271 271 271 271 271 271 271 271 271 271 271 270 270 270
269 269 269 269 269 269 268 269 268 268 268 268 268 268 268 268 268 268 268 268 268 269 269 269 269 269 269 269 269 269 269 270 270 270 270 270 270 270 271 271 271 271 271 271 271 271 271 271 271 271 271 271 271 271 271 271 271 271 271 271 271 271 271 271 271 271 271 271 271 271 271 271 271 271 271 271 271 271 271 271 271 271 271 271 271 271 271 271 271 271 271 270 270 270
269 269 269 269 268 268 268 268 268 268 268 268 268 268 268 268 268 268 268 268 268 268 268 268 268 269 269 269 269 269 269 269 270 270 270 270 270 270 271 271 271 271 271 271 271 271 271 272 272 272 272 272 272 272 272 272 272 272 272 272 272 271 271 271 271 271 271 271 271 271 271 271 271 271 271 271 271 271 271 271 271 271 271 271 271 271 271 271 271 271 271 271 270 270
269 268 268 268 268 268 268 268 268 268 268 268 268 268 268 268 268 268 268 268 268 268 268 268 268 268 269 269 269 269 269 269 270 270 270 270 270 271 271 271 271 271 271 271 272 272 272 272 272 272 272 272 272 272 272 272 272 272 272 272 272 272 272 272 271 271 271 271 271 271 271 271 271 271 271 271 271 271 271 271 271 271 271 271 271 271 271 271 271 271 271 271 270 270
268 268 268 268 268 268 268 268 268 268 268 268 268 268 268 268 268 268 268 268 268 268 268 268 268 268 268 269 269 269 269 269 270 270 270 270 270 271 271 271 271 271 272 272 272 272 272 272 272 272 272 272 272 272 272 272 272 272 272 272 272 272 272 272 272 272 271 271 271 271 271 271 271 271 271 271 271 271 271 271 271 271 271 271 271 271 271 271 271 271 271 271 271 270
268 268 268 268 268 268 268 268 268 268 268 268 268 268 268 268 268 268 268 268 268 268 268 268 268 268 268 268 269 269 269 269 269 270 270 270 270 271 271 271 271 272 272 272 272 272 272 272 272 272 272 272 272 272 272 272 272 272 272 272 272 272 272 272 272 272 272 272 271 271 271 271 271 271 271 271 271 271 271 271 271 271 271 271 271 271 271 271 271 271 271 271 271 270
268 268 268 268 268 268 268 268 268 268 268 268 268 268 268 268 268 267 267 267 267 267 267 267 268 268 268 268 268 269 269 269 269 270 270 270 271 271 271 271 272 272 272 272 272 272 272 272 272 272 272 272 272 272 272 272 272 272 272 272 272 272 272 272 272 272 272 272 272 271 271 271 271 271 271 271 271 271 271 271 271 271 271 271 271 271 271 271 271 271 271 271 271 270
268 268 268 268 268 268 268 268 268 268 268 268 268 268 267 267 267 267 267 267 267 267 267 267 267 268 268 268 268 268 269 269 269 270 270 270 271 271 271 272 272 272 272 272 272 273 273 273 273 273 273 273 273 272 272 272 272 272 272 272 272 272 272 272 272 272 272 272 272 272 271 271 271 271 271 271 271 271 271 271 271 271 271 271 271 271 271 271 271 271 271 271 271 271
268 268 268 268 268 268 268 268 268 268 268 267 267 267 267 267 267 267 267 267 267 267 267 267 267 267 267 268 268 268 268 269 269 270 270 270 271 271 271 272 272 272 272 273 273 273 273 273 273 273 273 273 273 273 273 272 272 272 272 272 272 272 272 272 272 272 272 272 272 272 272 271 271 271 271 271 271 271 271 271 271 271 271 271 271 271 271 271 271 271 271 271 271 271
268 268 268 268 268 268 268 268 268 268 267 267 267 267 267 267 266 266 266 266 266 267 267 267 267 267 267 267 267 268 268 268 269 269 270 270 271 271 272 272 272 273 273 273 273 273 273 273 273 273 273 273 273 273 273 273 273 273 272 272 272 272 272 272 272 272 272 272 272 272 272 272 271 271 271 271 271 271 271 271 271 271 271 271 271 271 271 271 271 271 271 271 271 271
268 268 268 268 268 268 268 268 268 267 267 267 267 267 266 266 266 266 266 266 266 266 266 266 266 266 267 267 267 267 268 268 269 269 270 270 271 271 272 272 273 273 273 273 273 274 274 274 274 274 274 274 273 273 273 273 273 273 273 272 272 272 272 272 272 272 272 272 272 272 272 272 271 271 271 271 271 271 271 271 271 271 271 271 271 271 271 271 271 271 271 271 271 271
268 268 268 268 268 268 268 268 267 267 267 267 266 266 266 266 266 266 266 266 266 266 266 266 266 266 266 266 267 267 268 268 269 269 270 271 271 272 272 273 273 273 274 274 274 274 274 274 274 274 274 274 274 274 273 273 273 273 273 273 272 272 272 272 272 272 272 272 272 272 272 272 272 271 271 271 271 271 271 271 271 271 271 271 271 271 271 271 271 271 271 271 271 271
268 268 268 268 268 268 268 267 267 267 267 266 266 266 266 266 266 266 265 265 265 265 265 265 265 265 265 265 266 266 267 268 268 269 270 271 272 272 273 273 274 274 274 274 274 275 275 275 275 274 274 274 274 274 274 274 273 273 273 273 273 272 272 272 272 272 272 272 272 272 272 272 272 271 271 271 271 271 271 271 271 271 271 271 271 271 271 271 271 271 271 271 271 271
268 268 268 268 268 268 267 267 267 267 266 266 266 266 266 266 266 265 265 265 265 264 264 264 264 264 264 265 265 266 266 267 268 269 270 271 272 273 273 274 274 275 275 275 275 275 275 275 275 275 275 275 274 274 274 274 274 273 273 273 273 273 272 272 272 272 272 272 272 272 272 272 272 272 271 271 271 271 271 271 271 271 271 271 271 271 271 271 271 271 271 271 271 271
268 268 268 268 268 267 267 267 267 266 266 266 265 266 265 265 265 265 264 264 264 264 264 264 263 264 264 264 264 265 266 267 268 269 270 271 272 273 274 275 275 276 276 276 276 276 276 276 275 275 275 275 275 275 274 274 274 274 273 273 273 273 273 272 272 272 272 272 272 272 272 272 272 272 271 271 271 271 271 271 271 271 271 271 271 271 271 271 271 271 271 271 271 271
268 268 268 268 268 267 267 267 266 266 266 265 265 266 265 265 265 264 264 264 263 263 263 263 263 262 263 263 264 264 265 266 267 269 270 271 273 274 275 276 276 277 277 277 277 277 276 276 276 276 276 275 275 275 275 275 274 274 274 273 273 273 273 273 272 272 272 272 272 272 272 272 272 272 271 271 271 271 271 271 271 271 271 271 271 271 271 271 271 271 271 271 271 271
268 268 268 268 267 267 267 267 266 266 266 266 265 265 265 264 264 264 263 263 262 262 262 262 261 261 261 261 262 263 264 265 267 268 270 272 273 275 276 277 278 278 278 278 278 278 277 277 277 276 276 276 276 275 275 275 275 274 274 274 273 273 273 273 273 272 272 272 272 272 272 272 272 272 271 271 271 271 271 271 271 271 271 271 271 271 271 271 271 271 271 271 271 271
268 268 268 267 267 267 267 266 266 266 266 265 265 265 264 264 263 263 263 262 262 261 261 260 260 260 259 259 260 260 262 264 266 268 270 272 274 276 278 279 279 280 280 280 279 279 278 278 278 277 277 276 276 276 276 275 275 275 274 274 274 273 273 273 273 272 272 272 272 272 272 272 272 272 271 271 271 271 271 271 271 271 271 271 271 271 271 271 271 271 271 271 271 271
268 268 268 267 267 267 266 266 266 266 265 265 265 264 264 263 263 262 262 261 261 260 260 259 258 258 257 257 257 257 259 261 264 267 270 273 275 278 280 281 282 282 282 281 281 280 280 279 278 278 277 277 277 276 276 276 275 275 275 274 274 274 273 273 273 273 272 272 272 272 272 272 272 272 271 271 271 271 271 271 271 271 271 271 271 271 271 271 271 271 271 271 271 271
268 268 268 267 267 266 266 266 266 266 265 265 265 264 264 263 262 262 261 261 260 259 258 257 256 255 254 253 253 252 254 259 263 267 269 272 275 279 283 286 286 285 284 283 282 282 281 280 280 279 278 278 277 277 276 276 276 275 275 275 274 274 273 273 273 273 272 272 272 272 272 272 272 272 271 271 271 271 271 271 271 271 271 271 271 271 271 271 271 271 271 271 271 271
268 268 268 267 267 266 266 266 266 266 265 265 264 264 263 262 262 261 260 260 259 258 257 256 254 253 251 249 248 245 246 254 265 269 269 270 275 281 288 291 290 288 287 285 284 283 282 282 281 280 279 278 278 277 277 276 276 276 275 275 274 274 274 273 273 273 273 272 272 272 272 272 272 272 271 271 271 271 271 271 271 271 271 271 271 271 271 271 271 271 271 271 271 271
268 268 267 267 266 266 266 266 266 265 265 264 264 263 263 262 261 260 259 259 258 257 255 254 252 249 247 244 242 238 238 249 264 271 273 275 280 287 294 297 296 292 290 288 286 285 284 283 282 281 280 279 278 278 277 277 276 276 275 275 275 274 274 273 273 273 273 272 272 272 272 272 272 272 271 271 271 271 271 271 271 271 271 271 271 271 271 271 271 271 271 271 271 271
268 268 267 267 266 266 266 266 266 265 265 264 263 263 262 261 260 260 259 258 256 255 254 252 249 246 243 239 236 235 235 247 262 275 280 282 286 293 301 305 300 296 293 290 288 287 285 284 283 282 281 280 279 278 278 277 277 276 276 275 275 274 274 274 273 273 273 272 272 272 272 272 272 272 271 271 271 271 271 271 271 271 271 271 271 271 271 271 271 271 271 271 271 271
268 268 267 266 266 266 266 266 265 265 264 264 263 262 262 261 260 259 258 257 255 254 252 250 247 243 239 234 230 230 233 247 264 278 283 284 289 298 306 307 299 294 294 293 291 289 288 286 285 284 282 281 280 279 278 277 277 276 276 275 275 275 274 274 273 273 273 273 272 272 272 272 272 272 271 271 271 271 271 271 271 271 271 271 271 271 271 271 271 271 271 271 271 271
268 267 267 266 266 266 266 266 265 265 264 263 263 262 261 260 259 258 257 255 254 252 250 247 244 240 236 230 225 227 234 248 268 283 286 283 289 300 309 303 293 289 291 296 295 292 290 289 287 285 284 282 281 280 279 278 277 277 276 276 275 275 274 274 274 273 273 273 272 272 272 272 272 272 271 271 271 271 271 271 271 271 271 271 271 271 271 271 271 271 271 271 271 270
268 267 267 266 266 266 266 265 265 264 264 263 263 262 261 260 259 257 256 254 252 250 247 244 241 238 234 228 225 229 235 252 271 285 286 282 288 299 303 296 290 286 288 294 297 297 294 291 289 287 285 283 282 281 279 278 277 277 276 276 275 275 274 274 274 273 273 273 272 272 272 272 272 271 271 271 271 271 271 271 271 271 271 271 271 271 271 271 271 271 271 271 271 270
268 267 267 267 266 266 266 265 265 264 264 263 262 261 260 259 258 256 255 253 250 247 244 240 238 238 235 230 227 231 239 259 272 282 282 281 286 291 288 286 288 285 284 288 296 301 299 295 292 289 287 285 283 282 280 279 278 277 276 276 275 275 275 274 274 273 273 273 272 272 272 272 272 271 271 271 271 271 271 271 271 271 271 271 271 271 271 271 271 271 271 271 270 270
267 267 267 267 266 266 266 265 265 264 263 263 262 261 260 258 257 255 253 251 248 244 240 236 236 238 238 233 232 236 247 265 272 276 275 277 280 280 280 282 285 286 285 286 293 303 305 301 295 291 288 286 284 282 281 280 278 277 276 276 275 275 275 274 274 273 273 273 272 272 272 272 272 271 271 271 271 271 271 271 271 271 271 271 271 271 271 271 271 271 271 271 270 270
267 267 267 267 266 266 265 265 265 264 263 263 262 261 259 258 256 254 252 249 246 241 237 234 236 240 241 236 238 243 254 267 271 270 269 272 273 274 278 282 283 286 287 288 291 300 312 308 299 294 290 287 285 283 282 280 279 277 276 276 275 275 275 274 274 273 273 273 272 272 272 272 272 271 271 271 271 271 271 271 271 271 271 271 271 271 271 271 271 271 271 270 270 270
267 267 267 266 266 266 265 265 264 264 263 262 261 260 259 257 255 253 250 247 242 237 235 235 238 242 242 240 244 250 258 265 267 265 266 270 272 271 276 284 285 286 288 290 291 296 313 312 304 297 293 289 286 284 282 281 279 278 277 276 275 275 275 274 274 273 273 273 272 272 272 272 271 271 271 271 271 271 271 271 271 271 271 271 271 271 271 271 271 271 270 270 270 270
267 267 267 266 266 266 265 265 264 264 263 262 261 260 258 257 255 252 249 245 239 234 233 236 241 243 243 244 250 255 260 262 262 262 265 270 273 271 275 284 287 287 287 289 290 292 303 314 310 301 295 291 287 285 283 281 279 278 277 276 275 275 274 274 274 273 273 273 272 272 272 272 271 271 271 271 271 271 271 271 271 271 271 271 271 271 271 271 271 271 270 270 270 270
267 267 267 267 266 266 265 265 264 264 263 262 261 260 258 256 254 251 247 242 235 232 234 239 244 246 246 249 253 257 260 260 259 261 266 270 273 274 278 281 284 288 289 289 291 292 297 315 314 305 298 293 288 285 283 281 280 278 277 276 275 275 274 274 274 273 273 273 272 272 272 272 271 271 271 271 271 271 271 271 271 271 271 271 271 271 271 271 271 270 270 270 270 270
267 267 267 267 266 266 265 265 264 264 263 262 261 259 258 256 253 250 245 238 232 231 234 240 245 248 250 252 255 257 259 258 259 262 266 269 272 276 280 280 281 287 291 291 293 294 296 308 316 310 300 294 290 286 283 281 280 279 277 276 275 275 274 274 274 273 273 273 272 272 272 272 271 271 271 271 271 271 271 271 271 271 271 271 271 271 271 270 270 270 270 270 270 270
267 267 267 267 266 266 265 265 264 264 263 262 260 259 257 255 253 249 243 235 230 231 234 239 244 247 251 253 254 255 257 258 261 264 266 269 273 277 280 281 282 285 289 291 294 296 296 303 314 311 303 296 290 286 283 281 280 279 278 276 275 274 274 274 273 273 273 272 272 272 272 271 271 271 271 271 271 271 271 271 271 271 271 271 271 271 270 270 270 270 270 270 270 270
267 267 267 267 266 266 265 265 264 264 263 262 260 259 257 255 252 248 241 233 230 232 235 239 241 245 250 253 253 254 257 260 263 265 267 269 273 277 281 282 283 284 287 291 296 298 298 301 310 311 306 298 292 287 284 281 280 278 277 276 275 274 274 274 273 273 273 272 272 272 272 271 271 271 271 271 271 271 271 271 271 271 271 271 270 270 270 270 270 270 270 270 270 270
268 267 267 267 267 266 266 265 264 264 263 261 260 259 257 254 251 246 239 233 231 232 237 241 241 243 248 251 252 254 258 261 264 266 268 270 273 277 281 282 283 285 288 292 296 298 298 298 304 312 310 301 293 288 285 282 280 278 277 276 275 274 273 273 273 273 272 272 272 272 271 271 271 271 271 271 271 271 271 271 271 271 271 270 270 270 270 270 270 270 270 270 270 270
268 268 267 267 267 266 266 265 264 264 263 262 260 259 257 254 250 245 239 234 233 233 239 244 244 244 247 250 252 256 259 262 264 267 269 271 274 277 280 282 284 287 290 292 294 296 296 295 297 306 309 303 294 289 285 282 279 278 277 276 275 274 273 273 273 272 272 272 272 272 271 271 271 271 271 271 271 271 271 271 270 270 270 270 270 270 270 270 270 270 270 270 270 270
268 268 268 267 267 266 266 265 265 264 263 262 260 258 256 253 249 244 239 237 235 236 241 246 247 247 248 250 252 257 260 262 265 268 271 273 275 277 279 281 284 287 289 291 292 293 294 294 293 297 306 304 296 289 284 281 279 277 276 275 275 274 273 272 272 272 272 272 272 271 271 271 271 271 271 271 271 271 270 270 270 270 270 270 270 270 270 270 270 270 270 270 270 270
268 268 268 267 267 267 266 266 265 264 263 262 260 258 256 253 248 243 240 239 239 240 243 246 249 250 251 252 254 258 261 264 267 270 272 274 277 278 278 279 282 285 287 287 287 289 291 291 291 292 299 305 297 288 284 281 279 277 276 275 274 274 273 272 272 272 272 271 271 271 271 271 271 271 271 271 270 270 270 270 270 270 270 270 270 270 270 270 270 270 270 270 270 270
