data/AilsaCraig_270_1_25m_ang_mm.asc
ncols	257
nrows	257
xllcorner	3364200.000000
yllcorner	3669375.000000
cellsize	25.000000
NODATA_value	-9999.000000
[rows 126 to 167 of 257, columns 95 to 189 of 257]
266 266 265 264 262 261 259 256 252 248 242 234 226 217 210 197 204 204 213 236 223 227 240 246 250 254 257 260 263 265 266 266 267 267 268 268 277 13 49 57 78 86 94 102 112 125 138 153 160 161 165 169 172 173 175 177 178 180 182 184 185 187 189 191 192 194 196 197 199 201 202 204 205 207 208 210 211 213 214 215 216 218 219 220 221 222 223 224 225 226 227 228 229 230 231
267 266 266 265 263 262 260 257 254 249 243 234 225 217 209 196 203 203 213 219 223 231 246 251 255 258 261 263 266 267 268 268 269 269 271 271 287 34 50 56 77 85 92 100 109 122 137 154 161 163 167 172 174 176 177 179 181 182 184 186 188 189 191 193 195 196 198 200 201 203 205 206 208 209 210 212 213 215 216 217 218 220 221 222 223 224 225 226 227 228 229 230 231 232 232
268 267 266 266 264 263 261 258 255 250 244 235 225 217 210 197 205 205 217 226 230 238 245 256 260 263 265 267 269 270 271 271 271 271 274 304 40 40 49 56 76 83 90 97 107 121 137 154 163 166 170 174 177 178 180 181 183 185 187 188 190 192 194 195 197 199 201 202 204 205 207 208 210 211 213 214 215 217 218 219 220 222 223 224 225 226 227 228 229 230 231 232 232 233 234
268 268 267 267 266 264 263 260 257 252 246 236 226 219 212 199 208 208 221 230 236 243 251 261 265 269 271 271 273 274 274 274 273 273 277 327 41 48 48 55 74 81 88 95 105 120 137 155 165 169 173 177 179 180 182 183 185 187 189 191 192 194 196 198 200 201 203 205 206 208 209 211 212 214 215 216 218 219 220 221 223 224 225 226 227 228 229 230 231 232 233 233 234 235 236
269 269 268 268 267 266 264 262 259 255 249 237 228 222 215 203 212 212 226 236 242 250 257 266 270 273 275 275 275 276 276 276 274 275 281 353 42 48 54 54 64 73 79 86 104 120 138 157 167 171 176 180 182 183 184 186 188 190 191 193 195 197 199 201 202 204 206 207 209 210 212 213 215 216 218 219 220 221 223 224 225 226 227 228 229 230 231 232 233 234 235 235 236 237 238
270 270 269 269 268 268 266 265 262 258 252 240 231 225 219 208 208 216 232 242 250 256 266 270 274 277 278 278 278 278 279 278 276 278 288 9 41 46 52 52 62 70 77 85 104 121 141 161 170 175 179 182 184 185 187 188 190 192 194 196 198 200 201 203 205 207 208 210 211 213 215 216 217 219 220 221 223 224 225 226 227 228 229 230 231 232 233 234 235 236 237 237 238 239 239
271 271 271 270 270 270 269 268 266 263 258 245 235 231 225 215 223 223 241 248 256 262 266 274 277 280 281 281 280 280 281 280 278 281 296 17 38 43 49 49 58 66 74 92 104 124 146 165 174 178 182 185 186 188 189 191 193 195 197 198 200 202 204 206 207 209 211 213 214 216 217 218 220 221 223 224 225 226 227 228 229 231 232 232 233 234 235 236 237 238 238 239 240 241 241
272 272 272 272 272 272 271 271 270 268 265 256 244 239 239 224 224 231 247 253 261 267 271 277 281 283 284 283 282 282 283 282 280 283 296 12 34 39 39 46 56 72 81 91 106 130 153 170 177 182 186 187 189 190 192 193 195 197 199 201 203 205 207 208 210 212 214 215 217 218 220 221 222 224 225 226 227 229 230 231 232 233 234 235 236 236 237 238 239 240 240 241 242 242 243
273 273 273 273 273 274 274 274 274 274 275 280 257 251 251 224 231 244 252 258 266 271 277 279 283 285 286 285 283 283 284 283 282 284 297 4 30 30 37 45 56 72 82 94 112 140 160 175 181 185 188 190 191 193 194 196 198 200 202 204 206 207 209 211 213 215 216 218 219 221 222 224 225 226 227 229 230 231 232 233 234 235 236 237 238 239 239 240 241 242 242 243 244 244 245
273 274 274 275 275 276 276 277 278 279 281 284 257 251 251 235 250 251 258 262 270 277 280 281 284 286 287 286 284 285 285 285 283 286 298 353 353 26 33 42 52 71 85 102 127 156 171 180 184 188 191 192 193 195 197 199 200 203 205 206 208 210 212 214 216 217 219 220 222 223 225 226 227 229 230 231 232 233 234 235 236 237 238 239 240 241 241 242 243 244 244 245 246 246 247
274 275 275 276 277 278 279 281 282 284 284 285 285 274 256 273 252 258 263 266 273 281 282 283 284 287 287 286 285 285 286 286 285 288 301 347 26 29 37 47 47 57 94 125 153 174 181 184 187 191 193 195 196 198 200 201 203 205 207 209 211 213 215 217 218 220 222 223 225 226 227 229 230 231 232 233 235 236 237 238 239 239 240 241 242 243 243 244 245 245 246 247 247 248 249
275 276 277 278 279 280 282 284 287 290 293 310 306 306 296 290 264 266 276 276 281 284 285 284 285 287 287 286 285 286 286 286 285 289 301 340 17 25 31 40 51 51 148 176 183 188 189 189 190 193 196 197 199 201 203 204 206 208 210 212 214 216 218 219 221 223 224 226 227 229 230 231 233 234 235 236 237 238 239 240 241 242 242 243 244 245 245 246 247 247 248 249 249 250 250
276 277 278 279 280 282 284 287 291 298 305 341 327 327 311 283 290 285 282 280 283 286 286 285 285 287 287 286 285 286 286 286 286 289 304 345 16 22 25 29 41 41 208 204 200 197 195 192 193 196 199 200 202 204 206 207 209 211 213 215 217 219 221 222 224 226 227 229 230 231 233 234 235 236 237 238 239 240 241 242 243 244 245 245 246 247 247 248 249 249 250 250 251 252 252
277 278 279 280 282 284 287 291 296 304 314 350 335 335 320 296 301 294 289 285 286 288 288 286 285 286 286 285 285 286 287 286 286 289 304 345 15 18 15 0 279 279 229 212 206 202 199 196 196 199 202 203 205 207 209 211 212 215 217 218 220 222 224 225 227 229 230 232 233 234 235 237 238 239 240 241 242 243 244 244 245 246 247 247 248 249 249 250 251 251 252 252 253 253 254
277 278 280 281 283 286 289 293 299 308 319 350 338 338 326 320 312 305 299 293 292 293 288 286 285 286 286 285 285 286 286 286 285 289 304 350 16 14 0 307 244 225 216 212 208 204 202 199 199 203 205 206 208 211 213 214 216 218 220 222 223 225 227 229 230 232 233 235 236 237 238 239 240 241 242 243 244 245 246 247 247 248 249 250 250 251 251 252 252 253 254 254 255 255 255
278 279 280 282 284 287 290 295 301 310 320 345 336 336 325 319 315 309 303 298 294 294 291 289 287 287 286 285 285 286 286 286 281 284 312 2 21 12 336 257 227 217 212 211 209 207 206 203 202 206 209 210 212 214 216 218 219 222 224 225 227 229 230 232 233 235 236 238 239 240 241 242 243 244 245 246 247 247 248 249 250 250 251 252 252 253 253 254 254 255 255 256 256 257 257
278 280 281 283 285 288 291 296 302 311 319 338 334 334 325 322 318 311 305 299 294 292 292 288 285 286 286 284 284 285 285 284 277 305 311 35 50 45 193 211 209 208 208 209 210 209 209 207 207 210 213 214 216 218 220 222 223 225 227 229 231 232 234 235 237 238 239 241 242 243 244 245 246 247 248 248 249 250 251 251 252 252 253 254 254 255 255 256 256 257 257 257 258 258 259
279 280 282 283 286 288 292 296 302 310 317 332 330 330 324 323 320 314 308 301 295 293 290 288 285 284 284 283 282 283 283 281 289 65 69 74 86 116 166 192 200 204 207 210 212 213 214 212 211 215 217 218 220 222 224 226 228 229 231 233 234 236 237 239 240 241 243 244 245 246 247 248 248 249 250 251 251 252 253 253 254 255 255 256 256 257 257 257 258 258 259 259 259 260 260
279 280 282 284 286 289 292 296 301 308 315 326 327 327 323 323 324 316 311 304 297 295 291 289 286 284 284 282 281 282 282 281 72 76 84 96 115 140 166 186 197 203 209 213 216 217 218 217 217 220 222 223 225 227 229 230 232 233 235 237 238 240 241 242 243 245 246 247 248 249 249 250 251 252 252 253 254 254 255 255 256 256 257 257 258 258 259 259 260 260 260 261 261 261 262
279 281 282 284 286 289 292 296 300 306 312 321 322 320 320 323 321 316 312 306 298 295 292 289 286 286 285 283 280 281 286 349 78 86 98 111 129 148 168 186 198 206 212 217 221 222 223 222 222 225 227 227 229 231 233 234 236 237 239 240 242 243 244 245 247 248 249 249 250 251 252 253 253 254 255 255 256 256 257 257 258 258 259 259 260 260 260 261 261 261 262 262 262 263 263
279 281 282 284 286 288 291 295 299 304 309 315 318 316 316 314 318 314 311 307 300 295 292 290 287 286 286 284 280 284 11 72 81 91 102 118 137 154 173 190 202 211 217 222 225 226 227 226 226 229 230 231 233 235 237 238 240 241 243 244 245 246 248 249 250 250 251 252 253 254 254 255 256 256 257 257 258 258 259 259 260 260 260 261 261 261 262 262 262 263 263 263 263 264 264
279 281 282 284 286 288 290 293 297 301 305 311 314 315 314 314 314 315 309 307 300 296 293 291 288 287 287 285 280 297 67 76 84 93 93 143 143 164 182 198 209 217 222 226 229 230 231 230 231 233 235 236 238 239 241 242 244 245 246 248 249 250 251 252 252 253 254 255 255 256 257 257 258 258 259 259 259 260 260 261 261 261 262 262 262 263 263 263 263 264 264 264 264 265 265
279 281 282 283 285 287 289 292 295 299 302 306 309 311 311 312 310 310 305 304 302 299 295 294 290 290 289 285 281 358 72 78 85 96 96 157 157 183 199 211 220 225 229 233 235 235 236 235 236 238 239 240 242 244 245 246 248 249 250 251 252 253 253 254 255 256 256 257 257 258 258 259 259 260 260 261 261 261 262 262 262 263 263 263 263 264 264 264 264 265 265 265 265 265 266
279 280 282 283 285 286 288 291 294 296 299 303 305 307 308 310 309 309 304 303 302 299 298 295 291 290 290 288 285 46 81 76 83 107 107 195 195 210 217 222 227 231 234 237 239 239 240 240 241 242 244 245 246 247 249 250 251 252 253 254 254 255 256 256 257 258 258 259 259 260 260 260 261 261 261 262 262 262 263 263 263 263 264 264 264 264 265 265 265 265 265 266 266 266 266
279 280 281 283 284 286 287 290 292 294 297 299 302 304 306 309 309 306 306 304 304 301 298 295 291 289 289 287 285 302 93 67 188 230 230 220 220 223 226 229 232 235 238 240 242 242 243 244 245 246 248 249 250 251 252 253 254 254 255 256 257 257 258 258 259 259 260 260 260 261 261 261 262 262 262 263 263 263 263 263 264 264 264 264 264 265 265 265 265 265 265 266 266 266 266
279 280 281 282 283 285 286 288 290 292 294 297 299 301 303 306 307 305 304 304 304 302 297 294 290 288 287 286 284 289 283 262 244 241 236 231 229 232 234 236 238 241 243 245 246 247 247 248 249 250 251 252 253 254 255 256 256 257 257 258 258 259 259 260 260 261 261 261 261 262 262 262 262 263 263 263 263 264 264 264 264 264 264 265 265 265 265 265 265 265 266 266 266 266 266
279 280 280 282 283 284 285 287 289 290 292 294 296 298 299 301 303 302 300 300 299 299 293 290 287 285 284 282 280 280 277 270 258 251 246 241 239 240 242 243 245 247 248 250 251 251 251 252 253 254 255 255 256 257 257 258 258 259 259 259 260 260 261 261 261 261 262 262 262 262 262 263 263 263 263 263 263 264 264 264 264 264 264 265 265 265 265 265 265 265 266 266 266 266 266
278 279 280 281 282 283 284 286 287 289 290 292 294 295 296 298 299 298 297 297 297 294 291 289 286 284 283 281 277 275 271 266 259 254 251 247 245 246 247 248 250 251 253 254 254 254 255 255 256 256 257 257 258 258 259 259 259 260 260 260 260 261 261 261 261 262 262 262 262 262 262 263 263 263 263 263 263 263 264 264 264 264 264 264 264 265 265 265 265 265 265 265 266 266 266
278 279 280 280 281 282 284 285 286 287 289 290 291 293 294 295 295 296 296 296 296 294 292 291 288 286 284 281 276 273 270 265 261 257 254 251 250 251 252 253 254 255 256 257 257 257 257 257 258 258 258 259 259 259 259 260 260 260 260 260 261 261 261 261 261 262 262 262 262 262 262 262 263 263 263 263 263 263 263 264 264 264 264 264 264 264 264 265 265 265 265 265 265 265 265
278 279 279 280 281 282 283 284 285 286 287 288 289 290 291 292 292 293 293 293 294 293 291 289 287 285 283 280 275 271 268 264 262 259 257 255 255 255 256 256 257 258 258 259 259 259 259 259 259 259 259 259 260 260 260 260 260 261 261 261 261 261 261 261 262 262 262 262 262 262 262 262 263 263 263 263 263 263 263 264 264 264 264 264 264 264 264 264 265 265 265 265 265 265 265
278 278 279 279 280 281 282 283 284 284 285 286 287 288 289 289 290 290 290 290 291 289 288 286 285 282 280 278 273 270 268 265 263 261 259 258 258 258 258 258 259 259 260 260 260 260 260 260 260 260 260 260 260 260 260 261 261 261 261 261 261 261 261 261 262 262 262 262 262 262 262 262 263 263 263 263 263 263 263 263 263 264 264 264 264 264 264 264 264 265 265 265 265 265 265
277 278 278 279 280 280 281 282 283 283 284 285 286 286 287 287 288 288 288 288 288 287 285 284 282 280 278 276 272 270 268 266 264 263 262 261 260 260 260 260 261 261 261 261 261 261 261 261 261 261 261 261 261 261 261 261 261 261 261 261 261 261 261 262 262 262 262 262 262 262 262 262 262 263 263 263 263 263 263 263 263 263 264 264 264 264 264 264 264 264 265 265 265 265 265
277 277 278 278 279 280 280 281 282 282 283 284 284 285 285 286 286 286 286 286 285 285 284 282 281 279 277 275 273 271 269 267 266 264 263 263 262 262 262 262 262 262 261 261 261 261 261 261 261 261 261 261 261 261 261 261 261 261 261 261 261 261 261 262 262 262 262 262 262 262 262 262 262 262 263 263 263 263 263 263 263 263 263 264 264 264 264 264 264 264 264 265 265 265 265
277 277 278 278 279 279 280 280 281 281 282 282 283 283 284 284 284 284 284 284 283 283 282 281 279 278 276 275 273 271 269 268 267 266 265 264 264 263 263 263 263 263 262 262 262 262 262 262 262 261 261 261 261 261 261 261 261 261 261 261 261 262 262 262 262 262 262 262 262 262 262 262 262 263 263 263 263 263 263 263 263 263 263 264 264 264 264 264 264 264 264 265 265 265 265
276 277 277 278 278 278 279 279 280 280 281 281 282 282 282 282 283 283 282 282 282 281 280 279 278 277 276 274 273 271 270 269 268 267 266 265 265 264 264 264 263 263 263 263 263 262 262 262 262 262 262 262 262 262 262 262 262 262 262 262 262 262 262 262 262 262 262 262 262 262 262 262 262 263 263 263 263 263 263 263 263 263 263 264 264 264 264 264 264 264 264 265 265 265 265
276 276 277 277 278 278 278 279 279 280 280 280 281 281 281 281 281 281 281 281 280 280 279 278 277 276 275 274 273 272 270 269 269 268 267 266 266 265 265 264 264 264 264 263 263 263 263 263 262 262 262 262 262 262 262 262 262 262 262 262 262 262 262 262 262 262 262 262 262 262 262 262 263 263 263 263 263 263 263 263 263 263 263 264 264 264 264 264 264 264 264 264 265 265 265
276 276 276 277 277 277 278 278 279 279 279 279 280 280 280 280 280 280 280 280 279 279 278 277 277 276 275 274 273 272 271 270 269 268 267 267 266 266 265 265 264 264 264 264 263 263 263 263 263 262 262 262 262 262 262 262 262 262 262 262 262 262 262 262 262 262 262 262 262 262 262 263 263 263 263 263 263 263 263 263 263 263 263 264 264 264 264 264 264 264 264 264 265 265 265
276 276 276 276 277 277 277 278 278 278 278 279 279 279 279 279 279 279 279 279 278 278 277 277 276 275 274 273 272 272 271 270 269 268 268 267 267 266 266 265 265 265 264 264 264 264 263 263 263 263 263 263 263 262 262 262 262 262 262 262 262 262 262 262 262 262 262 262 262 263 263 263 263 263 263 263 263 263 263 263 263 263 264 264 264 264 264 264 264 264 264 264 265 265 265
275 276 276 276 276 277 277 277 277 278 278 278 278 278 278 278 278 278 278 278 277 277 276 276 275 275 274 273 272 272 271 270 269 269 268 268 267 267 266 266 265 265 265 264 264 264 264 264 263 263 263 263 263 263 263 263 263 263 263 263 262 262 262 263 263 263 263 263 263 263 263 263 263 263 263 263 263 263 263 263 263 263 264 264 264 264 264 264 264 264 264 265 265 265 265
275 275 276 276 276 276 276 277 277 277 277 277 277 278 278 278 277 277 277 277 277 276 276 275 275 274 273 273 272 271 271 270 269 269 268 268 267 267 266 266 266 265 265 265 265 264 264 264 264 264 263 263 263 263 263 263 263 263 263 263 263 263 263 263 263 263 263 263 263 263 263 263 263 263 263 263 263 263 263 263 263 263 264 264 264 264 264 264 264 264 264 264 265 265 265
275 275 275 275 276 276 276 276 276 277 277 277 277 277 277 277 277 277 277 276 276 276 275 275 274 274 273 273 272 271 271 270 270 269 268 268 268 267 267 266 266 266 265 265 265 265 264 264 264 264 264 263 263 263 263 263 263 263 263 263 263 263 263 263 263 263 263 263 263 263 263 263 263 263 263 263 263 263 263 263 263 264 264 264 264 264 264 264 264 264 264 264 265 265 265
275 275 275 275 275 276 276 276 276 276 276 276 276 276 276 276 276 276 276 276 275 275 275 274 274 273 273 272 272 271 271 270 270 269 269 268 268 267 267 267 266 266 266 265 265 265 265 264 264 264 264 264 264 264 263 263 263 263 263 263 263 263 263 263 263 263 263 263 263 263 263 263 263 263 263 263 263 263 263 263 263 264 264 264 264 264 264 264 264 264 264 264 265 265 265
