data/AilsaCraig_270_1_25m_vel_20m.asc
ncols	257
nrows	257
xllcorner	3364200.000000
yllcorner	3669375.000000
cellsize	25.000000
NODATA_value	-1.000000
[rows 114 to 151 of 257, columns 84 to 167 of 257]
1.42 1.42 1.42 1.41 1.41 1.41 1.40 1.40 1.40 1.39 1.39 1.38 1.38 1.37 1.36 1.36 1.35 1.35 1.34 1.34 1.33 1.31 1.29 1.28 1.27 1.25 1.23 1.22 1.20 1.18 1.17 1.15 1.13 1.13 1.15 1.14 1.03 0.95 1.01 1.20 1.78 2.47 2.54 2.18 1.87 1.90 1.79 1.34 1.10 1.11 1.20 1.29 1.38 1.44 1.41 1.28 1.20 1.17 1.18 1.20 1.21 1.22 1.24 1.25 1.27 1.28 1.29 1.31 1.32 1.33 1.34 1.34 1.35 1.36 1.36 1.37 1.38 1.38 1.39 1.39 1.40 1.40 1.40 1.41
1.42 1.42 1.41 1.41 1.41 1.41 1.40 1.40 1.39 1.39 1.38 1.38 1.37 1.37 1.36 1.35 1.35 1.34 1.34 1.33 1.32 1.30 1.28 1.26 1.25 1.23 1.21 1.19 1.17 1.15 1.13 1.10 1.09 1.10 1.13 1.13 1.02 0.94 1.00 1.24 1.91 2.52 2.55 2.15 1.92 1.93 1.79 1.51 1.30 1.24 1.28 1.34 1.41 1.46 1.46 1.33 1.15 1.10 1.13 1.15 1.17 1.19 1.20 1.22 1.24 1.26 1.28 1.29 1.31 1.32 1.33 1.34 1.34 1.35 1.36 1.37 1.37 1.38 1.38 1.39 1.39 1.40 1.40 1.41
1.42 1.42 1.41 1.41 1.41 1.40 1.40 1.40 1.39 1.39 1.38 1.37 1.37 1.36 1.35 1.35 1.34 1.33 1.33 1.32 1.30 1.28 1.26 1.25 1.23 1.21 1.18 1.16 1.14 1.11 1.08 1.06 1.05 1.08 1.12 1.12 1.03 0.97 1.05 1.34 2.02 2.52 2.53 2.18 2.02 1.98 1.81 1.65 1.54 1.40 1.35 1.38 1.43 1.46 1.46 1.34 1.09 1.04 1.07 1.10 1.12 1.15 1.17 1.19 1.22 1.24 1.26 1.28 1.29 1.31 1.32 1.33 1.34 1.35 1.35 1.36 1.37 1.37 1.38 1.39 1.39 1.40 1.40 1.40
1.42 1.42 1.41 1.41 1.41 1.40 1.40 1.39 1.39 1.38 1.38 1.37 1.36 1.36 1.35 1.34 1.34 1.33 1.32 1.31 1.29 1.27 1.25 1.23 1.21 1.18 1.16 1.13 1.10 1.06 1.03 1.02 1.03 1.07 1.11 1.10 1.04 1.03 1.13 1.46 2.07 2.48 2.51 2.28 2.13 2.04 1.85 1.72 1.69 1.55 1.42 1.41 1.44 1.46 1.44 1.37 1.16 1.00 1.00 1.04 1.07 1.10 1.13 1.16 1.19 1.22 1.24 1.26 1.28 1.30 1.31 1.32 1.33 1.34 1.35 1.36 1.36 1.37 1.38 1.38 1.39 1.39 1.40 1.40
1.42 1.41 1.41 1.41 1.40 1.40 1.40 1.39 1.39 1.38 1.37 1.37 1.36 1.35 1.34 1.34 1.33 1.32 1.31 1.29 1.27 1.25 1.23 1.21 1.19 1.16 1.13 1.09 1.05 1.01 0.98 0.98 1.03 1.09 1.12 1.10 1.06 1.10 1.24 1.57 2.06 2.39 2.46 2.35 2.21 2.08 1.92 1.80 1.74 1.62 1.50 1.45 1.44 1.44 1.42 1.36 1.24 0.98 0.93 0.97 1.02 1.06 1.10 1.13 1.16 1.19 1.22 1.25 1.27 1.28 1.30 1.31 1.32 1.33 1.34 1.35 1.36 1.37 1.37 1.38 1.39 1.39 1.40 1.40
1.42 1.41 1.41 1.41 1.40 1.40 1.39 1.39 1.38 1.38 1.37 1.36 1.35 1.35 1.34 1.33 1.32 1.32 1.30 1.28 1.26 1.24 1.22 1.19 1.16 1.13 1.10 1.05 1.01 0.95 0.92 0.95 1.02 1.11 1.14 1.12 1.11 1.18 1.34 1.63 2.01 2.28 2.37 2.33 2.23 2.10 1.98 1.88 1.76 1.64 1.58 1.51 1.43 1.42 1.40 1.33 1.25 1.02 0.86 0.89 0.96 1.01 1.06 1.09 1.13 1.17 1.20 1.23 1.25 1.27 1.29 1.30 1.32 1.33 1.34 1.35 1.36 1.36 1.37 1.38 1.38 1.39 1.39 1.40
1.41 1.41 1.41 1.41 1.40 1.40 1.39 1.39 1.38 1.37 1.37 1.36 1.35 1.34 1.33 1.33 1.32 1.31 1.29 1.27 1.25 1.23 1.20 1.17 1.14 1.11 1.06 1.01 0.96 0.89 0.87 0.90 0.98 1.10 1.15 1.16 1.19 1.25 1.40 1.66 1.95 2.17 2.27 2.27 2.21 2.11 2.02 1.91 1.78 1.66 1.60 1.55 1.46 1.42 1.38 1.30 1.24 1.06 0.80 0.81 0.90 0.96 1.01 1.06 1.10 1.14 1.18 1.21 1.24 1.26 1.28 1.30 1.31 1.32 1.33 1.34 1.35 1.36 1.37 1.37 1.38 1.39 1.39 1.40
1.41 1.41 1.41 1.40 1.40 1.39 1.39 1.38 1.38 1.37 1.36 1.35 1.35 1.34 1.33 1.32 1.31 1.30 1.28 1.26 1.24 1.21 1.18 1.15 1.12 1.08 1.03 0.98 0.91 0.84 0.82 0.86 0.94 1.05 1.13 1.19 1.25 1.30 1.42 1.66 1.91 2.10 2.19 2.20 2.16 2.10 2.03 1.93 1.79 1.67 1.61 1.57 1.51 1.43 1.35 1.27 1.19 1.05 0.82 0.77 0.83 0.90 0.97 1.02 1.07 1.12 1.16 1.19 1.22 1.25 1.27 1.29 1.30 1.32 1.33 1.34 1.35 1.36 1.36 1.37 1.38 1.38 1.39 1.40
1.41 1.41 1.41 1.40 1.40 1.39 1.39 1.38 1.37 1.37 1.36 1.35 1.34 1.33 1.32 1.32 1.31 1.29 1.27 1.24 1.22 1.20 1.17 1.13 1.10 1.05 1.00 0.94 0.86 0.80 0.78 0.82 0.91 1.00 1.08 1.19 1.27 1.32 1.43 1.66 1.88 2.04 2.12 2.12 2.09 2.06 2.01 1.92 1.79 1.68 1.62 1.58 1.52 1.42 1.31 1.21 1.11 0.99 0.84 0.73 0.76 0.84 0.92 0.99 1.04 1.09 1.13 1.17 1.21 1.24 1.26 1.28 1.30 1.31 1.32 1.33 1.34 1.35 1.36 1.37 1.38 1.38 1.39 1.39
1.41 1.41 1.40 1.40 1.40 1.39 1.38 1.38 1.37 1.36 1.36 1.35 1.34 1.33 1.32 1.31 1.30 1.28 1.26 1.23 1.21 1.18 1.15 1.11 1.07 1.03 0.97 0.90 0.83 0.77 0.74 0.78 0.89 0.97 1.03 1.15 1.26 1.33 1.45 1.66 1.85 1.99 2.06 2.06 2.03 2.01 1.97 1.90 1.78 1.68 1.63 1.58 1.50 1.38 1.25 1.15 1.04 0.94 0.85 0.72 0.70 0.78 0.87 0.95 1.01 1.06 1.11 1.15 1.19 1.22 1.25 1.27 1.29 1.31 1.32 1.33 1.34 1.35 1.36 1.37 1.37 1.38 1.39 1.39
1.41 1.41 1.40 1.40 1.39 1.39 1.38 1.38 1.37 1.36 1.35 1.34 1.33 1.33 1.32 1.31 1.29 1.27 1.25 1.22 1.20 1.17 1.13 1.09 1.05 1.00 0.94 0.87 0.81 0.76 0.72 0.75 0.87 0.96 1.02 1.11 1.22 1.31 1.46 1.67 1.83 1.94 1.99 1.99 1.96 1.94 1.92 1.85 1.76 1.69 1.63 1.56 1.45 1.32 1.19 1.09 0.99 0.90 0.83 0.77 0.68 0.73 0.82 0.91 0.99 1.04 1.09 1.14 1.18 1.21 1.24 1.26 1.29 1.30 1.32 1.33 1.34 1.35 1.36 1.36 1.37 1.38 1.39 1.39
1.41 1.41 1.40 1.40 1.39 1.39 1.38 1.37 1.37 1.36 1.35 1.34 1.33 1.32 1.31 1.30 1.29 1.26 1.23 1.21 1.18 1.15 1.11 1.07 1.03 0.97 0.91 0.85 0.80 0.75 0.71 0.73 0.84 0.95 1.02 1.10 1.19 1.28 1.45 1.67 1.81 1.90 1.94 1.93 1.91 1.89 1.86 1.80 1.73 1.68 1.62 1.53 1.40 1.25 1.14 1.05 0.96 0.87 0.81 0.78 0.71 0.68 0.76 0.87 0.96 1.02 1.07 1.12 1.16 1.20 1.23 1.26 1.28 1.30 1.31 1.32 1.34 1.35 1.35 1.36 1.37 1.38 1.38 1.39
1.41 1.41 1.40 1.40 1.39 1.39 1.38 1.37 1.36 1.36 1.35 1.34 1.33 1.32 1.31 1.30 1.28 1.25 1.22 1.20 1.17 1.14 1.10 1.05 1.00 0.94 0.87 0.82 0.79 0.76 0.73 0.74 0.81 0.92 1.01 1.10 1.17 1.26 1.45 1.66 1.80 1.88 1.90 1.89 1.86 1.85 1.81 1.74 1.68 1.66 1.62 1.51 1.35 1.22 1.13 1.03 0.93 0.85 0.79 0.77 0.72 0.66 0.72 0.84 0.93 1.00 1.06 1.10 1.15 1.19 1.22 1.25 1.28 1.29 1.31 1.32 1.33 1.34 1.35 1.36 1.37 1.38 1.38 1.39
1.41 1.41 1.40 1.40 1.39 1.38 1.38 1.37 1.36 1.35 1.34 1.34 1.33 1.31 1.30 1.29 1.27 1.24 1.21 1.18 1.16 1.12 1.08 1.03 0.98 0.91 0.84 0.79 0.78 0.77 0.76 0.76 0.81 0.90 1.00 1.10 1.16 1.26 1.46 1.67 1.80 1.87 1.88 1.86 1.84 1.82 1.77 1.69 1.64 1.65 1.63 1.52 1.35 1.23 1.14 1.03 0.91 0.83 0.78 0.75 0.73 0.69 0.71 0.80 0.90 0.98 1.04 1.09 1.14 1.18 1.22 1.25 1.27 1.29 1.31 1.32 1.33 1.34 1.35 1.36 1.37 1.38 1.38 1.39
1.41 1.40 1.40 1.39 1.39 1.38 1.38 1.37 1.36 1.35 1.34 1.33 1.32 1.31 1.30 1.29 1.26 1.23 1.20 1.17 1.14 1.10 1.06 1.01 0.95 0.88 0.81 0.77 0.77 0.78 0.79 0.81 0.84 0.90 1.00 1.10 1.15 1.27 1.50 1.69 1.81 1.87 1.87 1.85 1.84 1.81 1.74 1.64 1.60 1.63 1.63 1.56 1.42 1.29 1.17 1.03 0.91 0.83 0.76 0.73 0.74 0.73 0.71 0.77 0.87 0.96 1.03 1.08 1.13 1.17 1.21 1.24 1.27 1.29 1.30 1.32 1.33 1.34 1.35 1.36 1.37 1.38 1.38 1.39
1.41 1.40 1.40 1.39 1.39 1.38 1.37 1.37 1.36 1.35 1.34 1.33 1.32 1.31 1.30 1.28 1.26 1.22 1.19 1.16 1.13 1.09 1.04 0.99 0.92 0.84 0.78 0.75 0.75 0.78 0.82 0.85 0.87 0.92 1.02 1.11 1.16 1.30 1.54 1.72 1.83 1.86 1.86 1.84 1.84 1.80 1.71 1.60 1.58 1.60 1.62 1.60 1.50 1.36 1.21 1.06 0.92 0.82 0.74 0.72 0.74 0.74 0.73 0.76 0.85 0.94 1.02 1.08 1.12 1.17 1.21 1.24 1.26 1.29 1.30 1.32 1.33 1.34 1.35 1.36 1.37 1.37 1.38 1.39
1.41 1.40 1.40 1.39 1.39 1.38 1.37 1.37 1.36 1.35 1.34 1.33 1.32 1.31 1.29 1.28 1.25 1.21 1.18 1.15 1.12 1.07 1.02 0.96 0.89 0.81 0.75 0.73 0.74 0.78 0.86 0.89 0.91 0.96 1.05 1.13 1.21 1.37 1.58 1.74 1.83 1.85 1.84 1.83 1.83 1.79 1.68 1.58 1.56 1.57 1.60 1.63 1.57 1.41 1.24 1.08 0.94 0.81 0.71 0.71 0.74 0.76 0.76 0.77 0.83 0.93 1.01 1.07 1.12 1.16 1.20 1.24 1.26 1.28 1.30 1.32 1.33 1.34 1.35 1.36 1.37 1.37 1.38 1.39
1.41 1.40 1.40 1.39 1.39 1.38 1.37 1.36 1.36 1.35 1.34 1.33 1.32 1.31 1.29 1.27 1.24 1.20 1.17 1.14 1.10 1.05 1.00 0.94 0.86 0.77 0.71 0.71 0.73 0.79 0.88 0.93 0.95 1.01 1.09 1.18 1.29 1.46 1.64 1.77 1.84 1.85 1.84 1.83 1.82 1.79 1.68 1.57 1.53 1.54 1.59 1.63 1.58 1.43 1.26 1.11 0.97 0.82 0.71 0.71 0.74 0.77 0.78 0.79 0.83 0.92 1.01 1.07 1.12 1.16 1.20 1.23 1.26 1.28 1.30 1.32 1.33 1.34 1.35 1.36 1.37 1.37 1.38 1.39
1.41 1.40 1.40 1.39 1.39 1.38 1.37 1.36 1.36 1.35 1.34 1.33 1.32 1.30 1.29 1.26 1.23 1.19 1.16 1.13 1.09 1.04 0.98 0.91 0.83 0.73 0.67 0.69 0.72 0.80 0.91 0.97 1.00 1.07 1.16 1.26 1.39 1.55 1.70 1.80 1.86 1.86 1.84 1.83 1.83 1.80 1.70 1.58 1.52 1.54 1.60 1.63 1.57 1.42 1.26 1.14 1.01 0.84 0.74 0.73 0.74 0.77 0.80 0.82 0.85 0.92 1.00 1.07 1.12 1.16 1.20 1.23 1.26 1.28 1.30 1.32 1.33 1.34 1.35 1.36 1.37 1.37 1.38 1.39
1.41 1.40 1.40 1.39 1.39 1.38 1.37 1.36 1.35 1.35 1.34 1.33 1.31 1.30 1.29 1.26 1.22 1.19 1.16 1.12 1.07 1.02 0.96 0.88 0.79 0.70 0.64 0.67 0.72 0.82 0.94 1.01 1.06 1.14 1.25 1.37 1.51 1.65 1.76 1.84 1.87 1.87 1.85 1.83 1.83 1.81 1.72 1.61 1.55 1.56 1.60 1.61 1.54 1.41 1.28 1.17 1.03 0.87 0.76 0.74 0.75 0.77 0.81 0.85 0.89 0.94 1.01 1.07 1.12 1.16 1.20 1.23 1.26 1.28 1.30 1.32 1.33 1.34 1.35 1.36 1.37 1.38 1.38 1.39
1.41 1.40 1.40 1.39 1.39 1.38 1.37 1.36 1.35 1.35 1.34 1.33 1.31 1.30 1.28 1.25 1.22 1.18 1.15 1.11 1.06 1.01 0.94 0.85 0.75 0.67 0.63 0.65 0.71 0.82 0.96 1.06 1.13 1.23 1.36 1.50 1.63 1.74 1.82 1.87 1.89 1.88 1.85 1.84 1.84 1.81 1.74 1.64 1.59 1.58 1.58 1.57 1.52 1.43 1.31 1.21 1.08 0.92 0.79 0.74 0.75 0.78 0.82 0.87 0.92 0.97 1.02 1.07 1.12 1.17 1.20 1.23 1.26 1.29 1.31 1.32 1.33 1.34 1.35 1.36 1.37 1.38 1.38 1.39
1.41 1.40 1.40 1.39 1.39 1.38 1.37 1.36 1.35 1.35 1.34 1.33 1.31 1.30 1.28 1.25 1.22 1.18 1.15 1.11 1.05 0.99 0.92 0.83 0.71 0.63 0.62 0.65 0.71 0.82 0.97 1.10 1.20 1.32 1.47 1.62 1.72 1.80 1.85 1.89 1.89 1.88 1.85 1.84 1.84 1.81 1.74 1.68 1.63 1.58 1.54 1.53 1.52 1.45 1.34 1.25 1.13 0.99 0.85 0.76 0.75 0.79 0.84 0.90 0.96 1.00 1.04 1.08 1.13 1.17 1.21 1.24 1.27 1.29 1.31 1.32 1.33 1.35 1.35 1.36 1.37 1.38 1.38 1.39
1.41 1.40 1.40 1.39 1.39 1.38 1.37 1.36 1.36 1.35 1.34 1.33 1.31 1.30 1.28 1.25 1.21 1.18 1.14 1.10 1.05 0.98 0.90 0.80 0.68 0.59 0.60 0.65 0.72 0.84 0.99 1.14 1.27 1.42 1.58 1.71 1.79 1.83 1.87 1.89 1.89 1.87 1.85 1.84 1.83 1.79 1.74 1.71 1.65 1.56 1.50 1.52 1.53 1.48 1.38 1.28 1.18 1.05 0.90 0.79 0.76 0.81 0.86 0.92 0.99 1.03 1.07 1.10 1.14 1.17 1.21 1.24 1.27 1.29 1.31 1.33 1.34 1.35 1.36 1.36 1.37 1.38 1.38 1.39
1.41 1.40 1.40 1.39 1.39 1.38 1.37 1.36 1.36 1.35 1.34 1.33 1.31 1.30 1.28 1.25 1.22 1.18 1.14 1.10 1.04 0.97 0.88 0.77 0.64 0.57 0.59 0.65 0.73 0.86 1.02 1.19 1.35 1.52 1.67 1.76 1.82 1.85 1.88 1.89 1.88 1.86 1.84 1.82 1.80 1.76 1.75 1.72 1.63 1.51 1.47 1.51 1.54 1.50 1.41 1.31 1.21 1.09 0.94 0.82 0.80 0.85 0.89 0.96 1.02 1.06 1.09 1.12 1.15 1.18 1.22 1.25 1.28 1.30 1.32 1.33 1.34 1.35 1.36 1.37 1.37 1.38 1.39 1.39
1.41 1.40 1.40 1.39 1.39 1.38 1.37 1.37 1.36 1.35 1.34 1.33 1.31 1.30 1.28 1.25 1.22 1.19 1.14 1.10 1.04 0.97 0.87 0.75 0.62 0.57 0.60 0.66 0.75 0.88 1.06 1.25 1.44 1.60 1.72 1.79 1.83 1.86 1.88 1.88 1.87 1.84 1.82 1.80 1.77 1.74 1.74 1.70 1.58 1.47 1.45 1.50 1.54 1.52 1.44 1.34 1.24 1.12 0.97 0.86 0.85 0.89 0.93 0.99 1.04 1.08 1.11 1.14 1.16 1.19 1.23 1.26 1.28 1.30 1.32 1.33 1.34 1.35 1.36 1.37 1.37 1.38 1.39 1.39
1.41 1.40 1.40 1.39 1.39 1.38 1.37 1.37 1.36 1.35 1.34 1.33 1.32 1.30 1.28 1.26 1.23 1.19 1.15 1.10 1.04 0.97 0.87 0.73 0.61 0.58 0.61 0.67 0.78 0.92 1.11 1.34 1.52 1.65 1.75 1.80 1.84 1.86 1.87 1.87 1.86 1.84 1.81 1.77 1.73 1.71 1.71 1.66 1.53 1.43 1.43 1.49 1.54 1.53 1.46 1.37 1.27 1.15 1.00 0.89 0.90 0.94 0.98 1.02 1.07 1.10 1.12 1.15 1.18 1.21 1.24 1.27 1.29 1.31 1.33 1.34 1.35 1.35 1.36 1.37 1.38 1.38 1.39 1.39
1.41 1.40 1.40 1.39 1.39 1.38 1.38 1.37 1.36 1.35 1.34 1.33 1.32 1.30 1.28 1.26 1.23 1.20 1.16 1.11 1.05 0.98 0.89 0.75 0.64 0.62 0.64 0.69 0.83 0.98 1.20 1.43 1.59 1.69 1.77 1.82 1.85 1.86 1.87 1.87 1.86 1.85 1.82 1.75 1.67 1.65 1.66 1.61 1.50 1.41 1.42 1.49 1.55 1.54 1.49 1.41 1.30 1.17 1.02 0.93 0.95 1.00 1.03 1.06 1.09 1.12 1.14 1.17 1.20 1.23 1.26 1.28 1.30 1.32 1.33 1.34 1.35 1.36 1.37 1.37 1.38 1.39 1.39 1.40
1.41 1.40 1.40 1.40 1.39 1.38 1.38 1.37 1.36 1.35 1.34 1.33 1.32 1.31 1.29 1.27 1.24 1.21 1.17 1.12 1.07 1.00 0.92 0.81 0.71 0.67 0.69 0.75 0.90 1.08 1.30 1.50 1.63 1.72 1.80 1.84 1.85 1.87 1.88 1.89 1.88 1.88 1.84 1.72 1.57 1.56 1.59 1.56 1.49 1.42 1.43 1.50 1.56 1.56 1.52 1.45 1.34 1.20 1.05 0.97 1.00 1.05 1.07 1.09 1.11 1.13 1.16 1.19 1.22 1.25 1.27 1.29 1.31 1.33 1.34 1.34 1.35 1.36 1.37 1.38 1.38 1.39 1.39 1.40
1.41 1.41 1.40 1.40 1.39 1.39 1.38 1.37 1.37 1.36 1.35 1.34 1.33 1.31 1.29 1.27 1.25 1.22 1.18 1.14 1.09 1.03 0.97 0.89 0.81 0.77 0.76 0.82 0.97 1.18 1.38 1.53 1.65 1.76 1.83 1.86 1.86 1.87 1.90 1.92 1.93 1.93 1.86 1.66 1.46 1.46 1.50 1.49 1.47 1.43 1.44 1.52 1.57 1.58 1.55 1.49 1.38 1.23 1.08 1.03 1.05 1.09 1.11 1.12 1.13 1.16 1.19 1.22 1.24 1.27 1.29 1.31 1.32 1.33 1.34 1.35 1.36 1.36 1.37 1.38 1.38 1.39 1.39 1.40
1.41 1.41 1.40 1.40 1.39 1.39 1.38 1.37 1.37 1.36 1.35 1.34 1.33 1.32 1.30 1.28 1.26 1.23 1.20 1.16 1.12 1.07 1.02 0.95 0.90 0.86 0.85 0.88 1.03 1.25 1.42 1.54 1.66 1.79 1.86 1.87 1.86 1.88 1.92 1.97 1.99 1.98 1.86 1.58 1.37 1.38 1.40 1.40 1.41 1.41 1.45 1.53 1.58 1.59 1.58 1.53 1.42 1.26 1.12 1.08 1.11 1.14 1.14 1.14 1.16 1.19 1.21 1.24 1.26 1.28 1.30 1.32 1.33 1.34 1.35 1.35 1.36 1.37 1.38 1.38 1.39 1.39 1.40 1.40
1.41 1.41 1.40 1.40 1.39 1.39 1.38 1.38 1.37 1.36 1.35 1.35 1.33 1.32 1.31 1.29 1.27 1.25 1.22 1.19 1.15 1.11 1.06 1.02 0.97 0.94 0.91 0.88 1.05 1.27 1.44 1.55 1.68 1.81 1.87 1.88 1.88 1.89 1.95 2.03 2.07 2.02 1.81 1.48 1.32 1.32 1.32 1.31 1.33 1.37 1.45 1.54 1.59 1.60 1.60 1.56 1.46 1.30 1.16 1.13 1.16 1.17 1.17 1.17 1.19 1.22 1.24 1.26 1.28 1.30 1.31 1.33 1.34 1.35 1.35 1.36 1.37 1.37 1.38 1.39 1.39 1.39 1.40 1.40
1.41 1.41 1.40 1.40 1.40 1.39 1.39 1.38 1.37 1.37 1.36 1.35 1.34 1.33 1.32 1.30 1.28 1.26 1.24 1.21 1.18 1.14 1.11 1.07 1.04 1.00 0.97 0.89 0.89 1.29 1.46 1.57 1.70 1.81 1.87 1.89 1.90 1.92 1.99 2.10 2.15 2.03 1.70 1.39 1.29 1.28 1.25 1.23 1.25 1.32 1.43 1.53 1.58 1.60 1.61 1.58 1.49 1.34 1.21 1.18 1.20 1.20 1.20 1.21 1.23 1.24 1.26 1.28 1.30 1.31 1.33 1.34 1.35 1.35 1.36 1.37 1.37 1.38 1.38 1.39 1.39 1.40 1.40 1.40
1.41 1.41 1.41 1.40 1.40 1.39 1.39 1.38 1.38 1.37 1.36 1.35 1.35 1.34 1.32 1.31 1.30 1.28 1.26 1.23 1.21 1.18 1.15 1.12 1.09 1.06 1.03 0.99 1.02 1.28 1.47 1.57 1.71 1.80 1.85 1.89 1.92 1.95 2.03 2.17 2.20 1.98 1.56 1.30 1.24 1.22 1.17 1.13 1.17 1.26 1.38 1.49 1.56 1.60 1.61 1.59 1.52 1.38 1.27 1.23 1.23 1.23 1.23 1.24 1.26 1.27 1.28 1.30 1.31 1.33 1.34 1.35 1.35 1.36 1.36 1.37 1.38 1.38 1.39 1.39 1.39 1.40 1.40 1.41
1.41 1.41 1.41 1.40 1.40 1.40 1.39 1.39 1.38 1.37 1.37 1.36 1.35 1.34 1.33 1.32 1.31 1.29 1.28 1.26 1.23 1.21 1.19 1.16 1.14 1.12 1.10 1.11 1.17 1.24 1.39 1.57 1.69 1.78 1.83 1.88 1.94 1.98 2.08 2.22 2.21 1.90 1.48 1.29 1.20 1.13 1.06 1.00 1.10 1.22 1.32 1.43 1.52 1.57 1.59 1.59 1.53 1.42 1.32 1.27 1.26 1.26 1.27 1.27 1.28 1.29 1.30 1.31 1.33 1.34 1.35 1.35 1.36 1.36 1.37 1.38 1.38 1.39 1.39 1.39 1.40 1.40 1.40 1.41
1.41 1.41 1.41 1.41 1.40 1.40 1.39 1.39 1.38 1.38 1.37 1.36 1.36 1.35 1.34 1.33 1.32 1.31 1.29 1.28 1.26 1.24 1.22 1.20 1.19 1.17 1.17 1.18 1.21 1.24 1.28 1.50 1.67 1.75 1.81 1.87 1.95 2.03 2.14 2.25 2.20 1.88 1.55 1.37 1.22 1.09 0.97 0.94 1.07 1.19 1.27 1.37 1.46 1.51 1.55 1.57 1.54 1.45 1.35 1.30 1.30 1.30 1.30 1.30 1.31 1.31 1.32 1.33 1.34 1.35 1.35 1.36 1.37 1.37 1.38 1.38 1.39 1.39 1.39 1.40 1.40 1.40 1.41 1.41
1.42 1.41 1.41 1.41 1.40 1.40 1.40 1.39 1.39 1.38 1.38 1.37 1.36 1.36 1.35 1.34 1.33 1.32 1.31 1.30 1.28 1.27 1.25 1.24 1.23 1.22 1.22 1.23 1.25 1.26 1.29 1.37 1.59 1.71 1.79 1.87 1.97 2.08 2.20 2.27 2.15 1.88 1.66 1.49 1.29 1.12 1.00 0.99 1.10 1.20 1.26 1.34 1.40 1.45 1.50 1.54 1.52 1.46 1.38 1.34 1.33 1.32 1.32 1.32 1.32 1.32 1.33 1.34 1.35 1.36 1.36 1.37 1.37 1.38 1.38 1.39 1.39 1.39 1.40 1.40 1.40 1.41 1.41 1.41
1.42 1.41 1.41 1.41 1.41 1.40 1.40 1.39 1.39 1.38 1.38 1.37 1.37 1.36 1.36 1.35 1.34 1.33 1.32 1.31 1.30 1.29 1.28 1.27 1.27 1.26 1.27 1.27 1.28 1.30 1.32 1.37 1.45 1.65 1.77 1.88 1.98 2.11 2.24 2.24 2.06 1.85 1.73 1.57 1.36 1.18 1.09 1.09 1.16 1.23 1.29 1.33 1.37 1.40 1.45 1.50 1.50 1.45 1.40 1.36 1.35 1.34 1.34 1.34 1.34 1.34 1.35 1.36 1.36 1.37 1.37 1.38 1.38 1.38 1.39 1.39 1.39 1.40 1.40 1.40 1.40 1.41 1.41 1.41
1.42 1.42 1.41 1.41 1.41 1.40 1.40 1.40 1.39 1.39 1.38 1.38 1.37 1.37 1.36 1.36 1.35 1.34 1.34 1.33 1.32 1.32 1.31 1.30 1.30 1.30 1.30 1.31 1.32 1.34 1.36 1.39 1.44 1.55 1.75 1.87 1.95 2.08 2.22 2.20 2.01 1.84 1.75 1.61 1.40 1.24 1.17 1.19 1.23 1.27 1.31 1.34 1.36 1.39 1.42 1.46 1.47 1.44 1.41 1.38 1.37 1.36 1.36 1.36 1.35 1.35 1.36 1.36 1.37 1.37 1.38 1.38 1.39 1.39 1.39 1.39 1.40 1.40 1.40 1.40 1.41 1.41 1.41 1.41
