data/AilsaCraig_225_1_25m_ang_2m.asc
ncols	257
nrows	257
xllcorner	3364200.000000
yllcorner	3669375.000000
cellsize	25.000000
NODATA_value	-1.000000
[rows 84 to 125 of 257, columns 94 to 187 of 257]
225 225 225 225 225 225 225 225 225 225 225 225 225 225 225 225 225 225 225 225 225 225 225 225 225 225 225 225 225 226 226 226 226 226 226 226 226 226 226 226 226 226 225 225 225 225 225 225 225 225 225 225 225 225 225 225 225 225 225 225 225 225 225 225 225 225 225 225 225 225 225 225 225 225 225 225 225 225 225 225 225 225 225 225 225 225 225 225 225 225 225 225 225 225
225 225 225 225 225 225 225 225 225 225 225 225 225 225 225 225 225 225 225 225 225 225 225 225 225 225 225 226 226 226 226 226 226 226 226 226 226 226 226 226 226 226 226 226 226 225 225 225 225 225 225 225 225 225 225 225 225 225 225 225 225 225 225 225 225 225 225 225 225 225 225 225 225 225 225 225 225 225 225 225 225 225 225 225 225 225 225 225 225 225 225 225 225 225
225 225 225 225 225 225 225 225 225 225 225 225 225 225 225 225 225 225 225 225 225 225 225 225 225 226 226 226 226 226 226 226 226 226 226 226 226 226 226 226 226 226 226 226 226 226 226 225 225 225 225 225 225 225 225 225 225 225 225 225 225 225 225 225 225 225 225 225 225 225 225 225 225 225 225 225 225 225 225 225 225 225 225 225 225 225 225 225 225 225 225 225 225 225
225 225 225 225 225 225 225 225 225 225 225 225 225 225 225 225 225 225 225 225 225 225 225 226 226 226 226 226 226 226 226 226 226 226 226 226 226 226 226 226 226 226 226 226 226 226 226 226 225 225 225 225 225 225 225 225 225 225 225 225 225 225 225 225 225 225 225 225 225 225 225 225 225 225 225 225 225 225 225 225 225 225 225 225 225 225 225 225 225 225 225 225 225 225
225 225 225 225 225 225 225 225 225 225 225 225 225 225 225 225 225 225 225 225 225 225 226 226 226 226 226 226 226 226 226 226 226 226 226 226 226 226 226 226 226 226 226 226 226 226 226 226 226 225 225 225 225 225 225 225 225 225 225 225 225 225 225 225 225 225 225 225 225 225 225 225 225 225 225 225 225 225 225 225 225 225 225 225 225 225 225 225 225 225 225 225 225 225
225 225 225 225 225 225 225 225 225 225 225 225 225 225 225 225 225 225 225 225 225 226 226 226 226 226 226 226 226 226 226 226 226 226 226 226 226 226 226 226 226 226 226 226 226 226 226 226 226 226 226 225 225 225 225 225 225 225 225 225 225 225 225 225 225 225 225 225 225 225 225 225 225 225 225 225 225 225 225 225 225 225 225 225 225 225 225 225 225 225 225 225 225 225
225 225 225 225 225 225 225 225 225 225 225 225 225 225 225 225 225 225 225 225 225 226 226 226 226 226 226 226 226 226 226 226 226 226 226 226 226 226 226 226 226 226 226 226 226 226 226 226 226 226 226 225 225 225 225 225 225 225 225 225 225 225 225 225 225 225 225 225 225 225 225 225 225 225 225 225 225 225 225 225 225 225 225 225 225 225 225 225 225 225 225 225 225 225
225 225 225 225 225 225 225 225 225 225 225 225 225 225 225 225 225 225 225 225 226 226 226 226 226 226 226 226 226 226 226 226 226 226 227 227 227 227 226 226 226 226 226 226 226 226 226 226 226 226 226 226 225 225 225 225 225 225 225 225 225 225 225 225 225 225 225 225 225 225 225 225 225 225 225 225 225 225 225 225 225 225 225 225 225 225 225 225 225 225 225 225 225 225
225 225 225 225 225 225 225 225 225 225 225 225 225 225 225 225 225 225 225 225 226 226 226 226 226 226 226 226 226 226 227 227 227 227 227 227 227 227 227 227 227 227 226 226 226 226 226 226 226 226 226 226 226 225 225 225 225 225 225 225 225 225 225 225 225 225 225 225 225 225 225 225 225 225 225 225 225 225 225 225 225 225 225 225 225 225 225 225 225 225 225 225 225 225
225 225 225 225 225 225 225 225 225 225 225 225 225 225 225 225 225 225 225 226 226 226 226 226 226 226 226 226 227 227 227 227 227 227 227 227 227 227 227 227 227 227 227 227 226 226 226 226 226 226 226 226 226 225 225 225 225 225 225 225 225 225 225 225 225 225 225 225 225 225 225 225 225 225 225 225 225 225 225 225 225 225 225 225 225 225 225 225 225 225 225 225 225 225
225 225 225 225 225 225 225 225 225 225 225 225 225 225 225 225 225 225 225 226 226 226 226 226 226 226 226 227 227 227 227 227 227 227 227 227 227 227 227 227 227 227 227 227 227 226 226 226 226 226 226 226 226 226 225 225 225 225 225 225 225 225 225 225 225 225 225 225 225 225 225 225 225 225 225 225 225 225 225 225 225 225 225 225 225 225 225 225 225 225 225 225 225 225
225 225 225 225 225 225 225 225 225 225 225 225 225 225 225 225 225 225 225 226 226 226 226 226 226 226 227 227 227 227 227 227 228 228 228 228 228 228 228 228 227 227 227 227 227 227 226 226 226 226 226 226 226 226 225 225 225 225 225 225 225 225 225 225 225 225 225 225 225 225 225 225 225 225 225 225 225 225 225 225 225 225 225 225 225 225 225 225 225 225 225 225 225 225
225 225 225 225 225 225 225 225 225 225 225 225 225 225 225 225 225 225 225 226 226 226 226 226 226 227 227 227 227 227 228 228 228 228 228 228 228 228 228 228 228 228 227 227 227 227 227 226 226 226 226 226 226 226 225 225 225 225 225 225 225 225 225 225 225 225 225 225 225 225 225 225 225 225 225 225 225 225 225 225 225 225 225 225 225 225 225 225 225 225 225 225 225 225
225 225 225 225 225 225 225 225 225 225 225 225 225 225 225 225 225 225 225 226 226 226 226 226 226 227 227 227 227 228 228 228 229 229 229 229 229 229 229 228 228 228 228 227 227 227 227 227 226 226 226 226 226 226 226 225 225 225 225 225 225 225 225 225 225 225 225 225 225 225 225 225 225 225 225 225 225 225 225 225 225 225 225 225 225 225 225 225 225 225 225 225 225 225
225 225 225 225 225 225 225 225 225 225 225 225 225 225 225 225 225 225 225 226 226 226 226 226 226 227 227 227 228 228 229 229 229 229 230 230 230 229 229 229 229 228 228 228 228 227 227 227 226 226 226 226 226 226 225 225 225 225 225 225 225 225 225 225 225 225 225 225 225 225 225 225 225 225 225 225 225 225 225 225 225 225 225 225 225 225 225 225 225 225 225 225 225 225
225 225 225 225 225 225 225 225 225 225 225 225 225 225 225 225 225 225 225 226 226 226 226 226 227 227 227 228 228 229 229 230 230 230 231 231 231 230 230 230 229 229 229 228 228 227 227 227 227 226 226 226 226 226 226 225 225 225 225 225 225 225 225 225 225 225 225 225 225 225 225 225 225 225 225 225 225 225 225 225 225 225 225 225 225 225 225 225 225 225 225 225 225 225
225 225 225 225 225 225 225 225 225 225 225 225 225 225 225 225 225 225 225 226 226 226 226 226 227 227 227 228 229 229 230 231 231 232 232 232 232 232 231 231 230 230 229 229 228 228 227 227 227 226 226 226 226 226 225 225 225 225 225 225 225 225 225 225 225 225 225 225 225 225 225 225 225 225 225 225 225 225 225 225 225 225 225 225 225 225 225 225 225 225 225 225 225 225
225 225 225 225 225 225 225 225 225 225 225 225 225 225 225 225 225 225 225 225 226 226 226 226 227 227 228 229 229 230 231 232 232 233 233 233 233 233 233 232 231 231 230 229 229 228 228 227 227 226 226 226 226 226 226 225 225 225 225 225 225 225 225 225 225 225 225 225 225 225 225 225 225 225 225 225 225 225 225 225 225 225 225 225 225 225 225 225 225 225 225 225 225 225
225 225 225 225 225 225 225 225 225 225 225 225 225 225 225 225 225 225 225 225 225 226 226 227 227 228 228 229 230 231 232 233 234 235 235 236 235 235 234 233 232 232 231 230 229 228 228 227 227 227 226 226 226 226 225 225 225 225 225 225 225 225 225 225 225 225 225 225 225 225 225 225 225 225 225 225 225 225 225 225 225 225 225 225 225 225 225 225 225 225 225 225 225 225
225 225 225 225 225 225 225 225 225 225 225 225 225 225 225 225 225 225 225 225 225 226 226 227 227 227 228 229 230 232 233 235 236 237 238 238 238 238 237 235 234 233 231 230 229 229 228 227 227 227 226 226 226 226 225 225 225 225 225 225 225 225 225 225 225 225 225 225 225 225 225 225 225 225 225 225 225 225 225 225 225 225 225 225 225 225 225 225 225 225 225 225 225 225
225 225 225 225 225 225 224 224 224 224 224 224 224 224 225 225 225 225 225 225 225 226 226 226 227 227 228 229 231 232 234 237 239 240 241 242 242 241 240 238 236 234 232 231 230 229 228 228 227 227 226 226 226 225 225 225 225 225 225 225 225 225 225 225 225 225 225 225 225 225 225 225 225 225 225 225 225 225 225 225 225 225 225 225 225 225 225 225 225 225 225 225 225 225
225 225 225 225 224 224 224 224 224 224 224 224 224 224 224 224 224 225 225 225 225 225 226 226 226 227 228 229 231 233 236 240 243 245 246 247 247 246 244 241 238 236 233 232 230 229 228 228 227 227 226 226 226 225 225 225 225 225 225 225 225 225 225 225 225 225 225 225 225 225 225 225 225 225 225 225 225 225 225 225 225 225 225 225 225 225 225 225 225 225 225 225 225 225
225 225 224 224 224 224 224 224 224 224 224 224 224 224 224 224 224 225 225 225 225 225 225 225 226 226 227 229 230 233 237 243 249 252 253 254 255 255 252 247 241 237 234 232 231 230 228 228 227 226 226 226 225 225 225 225 225 225 225 225 225 225 225 225 225 225 225 225 225 225 225 225 225 225 225 225 225 225 225 225 225 225 225 225 225 225 225 225 225 225 225 225 225 225
225 224 224 224 224 224 224 224 224 224 224 224 224 224 224 224 224 224 224 224 224 224 225 225 225 226 226 228 229 230 235 245 257 260 259 259 262 265 263 254 245 239 236 233 231 230 229 228 227 226 226 225 225 225 225 225 225 225 224 224 224 224 224 224 224 224 225 225 225 225 225 225 225 225 225 225 225 225 225 225 225 225 225 225 225 225 225 225 225 225 225 225 225 225
224 224 224 224 224 224 224 224 224 224 224 224 224 224 224 224 224 224 224 224 224 224 224 224 225 225 225 226 228 228 230 242 258 264 263 261 261 265 267 258 248 241 236 233 232 230 228 228 227 226 226 225 225 225 225 224 224 224 224 224 224 224 224 224 224 224 224 224 225 225 225 225 225 225 225 225 225 225 225 225 225 225 225 225 225 225 225 225 225 225 225 225 225 225
224 224 224 224 224 224 224 224 224 224 224 224 224 224 223 223 223 224 224 223 223 224 224 224 224 224 224 224 226 227 226 237 249 258 260 259 260 261 257 247 242 241 237 234 232 230 228 227 226 226 225 225 225 224 224 224 224 224 224 224 224 224 224 224 224 224 224 224 224 224 225 225 225 225 225 225 225 225 225 225 225 225 225 225 225 225 225 225 225 225 225 225 225 225
224 224 224 224 224 224 224 224 224 224 224 224 223 223 223 223 223 223 223 223 223 223 223 223 223 223 223 222 221 221 223 234 248 256 253 251 256 257 249 233 234 240 240 237 233 230 228 227 226 225 225 224 224 224 224 224 224 224 224 224 224 224 224 224 224 224 224 224 224 224 224 225 225 225 225 225 225 225 225 225 225 225 225 225 225 225 225 225 225 225 225 225 225 225
224 224 224 224 224 224 224 224 224 224 224 223 223 223 223 223 223 223 223 222 222 222 223 223 223 223 222 219 214 214 220 232 248 255 246 243 249 250 239 227 230 237 240 238 234 231 228 226 225 224 224 224 224 223 223 223 223 224 224 224 224 224 224 224 224 224 224 224 224 224 224 224 225 225 225 225 225 225 225 225 225 225 225 225 225 225 225 225 225 225 225 225 225 225
224 224 224 224 224 224 224 224 224 224 223 223 223 223 223 222 222 222 222 222 221 222 222 222 223 223 220 216 211 212 217 232 246 251 238 241 247 244 230 227 229 233 237 238 235 230 226 224 224 223 223 223 223 223 223 223 223 223 223 223 224 224 224 224 224 224 224 224 224 224 224 224 224 225 225 225 225 225 225 225 225 225 225 225 225 225 225 225 225 225 225 225 225 225
224 224 224 224 224 224 224 223 223 223 223 223 222 222 222 222 222 221 221 221 221 221 221 221 222 223 220 214 209 210 216 235 246 244 234 242 248 241 230 230 231 234 237 238 236 228 223 222 222 222 222 222 222 222 222 222 223 223 223 223 223 223 224 224 224 224 224 224 224 224 224 224 224 224 225 225 225 225 225 225 225 225 225 225 225 225 225 225 225 225 225 225 225 225
224 224 224 224 224 224 223 223 223 223 223 222 222 222 222 221 221 221 221 220 220 220 219 220 221 223 220 212 208 210 218 240 247 241 235 244 247 240 233 231 233 233 233 235 235 224 217 218 219 220 220 220 221 221 221 222 222 222 223 223 223 223 223 223 224 224 224 224 224 224 224 224 224 224 225 225 225 225 225 225 225 225 225 225 225 225 225 225 225 225 225 225 225 225
224 224 224 224 224 223 223 223 223 223 223 222 222 222 221 221 220 220 220 219 219 219 218 219 220 222 220 212 210 212 223 243 248 240 239 245 244 240 236 232 232 231 231 233 232 225 207 210 215 217 218 219 219 220 220 221 221 222 222 222 223 223 223 223 223 224 224 224 224 224 224 224 224 224 224 225 225 225 225 225 225 225 225 225 225 225 225 225 225 225 225 225 225 225
224 224 224 224 223 223 223 223 223 223 222 222 221 221 221 220 220 219 219 218 217 217 218 218 219 221 219 213 212 214 227 243 246 240 241 246 242 238 239 234 231 230 231 231 232 228 202 199 209 213 215 217 218 219 219 220 221 221 222 222 222 223 223 223 223 223 224 224 224 224 224 224 224 224 224 225 225 225 225 225 225 225 225 225 225 225 225 225 225 225 225 225 225 225
224 224 224 224 223 223 223 223 223 222 222 221 221 221 220 219 219 218 217 217 216 215 217 218 219 219 217 214 214 217 230 241 243 240 241 245 241 236 237 236 231 229 228 229 229 227 209 190 199 207 212 214 216 217 218 219 220 221 221 222 222 222 223 223 223 223 223 224 224 224 224 224 224 224 224 224 225 225 225 225 225 225 225 225 225 225 225 225 225 225 225 225 225 225
224 224 224 223 223 223 223 223 223 222 222 221 221 220 220 219 218 217 216 215 214 214 215 218 221 220 217 215 217 221 232 239 240 240 241 242 239 236 236 234 230 228 225 225 223 222 216 184 186 200 207 211 214 215 217 218 219 220 221 221 222 222 222 223 223 223 223 223 224 224 224 224 224 224 224 224 225 225 225 225 225 225 225 225 225 225 225 225 225 225 225 225 225 225
224 224 223 223 223 223 223 223 222 222 221 221 220 220 219 218 217 216 215 213 211 211 213 218 221 220 218 217 219 224 232 237 238 239 240 239 238 237 236 231 228 226 221 221 219 216 214 192 179 192 202 208 212 214 215 217 218 219 220 221 221 222 222 222 223 223 223 223 224 224 224 224 224 224 224 224 224 225 225 225 225 225 225 225 225 225 225 225 225 225 225 225 225 225
224 224 223 223 223 223 223 223 222 221 221 221 220 219 218 218 216 215 213 210 208 208 210 214 218 219 219 219 221 226 232 236 238 239 239 238 238 237 235 230 228 226 220 219 216 212 211 200 178 184 195 204 209 212 214 216 218 219 220 220 221 222 222 222 223 223 223 223 223 224 224 224 224 224 224 224 224 225 225 225 225 225 225 225 225 225 225 225 225 225 225 225 225 225
224 223 223 223 223 223 223 222 222 221 221 220 219 219 218 217 215 214 211 208 206 206 207 211 213 216 219 220 221 227 232 235 237 238 237 236 236 236 233 229 227 225 220 215 211 209 209 205 185 180 189 199 206 211 213 215 217 218 219 220 221 221 222 222 222 223 223 223 223 224 224 224 224 224 224 224 224 224 225 225 225 225 225 225 225 225 225 225 225 225 225 225 225 225
224 223 223 223 223 223 223 222 221 221 221 220 219 218 218 216 215 213 210 206 204 204 207 209 210 214 219 221 222 227 231 234 236 236 235 234 234 233 230 226 224 222 218 214 209 208 207 206 195 182 186 196 203 208 212 214 216 217 218 220 220 221 221 222 222 223 223 223 223 223 224 224 224 224 224 224 224 224 225 225 225 225 225 225 225 225 225 225 225 225 225 225 225 225
223 223 223 223 223 223 222 222 221 221 220 220 219 218 217 216 214 212 209 205 203 203 207 211 212 214 219 221 223 226 230 232 234 235 233 232 232 231 228 224 222 220 217 213 210 208 205 204 201 187 183 192 200 206 211 213 215 217 218 219 220 221 221 222 222 222 223 223 223 223 224 224 224 224 224 224 224 224 225 225 225 225 225 225 225 225 225 225 225 225 225 225 225 225
223 223 223 223 223 223 222 221 221 220 220 219 218 217 216 215 213 211 209 206 204 203 208 213 215 215 218 219 221 225 229 231 232 232 231 230 229 228 225 222 221 219 217 213 211 209 206 203 202 196 182 186 197 204 210 212 214 216 218 219 220 220 221 222 222 222 223 223 223 223 224 224 224 224 224 224 224 224 225 225 225 225 225 225 225 225 225 225 225 225 225 225 225 225
223 223 223 223 223 222 222 221 220 220 220 219 218 217 216 214 212 211 210 208 206 205 208 213 215 216 217 217 219 224 228 230 231 230 228 228 227 224 222 221 220 219 217 214 213 210 207 204 203 201 192 186 194 203 208 212 214 215 217 218 219 220 221 221 222 222 223 223 223 223 223 224 224 224 224 224 224 224 225 225 225 225 225 225 225 225 225 225 225 225 225 225 225 225
