data/AilsaCraig_270_1_25m_vel_50m.asc
ncols	257
nrows	257
xllcorner	3364200.000000
yllcorner	3669375.000000
cellsize	25.000000
NODATA_value	-1.000000
[rows 152 to 189 of 257, columns 84 to 167 of 257]
1.64 1.64 1.64 1.63 1.63 1.62 1.62 1.61 1.61 1.61 1.60 1.59 1.59 1.58 1.58 1.57 1.57 1.56 1.56 1.55 1.54 1.54 1.53 1.53 1.54 1.54 1.55 1.57 1.59 1.63 1.66 1.71 1.76 1.85 2.11 2.34 2.30 2.44 2.82 2.93 2.55 2.35 2.31 2.01 1.68 1.50 1.44 1.46 1.50 1.53 1.57 1.59 1.60 1.63 1.66 1.68 1.71 1.69 1.65 1.63 1.61 1.59 1.59 1.58 1.58 1.58 1.57 1.57 1.58 1.59 1.60 1.60 1.61 1.61 1.61 1.61 1.61 1.62 1.62 1.62 1.63 1.63 1.64 1.64
1.65 1.64 1.64 1.64 1.63 1.63 1.62 1.62 1.62 1.61 1.61 1.60 1.60 1.59 1.59 1.58 1.58 1.58 1.57 1.57 1.57 1.56 1.56 1.56 1.57 1.57 1.58 1.60 1.62 1.65 1.69 1.74 1.80 1.86 2.06 2.15 2.11 2.32 2.62 2.72 2.56 2.42 2.33 2.01 1.68 1.56 1.54 1.55 1.56 1.58 1.60 1.62 1.63 1.64 1.66 1.66 1.67 1.68 1.66 1.64 1.63 1.61 1.60 1.59 1.59 1.59 1.59 1.58 1.59 1.60 1.61 1.61 1.61 1.61 1.61 1.62 1.62 1.62 1.63 1.63 1.63 1.63 1.64 1.64
1.65 1.65 1.64 1.64 1.64 1.63 1.63 1.62 1.62 1.62 1.61 1.61 1.60 1.60 1.60 1.59 1.59 1.59 1.59 1.58 1.58 1.58 1.58 1.59 1.59 1.60 1.61 1.63 1.65 1.67 1.71 1.75 1.80 1.88 1.97 1.99 2.08 2.21 2.30 2.45 2.46 2.40 2.29 2.01 1.71 1.62 1.62 1.60 1.60 1.62 1.62 1.64 1.65 1.65 1.66 1.64 1.65 1.68 1.66 1.64 1.64 1.62 1.60 1.60 1.61 1.61 1.60 1.59 1.61 1.61 1.61 1.61 1.62 1.62 1.62 1.62 1.62 1.63 1.63 1.63 1.63 1.64 1.64 1.64
1.65 1.65 1.65 1.64 1.64 1.64 1.63 1.63 1.63 1.62 1.62 1.61 1.61 1.61 1.61 1.60 1.60 1.60 1.60 1.60 1.60 1.60 1.60 1.60 1.61 1.62 1.63 1.64 1.66 1.69 1.72 1.76 1.80 1.86 1.91 1.96 2.04 2.08 2.14 2.22 2.26 2.28 2.19 1.98 1.78 1.69 1.67 1.64 1.64 1.65 1.65 1.65 1.66 1.67 1.65 1.63 1.65 1.67 1.66 1.65 1.64 1.62 1.61 1.62 1.62 1.62 1.60 1.61 1.61 1.62 1.62 1.62 1.62 1.62 1.62 1.63 1.63 1.63 1.63 1.64 1.64 1.64 1.64 1.65
1.65 1.65 1.65 1.64 1.64 1.64 1.64 1.63 1.63 1.63 1.62 1.62 1.62 1.62 1.61 1.61 1.61 1.61 1.61 1.61 1.61 1.61 1.62 1.62 1.63 1.64 1.65 1.66 1.68 1.70 1.73 1.76 1.79 1.84 1.88 1.93 1.97 2.00 2.05 2.07 2.09 2.11 2.05 1.93 1.82 1.75 1.70 1.68 1.66 1.67 1.68 1.66 1.67 1.67 1.64 1.64 1.66 1.67 1.67 1.65 1.64 1.63 1.62 1.62 1.63 1.62 1.61 1.61 1.62 1.62 1.62 1.62 1.63 1.63 1.63 1.63 1.63 1.63 1.64 1.64 1.64 1.64 1.65 1.65
1.65 1.65 1.65 1.65 1.65 1.64 1.64 1.64 1.63 1.63 1.63 1.63 1.62 1.62 1.62 1.62 1.62 1.62 1.62 1.62 1.62 1.62 1.63 1.63 1.64 1.65 1.66 1.67 1.69 1.71 1.73 1.76 1.79 1.82 1.85 1.89 1.92 1.95 1.97 1.98 1.98 1.98 1.94 1.88 1.82 1.77 1.73 1.71 1.68 1.68 1.69 1.67 1.67 1.66 1.64 1.65 1.67 1.68 1.67 1.65 1.64 1.64 1.63 1.63 1.63 1.63 1.62 1.62 1.63 1.63 1.63 1.63 1.63 1.63 1.63 1.63 1.64 1.64 1.64 1.64 1.64 1.65 1.65 1.65
1.66 1.65 1.65 1.65 1.65 1.65 1.64 1.64 1.64 1.64 1.63 1.63 1.63 1.63 1.63 1.63 1.63 1.63 1.63 1.63 1.63 1.63 1.64 1.64 1.65 1.66 1.67 1.68 1.69 1.71 1.73 1.75 1.78 1.80 1.83 1.85 1.88 1.90 1.91 1.92 1.92 1.90 1.88 1.84 1.80 1.77 1.75 1.72 1.69 1.69 1.69 1.69 1.67 1.66 1.65 1.66 1.68 1.68 1.66 1.65 1.65 1.64 1.64 1.64 1.64 1.63 1.63 1.63 1.63 1.63 1.63 1.63 1.63 1.64 1.64 1.64 1.64 1.64 1.64 1.65 1.65 1.65 1.65 1.65
1.66 1.66 1.65 1.65 1.65 1.65 1.65 1.64 1.64 1.64 1.64 1.64 1.63 1.63 1.63 1.63 1.63 1.63 1.63 1.64 1.64 1.64 1.65 1.65 1.66 1.67 1.67 1.69 1.70 1.71 1.73 1.75 1.76 1.79 1.81 1.82 1.84 1.86 1.87 1.87 1.87 1.85 1.84 1.81 1.78 1.77 1.75 1.73 1.70 1.69 1.70 1.70 1.67 1.66 1.66 1.67 1.68 1.67 1.66 1.66 1.65 1.65 1.64 1.64 1.64 1.64 1.63 1.64 1.64 1.64 1.64 1.64 1.64 1.64 1.64 1.64 1.64 1.65 1.65 1.65 1.65 1.65 1.65 1.66
1.66 1.66 1.66 1.65 1.65 1.65 1.65 1.65 1.65 1.64 1.64 1.64 1.64 1.64 1.64 1.64 1.64 1.64 1.64 1.64 1.65 1.65 1.65 1.66 1.66 1.67 1.68 1.69 1.70 1.71 1.73 1.74 1.76 1.77 1.79 1.80 1.81 1.82 1.83 1.83 1.83 1.82 1.81 1.79 1.77 1.76 1.74 1.73 1.71 1.70 1.70 1.70 1.67 1.67 1.67 1.68 1.68 1.67 1.66 1.66 1.66 1.65 1.65 1.65 1.64 1.64 1.64 1.64 1.64 1.64 1.64 1.64 1.64 1.64 1.64 1.65 1.65 1.65 1.65 1.65 1.65 1.65 1.66 1.66
1.66 1.66 1.66 1.66 1.66 1.65 1.65 1.65 1.65 1.65 1.65 1.64 1.64 1.64 1.64 1.64 1.64 1.64 1.65 1.65 1.65 1.65 1.66 1.66 1.67 1.68 1.68 1.69 1.70 1.71 1.72 1.73 1.75 1.76 1.77 1.78 1.79 1.80 1.80 1.81 1.80 1.80 1.79 1.77 1.76 1.75 1.74 1.72 1.71 1.70 1.70 1.69 1.68 1.68 1.68 1.68 1.68 1.67 1.67 1.66 1.66 1.65 1.65 1.65 1.65 1.64 1.64 1.64 1.64 1.64 1.64 1.65 1.65 1.65 1.65 1.65 1.65 1.65 1.65 1.65 1.66 1.66 1.66 1.66
1.66 1.66 1.66 1.66 1.66 1.66 1.65 1.65 1.65 1.65 1.65 1.65 1.65 1.65 1.65 1.65 1.65 1.65 1.65 1.65 1.66 1.66 1.66 1.67 1.67 1.68 1.68 1.69 1.70 1.71 1.72 1.73 1.74 1.75 1.76 1.77 1.78 1.78 1.78 1.78 1.78 1.78 1.77 1.76 1.75 1.74 1.73 1.72 1.71 1.70 1.70 1.69 1.68 1.68 1.68 1.68 1.68 1.67 1.67 1.66 1.66 1.66 1.65 1.65 1.65 1.65 1.65 1.65 1.65 1.65 1.65 1.65 1.65 1.65 1.65 1.65 1.65 1.65 1.65 1.66 1.66 1.66 1.66 1.66
1.66 1.66 1.66 1.66 1.66 1.66 1.66 1.66 1.65 1.65 1.65 1.65 1.65 1.65 1.65 1.65 1.65 1.65 1.66 1.65 1.66 1.66 1.66 1.67 1.67 1.68 1.69 1.69 1.70 1.71 1.72 1.73 1.73 1.74 1.75 1.75 1.76 1.76 1.77 1.77 1.77 1.76 1.76 1.75 1.74 1.73 1.73 1.72 1.71 1.70 1.70 1.70 1.69 1.68 1.68 1.68 1.68 1.67 1.67 1.66 1.66 1.66 1.66 1.65 1.65 1.65 1.65 1.65 1.65 1.65 1.65 1.65 1.65 1.65 1.65 1.65 1.66 1.66 1.66 1.66 1.66 1.66 1.66 1.66
1.67 1.66 1.66 1.66 1.66 1.66 1.66 1.66 1.66 1.66 1.65 1.65 1.65 1.65 1.65 1.65 1.66 1.66 1.66 1.66 1.66 1.67 1.67 1.67 1.68 1.68 1.69 1.69 1.70 1.71 1.71 1.72 1.73 1.73 1.74 1.74 1.75 1.75 1.75 1.75 1.75 1.75 1.75 1.74 1.73 1.73 1.72 1.71 1.71 1.70 1.70 1.69 1.69 1.69 1.68 1.68 1.68 1.67 1.67 1.67 1.66 1.66 1.66 1.66 1.66 1.65 1.65 1.65 1.65 1.65 1.65 1.65 1.65 1.66 1.66 1.66 1.66 1.66 1.66 1.66 1.66 1.66 1.66 1.66
1.67 1.67 1.66 1.66 1.66 1.66 1.66 1.66 1.66 1.66 1.66 1.66 1.66 1.66 1.66 1.66 1.66 1.66 1.66 1.66 1.66 1.67 1.67 1.67 1.68 1.68 1.69 1.69 1.70 1.70 1.71 1.71 1.72 1.73 1.73 1.73 1.74 1.74 1.74 1.74 1.74 1.74 1.73 1.73 1.73 1.72 1.72 1.71 1.71 1.70 1.70 1.69 1.69 1.69 1.68 1.68 1.68 1.67 1.67 1.67 1.66 1.66 1.66 1.66 1.66 1.66 1.66 1.66 1.66 1.66 1.66 1.66 1.66 1.66 1.66 1.66 1.66 1.66 1.66 1.66 1.66 1.66 1.67 1.67
1.67 1.67 1.67 1.67 1.66 1.66 1.66 1.66 1.66 1.66 1.66 1.66 1.66 1.66 1.66 1.66 1.66 1.66 1.66 1.66 1.67 1.67 1.67 1.68 1.68 1.68 1.69 1.69 1.70 1.70 1.71 1.71 1.71 1.72 1.72 1.73 1.73 1.73 1.73 1.73 1.73 1.73 1.73 1.72 1.72 1.72 1.71 1.71 1.70 1.70 1.70 1.69 1.69 1.69 1.68 1.68 1.68 1.67 1.67 1.67 1.67 1.66 1.66 1.66 1.66 1.66 1.66 1.66 1.66 1.66 1.66 1.66 1.66 1.66 1.66 1.66 1.66 1.66 1.66 1.66 1.66 1.67 1.67 1.67
1.67 1.67 1.67 1.67 1.67 1.67 1.66 1.66 1.66 1.66 1.66 1.66 1.66 1.66 1.66 1.66 1.66 1.66 1.67 1.67 1.67 1.67 1.67 1.68 1.68 1.68 1.69 1.69 1.69 1.70 1.70 1.71 1.71 1.71 1.72 1.72 1.72 1.72 1.72 1.72 1.72 1.72 1.72 1.72 1.72 1.71 1.71 1.71 1.70 1.70 1.70 1.69 1.69 1.69 1.68 1.68 1.68 1.67 1.67 1.67 1.67 1.67 1.66 1.66 1.66 1.66 1.66 1.66 1.66 1.66 1.66 1.66 1.66 1.66 1.66 1.66 1.66 1.66 1.66 1.67 1.67 1.67 1.67 1.67
1.67 1.67 1.67 1.67 1.67 1.67 1.67 1.67 1.66 1.66 1.66 1.66 1.66 1.66 1.66 1.66 1.66 1.67 1.67 1.67 1.67 1.67 1.68 1.68 1.68 1.68 1.68 1.69 1.69 1.70 1.70 1.70 1.71 1.71 1.71 1.71 1.72 1.72 1.72 1.72 1.72 1.72 1.72 1.71 1.71 1.71 1.71 1.70 1.70 1.70 1.69 1.69 1.69 1.69 1.68 1.68 1.68 1.67 1.67 1.67 1.67 1.67 1.67 1.67 1.66 1.66 1.66 1.66 1.66 1.66 1.66 1.66 1.66 1.66 1.66 1.66 1.66 1.67 1.67 1.67 1.67 1.67 1.67 1.67
1.67 1.67 1.67 1.67 1.67 1.67 1.67 1.67 1.67 1.67 1.67 1.67 1.67 1.67 1.67 1.67 1.67 1.67 1.67 1.67 1.67 1.67 1.68 1.68 1.68 1.68 1.69 1.69 1.69 1.69 1.70 1.70 1.70 1.71 1.71 1.71 1.71 1.71 1.71 1.71 1.71 1.71 1.71 1.71 1.71 1.70 1.70 1.70 1.70 1.69 1.69 1.69 1.69 1.68 1.68 1.68 1.68 1.68 1.67 1.67 1.67 1.67 1.67 1.67 1.67 1.67 1.67 1.66 1.66 1.66 1.66 1.66 1.67 1.67 1.67 1.67 1.67 1.67 1.67 1.67 1.67 1.67 1.67 1.67
1.67 1.67 1.67 1.67 1.67 1.67 1.67 1.67 1.67 1.67 1.67 1.67 1.67 1.67 1.67 1.67 1.67 1.67 1.67 1.67 1.67 1.68 1.68 1.68 1.68 1.68 1.68 1.69 1.69 1.69 1.69 1.70 1.70 1.70 1.70 1.71 1.71 1.71 1.71 1.71 1.71 1.71 1.71 1.70 1.70 1.70 1.70 1.70 1.69 1.69 1.69 1.69 1.69 1.68 1.68 1.68 1.68 1.68 1.67 1.67 1.67 1.67 1.67 1.67 1.67 1.67 1.67 1.67 1.67 1.67 1.67 1.67 1.67 1.67 1.67 1.67 1.67 1.67 1.67 1.67 1.67 1.67 1.67 1.67
1.67 1.67 1.67 1.67 1.67 1.67 1.67 1.67 1.67 1.67 1.67 1.67 1.67 1.67 1.67 1.67 1.67 1.67 1.67 1.67 1.67 1.67 1.68 1.68 1.68 1.68 1.68 1.69 1.69 1.69 1.69 1.69 1.70 1.70 1.70 1.70 1.70 1.70 1.70 1.70 1.70 1.70 1.70 1.70 1.70 1.70 1.70 1.69 1.69 1.69 1.69 1.69 1.68 1.68 1.68 1.68 1.68 1.68 1.67 1.67 1.67 1.67 1.67 1.67 1.67 1.67 1.67 1.67 1.67 1.67 1.67 1.67 1.67 1.67 1.67 1.67 1.67 1.67 1.67 1.67 1.67 1.67 1.67 1.67
1.67 1.67 1.67 1.67 1.67 1.67 1.67 1.67 1.67 1.67 1.67 1.67 1.67 1.67 1.67 1.67 1.67 1.67 1.67 1.67 1.67 1.68 1.68 1.68 1.68 1.68 1.68 1.69 1.69 1.69 1.69 1.69 1.69 1.70 1.70 1.70 1.70 1.70 1.70 1.70 1.70 1.70 1.70 1.70 1.70 1.70 1.69 1.69 1.69 1.69 1.69 1.69 1.68 1.68 1.68 1.68 1.68 1.68 1.68 1.67 1.67 1.67 1.67 1.67 1.67 1.67 1.67 1.67 1.67 1.67 1.67 1.67 1.67 1.67 1.67 1.67 1.67 1.67 1.67 1.67 1.67 1.67 1.67 1.67
1.67 1.67 1.67 1.67 1.67 1.67 1.67 1.67 1.67 1.67 1.67 1.67 1.67 1.67 1.67 1.67 1.67 1.67 1.67 1.67 1.67 1.68 1.68 1.68 1.68 1.68 1.68 1.68 1.69 1.69 1.69 1.69 1.69 1.69 1.69 1.70 1.70 1.70 1.70 1.70 1.70 1.70 1.70 1.70 1.69 1.69 1.69 1.69 1.69 1.69 1.69 1.68 1.68 1.68 1.68 1.68 1.68 1.68 1.68 1.67 1.67 1.67 1.67 1.67 1.67 1.67 1.67 1.67 1.67 1.67 1.67 1.67 1.67 1.67 1.67 1.67 1.67 1.67 1.67 1.67 1.67 1.67 1.67 1.67
1.67 1.67 1.67 1.67 1.67 1.67 1.67 1.67 1.67 1.67 1.67 1.67 1.67 1.67 1.67 1.67 1.67 1.67 1.67 1.67 1.68 1.68 1.68 1.68 1.68 1.68 1.68 1.68 1.69 1.69 1.69 1.69 1.69 1.69 1.69 1.69 1.69 1.69 1.69 1.69 1.69 1.69 1.69 1.69 1.69 1.69 1.69 1.69 1.69 1.69 1.68 1.68 1.68 1.68 1.68 1.68 1.68 1.68 1.68 1.67 1.67 1.67 1.67 1.67 1.67 1.67 1.67 1.67 1.67 1.67 1.67 1.67 1.67 1.67 1.67 1.67 1.67 1.67 1.67 1.67 1.67 1.67 1.67 1.67
1.67 1.67 1.67 1.67 1.67 1.67 1.67 1.67 1.67 1.67 1.67 1.67 1.67 1.67 1.67 1.67 1.67 1.67 1.68 1.68 1.68 1.68 1.68 1.68 1.68 1.68 1.68 1.68 1.68 1.69 1.69 1.69 1.69 1.69 1.69 1.69 1.69 1.69 1.69 1.69 1.69 1.69 1.69 1.69 1.69 1.69 1.69 1.69 1.69 1.69 1.68 1.68 1.68 1.68 1.68 1.68 1.68 1.68 1.68 1.68 1.67 1.67 1.67 1.67 1.67 1.67 1.67 1.67 1.67 1.67 1.67 1.67 1.67 1.67 1.67 1.67 1.67 1.67 1.67 1.67 1.67 1.67 1.67 1.67
1.67 1.67 1.67 1.67 1.67 1.67 1.67 1.67 1.67 1.67 1.67 1.67 1.67 1.67 1.67 1.67 1.67 1.67 1.68 1.68 1.68 1.68 1.68 1.68 1.68 1.68 1.68 1.68 1.68 1.68 1.69 1.69 1.69 1.69 1.69 1.69 1.69 1.69 1.69 1.69 1.69 1.69 1.69 1.69 1.69 1.69 1.69 1.69 1.69 1.68 1.68 1.68 1.68 1.68 1.68 1.68 1.68 1.68 1.68 1.68 1.68 1.67 1.67 1.67 1.67 1.67 1.67 1.67 1.67 1.67 1.67 1.67 1.67 1.67 1.67 1.67 1.67 1.67 1.67 1.67 1.67 1.67 1.67 1.67
1.67 1.67 1.67 1.67 1.67 1.67 1.67 1.67 1.67 1.67 1.67 1.67 1.67 1.67 1.67 1.67 1.67 1.68 1.68 1.68 1.68 1.68 1.68 1.68 1.68 1.68 1.68 1.68 1.68 1.68 1.68 1.69 1.69 1.69 1.69 1.69 1.69 1.69 1.69 1.69 1.69 1.69 1.69 1.69 1.69 1.69 1.69 1.69 1.68 1.68 1.68 1.68 1.68 1.68 1.68 1.68 1.68 1.68 1.68 1.68 1.68 1.67 1.67 1.67 1.67 1.67 1.67 1.67 1.67 1.67 1.67 1.67 1.67 1.67 1.67 1.67 1.67 1.67 1.67 1.67 1.67 1.67 1.67 1.67
1.68 1.68 1.67 1.67 1.67 1.67 1.67 1.67 1.67 1.67 1.67 1.67 1.67 1.67 1.68 1.68 1.68 1.68 1.68 1.68 1.68 1.68 1.68 1.68 1.68 1.68 1.68 1.68 1.68 1.68 1.68 1.68 1.68 1.69 1.69 1.69 1.69 1.69 1.69 1.69 1.69 1.69 1.69 1.69 1.69 1.69 1.68 1.68 1.68 1.68 1.68 1.68 1.68 1.68 1.68 1.68 1.68 1.68 1.68 1.68 1.68 1.68 1.67 1.67 1.67 1.67 1.67 1.67 1.67 1.67 1.67 1.67 1.67 1.67 1.67 1.67 1.67 1.67 1.67 1.67 1.67 1.67 1.67 1.68
1.68 1.68 1.68 1.68 1.68 1.68 1.68 1.68 1.67 1.67 1.68 1.68 1.67 1.68 1.68 1.68 1.68 1.68 1.68 1.68 1.68 1.68 1.68 1.68 1.68 1.68 1.68 1.68 1.68 1.68 1.68 1.68 1.68 1.68 1.68 1.69 1.69 1.69 1.69 1.69 1.69 1.69 1.69 1.69 1.68 1.68 1.68 1.68 1.68 1.68 1.68 1.68 1.68 1.68 1.68 1.68 1.68 1.68 1.68 1.68 1.68 1.68 1.68 1.68 1.67 1.67 1.67 1.67 1.67 1.67 1.67 1.67 1.67 1.67 1.67 1.67 1.67 1.67 1.67 1.67 1.68 1.68 1.68 1.68
1.68 1.68 1.68 1.68 1.68 1.68 1.68 1.68 1.68 1.68 1.68 1.68 1.68 1.68 1.68 1.68 1.68 1.68 1.68 1.68 1.68 1.68 1.68 1.68 1.68 1.68 1.68 1.68 1.68 1.68 1.68 1.68 1.68 1.68 1.68 1.68 1.68 1.68 1.68 1.68 1.68 1.68 1.68 1.68 1.68 1.68 1.68 1.68 1.68 1.68 1.68 1.68 1.68 1.68 1.68 1.68 1.68 1.68 1.68 1.68 1.68 1.68 1.68 1.68 1.68 1.68 1.67 1.67 1.67 1.67 1.67 1.67 1.67 1.67 1.67 1.67 1.68 1.68 1.68 1.68 1.68 1.68 1.68 1.68
1.68 1.68 1.68 1.68 1.68 1.68 1.68 1.68 1.68 1.68 1.68 1.68 1.68 1.68 1.68 1.68 1.68 1.68 1.68 1.68 1.68 1.68 1.68 1.68 1.68 1.68 1.68 1.68 1.68 1.68 1.68 1.68 1.68 1.68 1.68 1.68 1.68 1.68 1.68 1.68 1.68 1.68 1.68 1.68 1.68 1.68 1.68 1.68 1.68 1.68 1.68 1.68 1.68 1.68 1.68 1.68 1.68 1.68 1.68 1.68 1.68 1.68 1.68 1.68 1.68 1.68 1.68 1.68 1.68 1.68 1.68 1.68 1.68 1.68 1.68 1.68 1.68 1.68 1.68 1.68 1.68 1.68 1.68 1.68
1.68 1.68 1.68 1.68 1.68 1.68 1.68 1.68 1.68 1.68 1.68 1.68 1.68 1.68 1.68 1.68 1.68 1.68 1.68 1.68 1.68 1.68 1.68 1.68 1.68 1.68 1.68 1.68 1.68 1.68 1.68 1.68 1.68 1.68 1.68 1.68 1.68 1.68 1.68 1.68 1.68 1.68 1.68 1.68 1.68 1.68 1.68 1.68 1.68 1.68 1.68 1.68 1.68 1.68 1.68 1.68 1.68 1.68 1.68 1.68 1.68 1.68 1.68 1.68 1.68 1.68 1.68 1.68 1.68 1.68 1.68 1.68 1.68 1.68 1.68 1.68 1.68 1.68 1.68 1.68 1.68 1.68 1.68 1.68
1.68 1.68 1.68 1.68 1.68 1.68 1.68 1.68 1.68 1.68 1.68 1.68 1.68 1.68 1.68 1.68 1.68 1.68 1.68 1.68 1.68 1.68 1.68 1.68 1.68 1.68 1.68 1.68 1.68 1.68 1.68 1.68 1.68 1.68 1.68 1.68 1.68 1.68 1.68 1.68 1.68 1.68 1.68 1.68 1.68 1.68 1.68 1.68 1.68 1.68 1.68 1.68 1.68 1.68 1.68 1.68 1.68 1.68 1.68 1.68 1.68 1.68 1.68 1.68 1.68 1.68 1.68 1.68 1.68 1.68 1.68 1.68 1.68 1.68 1.68 1.68 1.68 1.68 1.68 1.68 1.68 1.68 1.68 1.68
1.68 1.68 1.68 1.68 1.68 1.68 1.68 1.68 1.68 1.68 1.68 1.68 1.68 1.68 1.68 1.68 1.68 1.68 1.68 1.68 1.68 1.68 1.68 1.68 1.68 1.68 1.68 1.68 1.68 1.68 1.68 1.68 1.68 1.68 1.68 1.68 1.68 1.68 1.68 1.68 1.68 1.68 1.68 1.68 1.68 1.68 1.68 1.68 1.68 1.68 1.68 1.68 1.68 1.68 1.68 1.68 1.68 1.68 1.68 1.68 1.68 1.68 1.68 1.68 1.68 1.68 1.68 1.68 1.68 1.68 1.68 1.68 1.68 1.68 1.68 1.68 1.68 1.68 1.68 1.68 1.68 1.68 1.68 1.68
1.68 1.68 1.68 1.68 1.68 1.68 1.68 1.68 1.68 1.68 1.68 1.68 1.68 1.68 1.68 1.68 1.68 1.68 1.68 1.68 1.68 1.68 1.68 1.68 1.68 1.68 1.68 1.68 1.68 1.68 1.68 1.68 1.68 1.68 1.68 1.68 1.68 1.68 1.68 1.68 1.68 1.68 1.68 1.68 1.68 1.68 1.68 1.68 1.68 1.68 1.68 1.68 1.68 1.68 1.68 1.68 1.68 1.68 1.68 1.68 1.68 1.68 1.68 1.68 1.68 1.68 1.68 1.68 1.68 1.68 1.68 1.68 1.68 1.68 1.68 1.68 1.68 1.68 1.68 1.68 1.68 1.68 1.68 1.68
1.68 1.68 1.68 1.68 1.68 1.68 1.68 1.68 1.68 1.68 1.68 1.68 1.68 1.68 1.68 1.68 1.68 1.68 1.68 1.68 1.68 1.68 1.68 1.68 1.68 1.68 1.68 1.68 1.68 1.68 1.68 1.68 1.68 1.68 1.68 1.68 1.68 1.68 1.68 1.68 1.68 1.68 1.68 1.68 1.68 1.68 1.68 1.68 1.68 1.68 1.68 1.68 1.68 1.68 1.68 1.68 1.68 1.68 1.68 1.68 1.68 1.68 1.68 1.68 1.68 1.68 1.68 1.68 1.68 1.68 1.68 1.68 1.68 1.68 1.68 1.68 1.68 1.68 1.68 1.68 1.68 1.68 1.68 1.68
1.68 1.68 1.68 1.68 1.68 1.68 1.68 1.68 1.68 1.68 1.68 1.68 1.68 1.68 1.68 1.68 1.68 1.68 1.68 1.68 1.68 1.68 1.68 1.68 1.68 1.68 1.68 1.68 1.68 1.68 1.68 1.68 1.68 1.68 1.68 1.68 1.68 1.68 1.68 1.68 1.68 1.68 1.68 1.68 1.68 1.68 1.68 1.68 1.68 1.68 1.68 1.68 1.68 1.68 1.68 1.68 1.68 1.68 1.68 1.68 1.68 1.68 1.68 1.68 1.68 1.68 1.68 1.68 1.68 1.68 1.68 1.68 1.68 1.68 1.68 1.68 1.68 1.68 1.68 1.68 1.68 1.68 1.68 1.68
1.68 1.68 1.68 1.68 1.68 1.68 1.68 1.68 1.68 1.68 1.68 1.68 1.68 1.68 1.68 1.68 1.68 1.68 1.68 1.68 1.68 1.68 1.68 1.68 1.68 1.68 1.68 1.68 1.68 1.68 1.68 1.68 1.68 1.68 1.68 1.68 1.68 1.68 1.68 1.68 1.68 1.68 1.68 1.68 1.68 1.68 1.68 1.68 1.68 1.68 1.68 1.68 1.68 1.68 1.68 1.68 1.68 1.68 1.68 1.68 1.68 1.68 1.68 1.68 1.68 1.68 1.68 1.68 1.68 1.68 1.68 1.68 1.68 1.68 1.68 1.68 1.68 1.68 1.68 1.68 1.68 1.68 1.68 1.68
1.68 1.68 1.68 1.68 1.68 1.68 1.68 1.68 1.68 1.68 1.68 1.68 1.68 1.68 1.68 1.68 1.68 1.68 1.68 1.68 1.68 1.68 1.68 1.68 1.68 1.68 1.68 1.68 1.68 1.68 1.68 1.68 1.68 1.68 1.68 1.68 1.68 1.68 1.68 1.68 1.68 1.68 1.68 1.68 1.68 1.68 1.68 1.68 1.68 1.68 1.68 1.68 1.68 1.68 1.68 1.68 1.68 1.68 1.68 1.68 1.68 1.68 1.68 1.68 1.68 1.68 1.68 1.68 1.68 1.68 1.68 1.68 1.68 1.68 1.68 1.68 1.68 1.68 1.68 1.68 1.68 1.68 1.68 1.68
