data/AilsaCraig_270_1_25m_vel_200m.asc
ncols	257
nrows	257
xllcorner	3364200.000000
yllcorner	3669375.000000
cellsize	25.000000
NODATA_value	-1.000000
[rows 114 to 151 of 257, columns 84 to 167 of 257]
1.75 1.75 1.75 1.74 1.74 1.74 1.74 1.73 1.73 1.73 1.73 1.72 1.72 1.72 1.71 1.71 1.71 1.70 1.70 1.69 1.69 1.69 1.68 1.68 1.68 1.68 1.67 1.67 1.68 1.68 1.68 1.69 1.70 1.72 1.75 1.79 1.85 1.93 2.03 2.08 2.08 2.06 2.07 2.10 2.12 2.11 2.11 2.11 2.07 2.02 1.97 1.93 1.89 1.86 1.82 1.78 1.76 1.74 1.72 1.70 1.69 1.69 1.68 1.68 1.68 1.68 1.68 1.69 1.69 1.69 1.70 1.70 1.71 1.71 1.71 1.72 1.72 1.72 1.73 1.73 1.73 1.74 1.74 1.74
1.75 1.75 1.74 1.74 1.74 1.74 1.73 1.73 1.73 1.73 1.72 1.72 1.71 1.71 1.71 1.70 1.70 1.69 1.69 1.69 1.68 1.68 1.67 1.67 1.66 1.66 1.66 1.66 1.66 1.66 1.67 1.67 1.68 1.71 1.74 1.80 1.87 1.95 2.04 2.08 2.08 2.07 2.09 2.13 2.14 2.13 2.13 2.12 2.09 2.04 1.99 1.95 1.90 1.86 1.83 1.79 1.75 1.72 1.70 1.69 1.68 1.67 1.67 1.67 1.67 1.67 1.67 1.68 1.68 1.69 1.69 1.70 1.70 1.70 1.71 1.71 1.72 1.72 1.72 1.73 1.73 1.73 1.74 1.74
1.75 1.74 1.74 1.74 1.74 1.73 1.73 1.73 1.73 1.72 1.72 1.71 1.71 1.71 1.70 1.70 1.69 1.69 1.68 1.68 1.67 1.67 1.66 1.66 1.65 1.65 1.64 1.64 1.64 1.64 1.65 1.65 1.67 1.70 1.75 1.81 1.88 1.96 2.04 2.08 2.08 2.08 2.10 2.15 2.15 2.14 2.14 2.12 2.09 2.06 2.01 1.96 1.91 1.87 1.83 1.79 1.74 1.71 1.69 1.67 1.66 1.65 1.65 1.65 1.65 1.66 1.66 1.67 1.67 1.68 1.68 1.69 1.69 1.70 1.70 1.71 1.71 1.72 1.72 1.72 1.73 1.73 1.73 1.74
1.74 1.74 1.74 1.74 1.73 1.73 1.73 1.73 1.72 1.72 1.72 1.71 1.71 1.70 1.70 1.69 1.69 1.68 1.67 1.67 1.66 1.66 1.65 1.64 1.64 1.63 1.63 1.62 1.62 1.62 1.63 1.64 1.66 1.70 1.75 1.82 1.89 1.97 2.04 2.08 2.09 2.09 2.12 2.15 2.15 2.15 2.14 2.13 2.09 2.06 2.02 1.97 1.92 1.88 1.83 1.79 1.74 1.69 1.67 1.65 1.64 1.63 1.63 1.63 1.64 1.64 1.65 1.65 1.66 1.67 1.67 1.68 1.69 1.69 1.70 1.70 1.71 1.71 1.72 1.72 1.72 1.73 1.73 1.73
1.74 1.74 1.74 1.73 1.73 1.73 1.73 1.72 1.72 1.72 1.71 1.71 1.70 1.70 1.69 1.68 1.68 1.67 1.66 1.66 1.65 1.64 1.64 1.63 1.62 1.62 1.61 1.61 1.60 1.60 1.61 1.62 1.65 1.70 1.76 1.82 1.90 1.98 2.04 2.08 2.10 2.11 2.12 2.14 2.14 2.14 2.14 2.12 2.09 2.06 2.03 1.98 1.93 1.88 1.84 1.79 1.74 1.67 1.64 1.63 1.62 1.61 1.61 1.62 1.62 1.63 1.63 1.64 1.65 1.66 1.66 1.67 1.68 1.69 1.69 1.70 1.70 1.71 1.71 1.72 1.72 1.72 1.73 1.73
1.74 1.74 1.74 1.73 1.73 1.73 1.72 1.72 1.72 1.71 1.71 1.70 1.70 1.69 1.68 1.68 1.67 1.66 1.66 1.65 1.64 1.63 1.62 1.62 1.61 1.60 1.59 1.59 1.58 1.58 1.59 1.61 1.65 1.70 1.76 1.83 1.91 1.98 2.04 2.08 2.10 2.12 2.13 2.13 2.13 2.13 2.13 2.11 2.09 2.07 2.02 1.98 1.94 1.89 1.84 1.79 1.74 1.68 1.62 1.60 1.59 1.59 1.59 1.60 1.60 1.61 1.62 1.63 1.64 1.65 1.65 1.66 1.67 1.68 1.69 1.69 1.70 1.70 1.71 1.71 1.72 1.72 1.73 1.73
1.74 1.74 1.73 1.73 1.73 1.73 1.72 1.72 1.71 1.71 1.70 1.70 1.69 1.69 1.68 1.67 1.66 1.66 1.65 1.64 1.63 1.62 1.61 1.60 1.59 1.58 1.58 1.57 1.56 1.56 1.56 1.60 1.64 1.71 1.77 1.84 1.91 1.99 2.04 2.08 2.11 2.12 2.12 2.12 2.13 2.13 2.12 2.11 2.09 2.06 2.02 1.98 1.94 1.89 1.84 1.78 1.74 1.68 1.60 1.58 1.57 1.57 1.57 1.58 1.59 1.60 1.61 1.62 1.63 1.64 1.65 1.66 1.66 1.67 1.68 1.69 1.69 1.70 1.71 1.71 1.72 1.72 1.72 1.73
1.74 1.74 1.73 1.73 1.73 1.72 1.72 1.71 1.71 1.71 1.70 1.69 1.69 1.68 1.67 1.66 1.66 1.65 1.64 1.63 1.62 1.61 1.60 1.59 1.58 1.57 1.56 1.55 1.54 1.54 1.55 1.59 1.64 1.70 1.77 1.84 1.92 1.99 2.04 2.08 2.10 2.11 2.12 2.12 2.12 2.11 2.11 2.09 2.08 2.06 2.02 1.98 1.94 1.89 1.84 1.78 1.73 1.68 1.60 1.55 1.54 1.54 1.55 1.56 1.57 1.58 1.59 1.60 1.62 1.63 1.64 1.65 1.66 1.67 1.67 1.68 1.69 1.70 1.70 1.71 1.71 1.72 1.72 1.73
1.74 1.73 1.73 1.73 1.72 1.72 1.72 1.71 1.71 1.70 1.70 1.69 1.68 1.67 1.67 1.66 1.65 1.64 1.63 1.62 1.61 1.60 1.59 1.58 1.56 1.55 1.54 1.53 1.52 1.52 1.54 1.57 1.63 1.69 1.77 1.84 1.92 1.99 2.04 2.07 2.09 2.10 2.11 2.11 2.11 2.10 2.09 2.08 2.07 2.05 2.02 1.98 1.94 1.89 1.84 1.78 1.72 1.66 1.60 1.54 1.52 1.52 1.53 1.54 1.55 1.57 1.58 1.59 1.61 1.62 1.63 1.64 1.65 1.66 1.67 1.68 1.69 1.69 1.70 1.71 1.71 1.72 1.72 1.72
1.74 1.73 1.73 1.73 1.72 1.72 1.71 1.71 1.70 1.70 1.69 1.68 1.68 1.67 1.66 1.65 1.64 1.63 1.62 1.61 1.60 1.59 1.58 1.56 1.55 1.54 1.52 1.51 1.50 1.51 1.52 1.56 1.62 1.68 1.75 1.84 1.92 1.98 2.04 2.07 2.08 2.09 2.10 2.10 2.10 2.09 2.08 2.07 2.06 2.04 2.01 1.97 1.93 1.89 1.83 1.77 1.71 1.65 1.60 1.53 1.49 1.50 1.51 1.52 1.54 1.55 1.57 1.58 1.60 1.61 1.62 1.63 1.65 1.66 1.66 1.67 1.68 1.69 1.70 1.70 1.71 1.71 1.72 1.72
1.73 1.73 1.73 1.72 1.72 1.72 1.71 1.71 1.70 1.70 1.69 1.68 1.67 1.67 1.66 1.65 1.64 1.63 1.62 1.60 1.59 1.58 1.56 1.55 1.54 1.52 1.51 1.49 1.48 1.49 1.50 1.54 1.61 1.68 1.75 1.84 1.92 1.98 2.03 2.06 2.08 2.08 2.09 2.09 2.08 2.08 2.07 2.06 2.05 2.03 2.00 1.97 1.93 1.88 1.83 1.77 1.70 1.64 1.58 1.54 1.47 1.48 1.49 1.50 1.52 1.54 1.56 1.57 1.59 1.60 1.62 1.63 1.64 1.65 1.66 1.67 1.68 1.69 1.69 1.70 1.71 1.71 1.72 1.72
1.73 1.73 1.73 1.72 1.72 1.71 1.71 1.70 1.70 1.69 1.69 1.68 1.67 1.66 1.65 1.64 1.63 1.62 1.61 1.60 1.58 1.57 1.55 1.54 1.52 1.51 1.49 1.48 1.48 1.47 1.49 1.53 1.60 1.68 1.76 1.84 1.92 1.98 2.03 2.05 2.07 2.08 2.08 2.08 2.07 2.07 2.06 2.05 2.04 2.02 2.00 1.96 1.93 1.88 1.82 1.76 1.69 1.63 1.57 1.53 1.50 1.46 1.47 1.49 1.51 1.53 1.54 1.56 1.58 1.59 1.61 1.62 1.63 1.65 1.66 1.67 1.68 1.68 1.69 1.70 1.70 1.71 1.72 1.72
1.73 1.73 1.73 1.72 1.72 1.71 1.71 1.70 1.70 1.69 1.68 1.67 1.67 1.66 1.65 1.64 1.62 1.61 1.60 1.59 1.57 1.56 1.54 1.53 1.51 1.49 1.48 1.46 1.46 1.47 1.49 1.53 1.60 1.68 1.77 1.85 1.93 1.99 2.03 2.05 2.07 2.07 2.07 2.07 2.07 2.06 2.05 2.05 2.03 2.01 1.99 1.96 1.92 1.87 1.82 1.76 1.69 1.62 1.56 1.52 1.49 1.45 1.46 1.48 1.50 1.52 1.54 1.55 1.57 1.59 1.60 1.62 1.63 1.64 1.65 1.66 1.67 1.68 1.69 1.70 1.70 1.71 1.71 1.72
1.73 1.73 1.73 1.72 1.72 1.71 1.71 1.70 1.69 1.69 1.68 1.67 1.66 1.65 1.64 1.63 1.62 1.61 1.59 1.58 1.56 1.55 1.53 1.51 1.50 1.48 1.46 1.45 1.46 1.47 1.49 1.54 1.60 1.69 1.78 1.86 1.93 1.99 2.03 2.05 2.06 2.06 2.06 2.06 2.06 2.06 2.05 2.05 2.04 2.01 1.99 1.96 1.92 1.87 1.82 1.75 1.68 1.61 1.55 1.51 1.48 1.46 1.45 1.47 1.49 1.51 1.53 1.55 1.57 1.58 1.60 1.61 1.63 1.64 1.65 1.66 1.67 1.68 1.69 1.70 1.70 1.71 1.71 1.72
1.73 1.73 1.72 1.72 1.72 1.71 1.71 1.70 1.69 1.68 1.68 1.67 1.66 1.65 1.64 1.63 1.61 1.60 1.59 1.57 1.56 1.54 1.52 1.50 1.49 1.47 1.45 1.44 1.45 1.47 1.51 1.56 1.62 1.70 1.79 1.87 1.94 2.00 2.03 2.05 2.06 2.06 2.06 2.06 2.06 2.06 2.06 2.05 2.04 2.01 1.99 1.96 1.92 1.87 1.82 1.76 1.69 1.61 1.55 1.50 1.48 1.46 1.44 1.46 1.48 1.50 1.52 1.54 1.56 1.58 1.60 1.61 1.62 1.64 1.65 1.66 1.67 1.68 1.69 1.69 1.70 1.71 1.71 1.72
1.73 1.73 1.72 1.72 1.71 1.71 1.70 1.70 1.69 1.68 1.67 1.67 1.66 1.65 1.63 1.62 1.61 1.60 1.58 1.56 1.55 1.53 1.51 1.49 1.47 1.46 1.44 1.44 1.45 1.48 1.53 1.58 1.64 1.72 1.81 1.89 1.95 2.00 2.03 2.05 2.06 2.06 2.06 2.06 2.06 2.06 2.06 2.06 2.04 2.02 1.99 1.95 1.92 1.87 1.82 1.76 1.69 1.62 1.55 1.50 1.47 1.46 1.45 1.45 1.48 1.50 1.52 1.54 1.56 1.58 1.59 1.61 1.62 1.64 1.65 1.66 1.67 1.68 1.69 1.69 1.70 1.71 1.71 1.72
1.73 1.73 1.72 1.72 1.71 1.71 1.70 1.70 1.69 1.68 1.67 1.66 1.65 1.64 1.63 1.62 1.61 1.59 1.58 1.56 1.54 1.52 1.50 1.48 1.46 1.45 1.43 1.44 1.45 1.49 1.55 1.61 1.67 1.75 1.83 1.90 1.96 2.01 2.03 2.05 2.05 2.06 2.06 2.06 2.06 2.06 2.07 2.06 2.04 2.02 1.99 1.95 1.91 1.87 1.82 1.77 1.70 1.63 1.55 1.51 1.48 1.46 1.46 1.45 1.47 1.50 1.52 1.54 1.56 1.57 1.59 1.61 1.62 1.63 1.65 1.66 1.67 1.68 1.69 1.69 1.70 1.71 1.71 1.72
1.73 1.73 1.72 1.72 1.71 1.71 1.70 1.70 1.69 1.68 1.67 1.66 1.65 1.64 1.63 1.62 1.60 1.59 1.57 1.55 1.53 1.52 1.49 1.47 1.46 1.44 1.42 1.44 1.46 1.51 1.57 1.64 1.70 1.78 1.86 1.92 1.97 2.01 2.04 2.05 2.05 2.06 2.06 2.06 2.06 2.06 2.06 2.06 2.04 2.01 1.98 1.95 1.91 1.87 1.82 1.77 1.71 1.63 1.56 1.51 1.48 1.47 1.47 1.47 1.48 1.50 1.52 1.54 1.56 1.57 1.59 1.61 1.62 1.63 1.65 1.66 1.67 1.68 1.69 1.69 1.70 1.71 1.71 1.72
1.73 1.73 1.72 1.72 1.71 1.71 1.70 1.70 1.69 1.68 1.67 1.66 1.65 1.64 1.63 1.61 1.60 1.58 1.57 1.55 1.53 1.51 1.49 1.47 1.45 1.43 1.42 1.44 1.47 1.53 1.60 1.67 1.74 1.81 1.88 1.94 1.99 2.02 2.04 2.05 2.06 2.06 2.06 2.07 2.07 2.06 2.06 2.05 2.04 2.01 1.98 1.94 1.91 1.87 1.82 1.77 1.71 1.64 1.57 1.52 1.49 1.47 1.47 1.47 1.48 1.50 1.52 1.54 1.56 1.58 1.59 1.61 1.62 1.64 1.65 1.66 1.67 1.68 1.69 1.69 1.70 1.71 1.71 1.72
1.73 1.73 1.72 1.72 1.71 1.71 1.70 1.70 1.69 1.68 1.67 1.66 1.65 1.64 1.63 1.61 1.60 1.58 1.56 1.54 1.52 1.50 1.48 1.46 1.44 1.42 1.41 1.45 1.49 1.56 1.63 1.70 1.77 1.84 1.90 1.95 1.99 2.02 2.05 2.06 2.06 2.07 2.07 2.07 2.07 2.06 2.06 2.05 2.03 2.00 1.97 1.94 1.91 1.87 1.82 1.77 1.71 1.64 1.58 1.53 1.50 1.48 1.48 1.48 1.49 1.51 1.52 1.54 1.56 1.58 1.59 1.61 1.62 1.64 1.65 1.66 1.67 1.68 1.69 1.69 1.70 1.71 1.71 1.72
1.73 1.73 1.72 1.72 1.71 1.71 1.70 1.70 1.69 1.68 1.67 1.66 1.65 1.64 1.63 1.61 1.60 1.58 1.56 1.54 1.52 1.50 1.48 1.46 1.43 1.42 1.43 1.45 1.51 1.59 1.67 1.74 1.81 1.87 1.92 1.97 2.00 2.03 2.05 2.06 2.07 2.08 2.08 2.08 2.07 2.06 2.06 2.05 2.02 2.00 1.97 1.94 1.90 1.86 1.82 1.77 1.72 1.65 1.59 1.54 1.50 1.49 1.49 1.49 1.50 1.52 1.53 1.55 1.57 1.58 1.60 1.61 1.63 1.64 1.65 1.66 1.67 1.68 1.69 1.69 1.70 1.71 1.71 1.72
1.73 1.73 1.72 1.72 1.71 1.71 1.70 1.70 1.69 1.68 1.67 1.66 1.65 1.64 1.63 1.61 1.60 1.58 1.56 1.54 1.52 1.50 1.47 1.45 1.43 1.41 1.43 1.47 1.53 1.62 1.70 1.77 1.84 1.89 1.94 1.97 2.01 2.03 2.05 2.07 2.08 2.08 2.08 2.08 2.08 2.07 2.06 2.04 2.02 2.00 1.97 1.94 1.90 1.86 1.82 1.77 1.72 1.67 1.61 1.55 1.52 1.50 1.50 1.50 1.51 1.53 1.54 1.56 1.57 1.59 1.60 1.62 1.63 1.64 1.65 1.66 1.67 1.68 1.69 1.70 1.70 1.71 1.71 1.72
1.73 1.73 1.72 1.72 1.71 1.71 1.70 1.70 1.69 1.68 1.67 1.66 1.65 1.64 1.63 1.61 1.60 1.58 1.56 1.54 1.52 1.50 1.47 1.45 1.43 1.41 1.44 1.49 1.56 1.65 1.73 1.80 1.86 1.91 1.95 1.98 2.01 2.03 2.05 2.07 2.08 2.08 2.09 2.08 2.08 2.07 2.06 2.04 2.02 1.99 1.97 1.93 1.90 1.86 1.82 1.78 1.73 1.68 1.62 1.57 1.53 1.52 1.51 1.52 1.53 1.54 1.55 1.57 1.58 1.59 1.61 1.62 1.63 1.65 1.66 1.67 1.67 1.68 1.69 1.70 1.70 1.71 1.72 1.72
1.73 1.73 1.72 1.72 1.72 1.71 1.70 1.70 1.69 1.68 1.67 1.66 1.65 1.64 1.63 1.62 1.60 1.58 1.56 1.54 1.52 1.50 1.48 1.45 1.43 1.42 1.46 1.52 1.60 1.68 1.76 1.83 1.88 1.92 1.95 1.98 2.01 2.03 2.05 2.06 2.08 2.08 2.09 2.08 2.08 2.07 2.06 2.03 2.02 1.99 1.96 1.93 1.89 1.86 1.82 1.78 1.73 1.68 1.63 1.58 1.55 1.54 1.53 1.53 1.54 1.55 1.56 1.58 1.59 1.60 1.61 1.63 1.64 1.65 1.66 1.67 1.68 1.69 1.69 1.70 1.71 1.71 1.72 1.72
1.73 1.73 1.73 1.72 1.72 1.71 1.71 1.70 1.69 1.68 1.68 1.67 1.66 1.64 1.63 1.62 1.60 1.59 1.57 1.55 1.53 1.51 1.48 1.46 1.44 1.45 1.49 1.55 1.63 1.71 1.79 1.84 1.89 1.93 1.96 1.98 2.01 2.03 2.05 2.06 2.07 2.08 2.08 2.08 2.08 2.07 2.05 2.03 2.01 1.99 1.96 1.92 1.89 1.86 1.82 1.78 1.74 1.69 1.64 1.60 1.57 1.55 1.55 1.55 1.56 1.57 1.58 1.59 1.60 1.61 1.62 1.63 1.64 1.66 1.66 1.67 1.68 1.69 1.70 1.70 1.71 1.71 1.72 1.72
1.73 1.73 1.73 1.72 1.72 1.71 1.71 1.70 1.69 1.69 1.68 1.67 1.66 1.65 1.64 1.62 1.61 1.59 1.57 1.56 1.54 1.51 1.49 1.47 1.45 1.47 1.52 1.58 1.66 1.74 1.81 1.86 1.90 1.93 1.96 1.98 2.01 2.02 2.04 2.05 2.07 2.08 2.08 2.07 2.07 2.06 2.04 2.02 2.01 1.98 1.95 1.92 1.89 1.85 1.82 1.78 1.74 1.70 1.66 1.61 1.59 1.57 1.57 1.57 1.57 1.58 1.59 1.60 1.61 1.62 1.63 1.64 1.65 1.66 1.67 1.68 1.68 1.69 1.70 1.71 1.71 1.72 1.72 1.72
1.74 1.73 1.73 1.72 1.72 1.71 1.71 1.70 1.70 1.69 1.68 1.67 1.66 1.65 1.64 1.63 1.61 1.60 1.58 1.56 1.54 1.52 1.50 1.48 1.47 1.50 1.54 1.60 1.69 1.76 1.82 1.87 1.91 1.94 1.96 1.99 2.01 2.02 2.04 2.05 2.06 2.07 2.07 2.07 2.06 2.05 2.03 2.02 2.00 1.97 1.94 1.91 1.88 1.85 1.82 1.78 1.75 1.71 1.67 1.63 1.61 1.59 1.59 1.59 1.59 1.59 1.60 1.61 1.62 1.63 1.64 1.65 1.66 1.67 1.67 1.68 1.69 1.70 1.70 1.71 1.71 1.72 1.72 1.73
1.74 1.73 1.73 1.73 1.72 1.72 1.71 1.70 1.70 1.69 1.68 1.68 1.67 1.66 1.65 1.63 1.62 1.61 1.59 1.57 1.56 1.54 1.52 1.50 1.49 1.52 1.56 1.63 1.71 1.78 1.84 1.88 1.91 1.94 1.97 1.99 2.01 2.03 2.04 2.05 2.06 2.06 2.06 2.06 2.06 2.05 2.03 2.01 1.99 1.96 1.93 1.90 1.88 1.85 1.82 1.79 1.75 1.72 1.68 1.64 1.63 1.61 1.61 1.60 1.60 1.61 1.61 1.62 1.63 1.64 1.65 1.66 1.66 1.67 1.68 1.69 1.69 1.70 1.71 1.71 1.72 1.72 1.72 1.73
1.74 1.73 1.73 1.73 1.72 1.72 1.71 1.71 1.70 1.70 1.69 1.68 1.67 1.66 1.65 1.64 1.63 1.62 1.60 1.59 1.57 1.56 1.54 1.52 1.51 1.51 1.59 1.65 1.72 1.79 1.85 1.89 1.92 1.95 1.98 2.00 2.02 2.03 2.05 2.05 2.06 2.06 2.06 2.06 2.06 2.05 2.03 2.00 1.98 1.95 1.92 1.90 1.87 1.85 1.82 1.79 1.76 1.73 1.69 1.66 1.64 1.63 1.63 1.62 1.62 1.62 1.63 1.64 1.64 1.65 1.66 1.66 1.67 1.68 1.68 1.69 1.70 1.70 1.71 1.71 1.72 1.72 1.73 1.73
1.74 1.74 1.73 1.73 1.73 1.72 1.72 1.71 1.71 1.70 1.69 1.69 1.68 1.67 1.66 1.65 1.64 1.63 1.61 1.60 1.59 1.57 1.56 1.55 1.54 1.54 1.56 1.66 1.73 1.80 1.85 1.90 1.93 1.96 1.99 2.01 2.03 2.04 2.05 2.06 2.06 2.06 2.06 2.06 2.06 2.04 2.02 1.99 1.97 1.94 1.91 1.89 1.87 1.84 1.82 1.80 1.77 1.74 1.71 1.68 1.66 1.65 1.64 1.64 1.64 1.64 1.64 1.65 1.65 1.66 1.67 1.67 1.68 1.68 1.69 1.70 1.70 1.71 1.71 1.72 1.72 1.73 1.73 1.73
1.74 1.74 1.74 1.73 1.73 1.72 1.72 1.71 1.71 1.70 1.70 1.69 1.68 1.67 1.67 1.66 1.65 1.64 1.63 1.62 1.60 1.59 1.58 1.58 1.57 1.57 1.59 1.62 1.74 1.81 1.86 1.91 1.94 1.97 2.00 2.02 2.04 2.05 2.06 2.06 2.06 2.06 2.06 2.07 2.06 2.03 2.01 1.98 1.95 1.92 1.90 1.88 1.86 1.84 1.82 1.80 1.77 1.75 1.72 1.70 1.68 1.67 1.66 1.65 1.65 1.65 1.66 1.66 1.66 1.67 1.67 1.68 1.69 1.69 1.70 1.70 1.71 1.71 1.72 1.72 1.72 1.73 1.73 1.73
1.74 1.74 1.74 1.73 1.73 1.73 1.72 1.72 1.71 1.71 1.70 1.70 1.69 1.68 1.67 1.67 1.66 1.65 1.64 1.63 1.62 1.61 1.61 1.60 1.60 1.61 1.62 1.65 1.70 1.81 1.87 1.91 1.95 1.98 2.00 2.03 2.04 2.06 2.06 2.06 2.06 2.06 2.07 2.07 2.05 2.02 1.98 1.95 1.93 1.91 1.89 1.87 1.86 1.84 1.82 1.80 1.78 1.76 1.73 1.71 1.70 1.68 1.67 1.67 1.67 1.67 1.67 1.67 1.68 1.68 1.68 1.69 1.69 1.70 1.70 1.71 1.71 1.72 1.72 1.72 1.73 1.73 1.73 1.74
1.74 1.74 1.74 1.74 1.73 1.73 1.73 1.72 1.72 1.71 1.71 1.70 1.69 1.69 1.68 1.67 1.67 1.66 1.65 1.65 1.64 1.63 1.63 1.63 1.63 1.64 1.65 1.68 1.73 1.82 1.87 1.92 1.95 1.98 2.01 2.03 2.05 2.06 2.07 2.07 2.06 2.07 2.08 2.07 2.04 2.00 1.96 1.93 1.90 1.89 1.88 1.87 1.85 1.84 1.82 1.81 1.79 1.76 1.74 1.72 1.71 1.70 1.69 1.68 1.68 1.68 1.68 1.68 1.69 1.69 1.69 1.70 1.70 1.70 1.71 1.71 1.72 1.72 1.72 1.73 1.73 1.73 1.74 1.74
1.75 1.74 1.74 1.74 1.74 1.73 1.73 1.72 1.72 1.72 1.71 1.71 1.70 1.70 1.69 1.68 1.68 1.67 1.67 1.66 1.66 1.65 1.65 1.65 1.66 1.67 1.68 1.71 1.75 1.80 1.88 1.92 1.96 1.99 2.02 2.04 2.05 2.06 2.07 2.07 2.06 2.08 2.09 2.06 2.02 1.97 1.93 1.89 1.88 1.87 1.86 1.86 1.85 1.84 1.82 1.81 1.79 1.77 1.75 1.74 1.72 1.71 1.70 1.70 1.70 1.69 1.69 1.69 1.70 1.70 1.70 1.70 1.71 1.71 1.71 1.72 1.72 1.72 1.73 1.73 1.73 1.74 1.74 1.74
1.75 1.75 1.74 1.74 1.74 1.73 1.73 1.73 1.73 1.72 1.72 1.71 1.71 1.70 1.70 1.69 1.69 1.68 1.68 1.67 1.67 1.67 1.67 1.67 1.68 1.69 1.71 1.73 1.77 1.82 1.88 1.93 1.96 2.00 2.02 2.04 2.06 2.06 2.07 2.06 2.07 2.08 2.08 2.05 2.00 1.95 1.90 1.86 1.86 1.85 1.85 1.85 1.84 1.83 1.82 1.81 1.79 1.78 1.76 1.75 1.73 1.72 1.72 1.71 1.71 1.71 1.70 1.70 1.70 1.71 1.71 1.71 1.71 1.72 1.72 1.72 1.73 1.73 1.73 1.73 1.74 1.74 1.74 1.74
1.75 1.75 1.75 1.74 1.74 1.74 1.73 1.73 1.73 1.73 1.72 1.72 1.71 1.71 1.71 1.70 1.70 1.69 1.69 1.69 1.69 1.69 1.69 1.69 1.70 1.71 1.73 1.75 1.79 1.83 1.88 1.94 1.97 2.00 2.03 2.05 2.06 2.07 2.07 2.07 2.08 2.08 2.06 2.03 1.99 1.94 1.89 1.86 1.85 1.85 1.84 1.84 1.83 1.83 1.82 1.81 1.80 1.78 1.77 1.75 1.74 1.73 1.73 1.72 1.72 1.72 1.71 1.71 1.71 1.71 1.72 1.72 1.72 1.72 1.72 1.73 1.73 1.73 1.74 1.74 1.74 1.74 1.74 1.75
1.75 1.75 1.75 1.75 1.74 1.74 1.74 1.74 1.73 1.73 1.73 1.72 1.72 1.72 1.71 1.71 1.71 1.70 1.70 1.70 1.70 1.70 1.71 1.71 1.72 1.73 1.75 1.77 1.80 1.84 1.88 1.93 1.98 2.00 2.03 2.05 2.06 2.07 2.07 2.08 2.09 2.08 2.05 2.02 1.98 1.93 1.89 1.87 1.85 1.84 1.84 1.83 1.83 1.82 1.82 1.81 1.80 1.79 1.77 1.76 1.75 1.74 1.74 1.73 1.73 1.73 1.72 1.72 1.72 1.72 1.72 1.72 1.73 1.73 1.73 1.73 1.73 1.74 1.74 1.74 1.74 1.74 1.75 1.75
1.75 1.75 1.75 1.75 1.75 1.74 1.74 1.74 1.74 1.73 1.73 1.73 1.73 1.72 1.72 1.72 1.72 1.71 1.71 1.71 1.71 1.72 1.72 1.73 1.74 1.75 1.76 1.79 1.81 1.84 1.88 1.92 1.97 2.02 2.03 2.05 2.07 2.07 2.07 2.07 2.08 2.07 2.04 2.01 1.97 1.93 1.89 1.87 1.86 1.85 1.84 1.83 1.83 1.82 1.82 1.81 1.80 1.79 1.78 1.77 1.76 1.75 1.75 1.74 1.74 1.73 1.73 1.73 1.73 1.73 1.73 1.73 1.73 1.73 1.73 1.74 1.74 1.74 1.74 1.74 1.75 1.75 1.75 1.75
