data/AilsaCraig_270_1_25m_vel_20m.asc
ncols	257
nrows	257
xllcorner	3364200.000000
yllcorner	3669375.000000
cellsize	25.000000
NODATA_value	-1.000000
[rows 114 to 151 of 257, columns 84 to 167 of 257]
1.86 1.86 1.85 1.85 1.85 1.84 1.84 1.83 1.82 1.82 1.81 1.80 1.79 1.78 1.77 1.76 1.75 1.74 1.74 1.74 1.73 1.70 1.66 1.63 1.63 1.61 1.57 1.55 1.53 1.51 1.48 1.45 1.44 1.45 1.50 1.52 1.33 1.13 1.26 1.52 2.18 3.90 4.16 2.74 2.27 2.77 2.46 1.51 1.21 1.33 1.50 1.63 1.83 1.99 1.92 1.64 1.54 1.51 1.51 1.53 1.54 1.56 1.58 1.60 1.63 1.65 1.67 1.69 1.70 1.72 1.73 1.74 1.75 1.76 1.77 1.78 1.79 1.80 1.81 1.82 1.82 1.83 1.84 1.84
1.86 1.86 1.85 1.85 1.84 1.84 1.83 1.83 1.82 1.81 1.80 1.79 1.78 1.77 1.76 1.75 1.74 1.73 1.73 1.73 1.71 1.68 1.63 1.61 1.61 1.57 1.54 1.51 1.48 1.46 1.42 1.38 1.37 1.41 1.48 1.53 1.33 1.08 1.25 1.50 2.37 4.11 4.10 2.58 2.46 2.81 2.36 1.86 1.54 1.49 1.63 1.72 1.87 2.03 2.04 1.80 1.45 1.37 1.44 1.46 1.48 1.50 1.53 1.56 1.59 1.62 1.65 1.67 1.69 1.70 1.72 1.73 1.74 1.75 1.77 1.78 1.79 1.79 1.80 1.81 1.82 1.83 1.83 1.84
1.86 1.86 1.85 1.85 1.84 1.84 1.83 1.82 1.82 1.81 1.80 1.79 1.78 1.77 1.76 1.74 1.73 1.73 1.73 1.72 1.69 1.65 1.61 1.60 1.58 1.54 1.50 1.46 1.43 1.40 1.35 1.33 1.32 1.36 1.45 1.52 1.34 1.14 1.31 1.59 2.62 4.15 3.98 2.66 2.68 2.87 2.36 2.16 2.00 1.72 1.74 1.83 1.93 2.02 2.05 1.82 1.30 1.26 1.37 1.38 1.41 1.44 1.48 1.52 1.56 1.59 1.62 1.65 1.67 1.69 1.71 1.72 1.73 1.75 1.76 1.77 1.78 1.79 1.80 1.81 1.82 1.82 1.83 1.84
1.86 1.85 1.85 1.84 1.84 1.83 1.83 1.82 1.81 1.80 1.79 1.78 1.77 1.76 1.75 1.74 1.73 1.72 1.72 1.70 1.66 1.62 1.59 1.58 1.54 1.50 1.46 1.41 1.37 1.33 1.27 1.26 1.31 1.36 1.43 1.47 1.34 1.24 1.42 1.76 2.79 4.03 3.92 3.02 2.94 2.94 2.42 2.27 2.36 2.00 1.81 1.86 1.94 2.00 1.96 1.87 1.45 1.21 1.24 1.29 1.34 1.38 1.42 1.47 1.51 1.55 1.59 1.62 1.65 1.67 1.69 1.71 1.72 1.74 1.75 1.76 1.77 1.78 1.79 1.80 1.81 1.82 1.83 1.83
1.86 1.85 1.85 1.84 1.84 1.83 1.82 1.82 1.81 1.80 1.79 1.78 1.76 1.75 1.74 1.73 1.72 1.72 1.70 1.67 1.64 1.60 1.58 1.55 1.50 1.46 1.41 1.37 1.30 1.25 1.21 1.21 1.30 1.40 1.46 1.43 1.33 1.35 1.56 1.95 2.84 3.76 3.83 3.38 3.17 2.96 2.57 2.42 2.44 2.15 1.93 1.92 1.91 1.98 1.91 1.87 1.69 1.17 1.13 1.21 1.25 1.32 1.37 1.41 1.46 1.52 1.56 1.60 1.63 1.66 1.68 1.70 1.71 1.73 1.74 1.75 1.77 1.78 1.79 1.80 1.81 1.82 1.82 1.83
1.85 1.85 1.85 1.84 1.83 1.83 1.82 1.81 1.80 1.79 1.78 1.77 1.76 1.74 1.73 1.72 1.71 1.71 1.69 1.65 1.62 1.59 1.56 1.51 1.47 1.42 1.36 1.31 1.23 1.15 1.13 1.18 1.29 1.46 1.53 1.45 1.39 1.47 1.70 2.11 2.81 3.43 3.62 3.50 3.26 2.98 2.73 2.61 2.42 2.15 2.14 2.03 1.86 1.96 1.90 1.78 1.71 1.25 1.03 1.09 1.16 1.24 1.31 1.35 1.41 1.48 1.53 1.57 1.61 1.64 1.66 1.68 1.70 1.72 1.73 1.75 1.76 1.77 1.78 1.79 1.80 1.81 1.82 1.83
1.85 1.85 1.84 1.84 1.83 1.82 1.82 1.81 1.80 1.79 1.78 1.76 1.75 1.74 1.73 1.71 1.71 1.70 1.67 1.63 1.60 1.57 1.53 1.48 1.43 1.38 1.32 1.24 1.16 1.05 1.03 1.12 1.25 1.47 1.57 1.53 1.53 1.61 1.79 2.20 2.74 3.17 3.42 3.44 3.25 3.02 2.86 2.69 2.42 2.20 2.21 2.11 1.89 1.94 1.87 1.72 1.70 1.35 0.93 0.97 1.08 1.16 1.25 1.30 1.36 1.44 1.50 1.55 1.59 1.62 1.65 1.67 1.69 1.71 1.73 1.74 1.75 1.77 1.78 1.79 1.80 1.81 1.82 1.83
1.85 1.85 1.84 1.84 1.83 1.82 1.81 1.80 1.79 1.78 1.77 1.76 1.74 1.73 1.72 1.71 1.70 1.69 1.66 1.61 1.58 1.55 1.50 1.44 1.40 1.34 1.27 1.18 1.08 0.98 0.97 1.05 1.17 1.39 1.52 1.60 1.68 1.70 1.83 2.22 2.67 3.04 3.28 3.29 3.16 3.04 2.92 2.73 2.44 2.25 2.19 2.14 2.05 1.95 1.83 1.70 1.62 1.37 0.96 0.93 1.01 1.07 1.18 1.25 1.32 1.40 1.47 1.52 1.56 1.60 1.63 1.66 1.68 1.70 1.72 1.73 1.75 1.76 1.77 1.79 1.80 1.81 1.81 1.82
1.85 1.85 1.84 1.83 1.83 1.82 1.81 1.80 1.79 1.78 1.76 1.75 1.74 1.72 1.71 1.70 1.69 1.67 1.64 1.59 1.55 1.53 1.48 1.41 1.37 1.30 1.22 1.12 1.01 0.91 0.90 0.98 1.12 1.29 1.41 1.58 1.74 1.76 1.85 2.23 2.63 2.96 3.16 3.14 3.05 3.00 2.93 2.74 2.46 2.26 2.20 2.19 2.12 1.94 1.75 1.63 1.46 1.24 1.00 0.88 0.90 0.98 1.09 1.20 1.28 1.35 1.43 1.49 1.54 1.59 1.62 1.65 1.67 1.69 1.71 1.73 1.74 1.76 1.77 1.78 1.79 1.80 1.81 1.82
1.85 1.84 1.84 1.83 1.82 1.82 1.81 1.80 1.79 1.77 1.76 1.75 1.73 1.72 1.70 1.69 1.68 1.66 1.62 1.57 1.53 1.51 1.45 1.39 1.33 1.26 1.17 1.06 0.95 0.88 0.84 0.90 1.10 1.26 1.31 1.49 1.72 1.78 1.89 2.26 2.61 2.88 3.05 3.02 2.94 2.92 2.89 2.72 2.46 2.28 2.25 2.21 2.09 1.87 1.66 1.51 1.34 1.18 1.03 0.81 0.78 0.88 1.02 1.14 1.24 1.31 1.38 1.46 1.52 1.57 1.61 1.64 1.66 1.69 1.71 1.72 1.74 1.75 1.77 1.78 1.79 1.80 1.81 1.82
1.85 1.84 1.84 1.83 1.82 1.81 1.80 1.79 1.78 1.77 1.75 1.74 1.73 1.71 1.70 1.69 1.68 1.65 1.60 1.55 1.52 1.48 1.42 1.36 1.29 1.22 1.13 1.01 0.92 0.86 0.81 0.84 1.06 1.26 1.31 1.42 1.64 1.75 1.93 2.30 2.58 2.80 2.96 2.93 2.85 2.84 2.81 2.66 2.45 2.32 2.26 2.18 2.00 1.75 1.56 1.42 1.25 1.10 1.01 0.89 0.74 0.81 0.94 1.08 1.20 1.27 1.34 1.43 1.50 1.55 1.59 1.63 1.66 1.68 1.70 1.72 1.73 1.75 1.76 1.77 1.79 1.80 1.81 1.82
1.85 1.84 1.83 1.83 1.82 1.81 1.80 1.79 1.78 1.76 1.75 1.74 1.72 1.71 1.69 1.68 1.67 1.63 1.57 1.53 1.50 1.46 1.39 1.33 1.26 1.17 1.07 0.98 0.92 0.86 0.80 0.82 1.01 1.23 1.33 1.42 1.57 1.68 1.91 2.32 2.56 2.74 2.88 2.85 2.77 2.77 2.72 2.57 2.41 2.34 2.26 2.10 1.87 1.64 1.49 1.36 1.20 1.05 0.98 0.92 0.79 0.73 0.84 1.02 1.16 1.24 1.31 1.40 1.47 1.53 1.58 1.62 1.65 1.67 1.69 1.71 1.73 1.74 1.76 1.77 1.78 1.80 1.81 1.81
1.85 1.84 1.83 1.83 1.82 1.81 1.80 1.79 1.77 1.76 1.74 1.73 1.72 1.70 1.69 1.68 1.66 1.62 1.55 1.51 1.49 1.43 1.36 1.30 1.22 1.13 1.01 0.94 0.93 0.89 0.83 0.84 0.96 1.17 1.32 1.43 1.55 1.63 1.89 2.31 2.55 2.73 2.83 2.78 2.72 2.73 2.65 2.45 2.33 2.34 2.27 2.04 1.75 1.57 1.47 1.33 1.16 1.02 0.94 0.92 0.81 0.66 0.76 0.96 1.11 1.22 1.29 1.37 1.45 1.51 1.56 1.61 1.64 1.67 1.69 1.71 1.73 1.74 1.76 1.77 1.78 1.79 1.80 1.81
1.84 1.84 1.83 1.82 1.81 1.81 1.79 1.78 1.77 1.76 1.74 1.73 1.71 1.70 1.68 1.67 1.65 1.60 1.53 1.49 1.47 1.41 1.33 1.27 1.18 1.08 0.96 0.88 0.91 0.92 0.88 0.89 0.97 1.12 1.29 1.44 1.54 1.63 1.92 2.31 2.56 2.74 2.81 2.75 2.71 2.71 2.58 2.31 2.23 2.33 2.31 2.05 1.74 1.59 1.48 1.30 1.14 1.01 0.91 0.88 0.84 0.72 0.72 0.88 1.06 1.18 1.27 1.34 1.43 1.50 1.56 1.60 1.64 1.66 1.69 1.71 1.72 1.74 1.75 1.77 1.78 1.79 1.80 1.81
1.84 1.84 1.83 1.82 1.81 1.80 1.79 1.78 1.77 1.75 1.74 1.72 1.71 1.69 1.68 1.67 1.63 1.58 1.51 1.47 1.45 1.38 1.31 1.23 1.14 1.03 0.91 0.85 0.89 0.93 0.95 0.97 1.02 1.11 1.27 1.46 1.52 1.64 2.01 2.35 2.60 2.76 2.79 2.74 2.73 2.70 2.47 2.20 2.18 2.29 2.31 2.14 1.87 1.69 1.52 1.30 1.13 1.00 0.89 0.84 0.85 0.80 0.71 0.82 1.01 1.15 1.26 1.33 1.41 1.49 1.55 1.59 1.63 1.66 1.68 1.70 1.72 1.74 1.75 1.77 1.78 1.79 1.80 1.81
1.84 1.84 1.83 1.82 1.81 1.80 1.79 1.78 1.76 1.75 1.74 1.72 1.70 1.69 1.68 1.66 1.62 1.56 1.49 1.46 1.43 1.35 1.28 1.20 1.09 0.97 0.86 0.84 0.87 0.91 1.01 1.06 1.07 1.13 1.29 1.48 1.53 1.67 2.08 2.42 2.65 2.78 2.76 2.73 2.75 2.66 2.34 2.14 2.15 2.20 2.27 2.26 2.06 1.82 1.58 1.33 1.15 0.98 0.83 0.81 0.84 0.84 0.77 0.79 0.96 1.12 1.24 1.33 1.39 1.47 1.54 1.58 1.63 1.66 1.68 1.70 1.72 1.74 1.75 1.77 1.78 1.79 1.80 1.81
1.84 1.84 1.83 1.82 1.81 1.80 1.79 1.78 1.76 1.75 1.73 1.72 1.70 1.69 1.67 1.65 1.61 1.54 1.48 1.45 1.40 1.32 1.24 1.16 1.05 0.90 0.81 0.82 0.85 0.90 1.06 1.13 1.12 1.20 1.34 1.48 1.58 1.78 2.16 2.48 2.69 2.77 2.73 2.71 2.75 2.61 2.27 2.11 2.11 2.10 2.22 2.34 2.19 1.89 1.63 1.38 1.19 0.97 0.78 0.80 0.84 0.86 0.84 0.80 0.92 1.10 1.23 1.33 1.39 1.46 1.54 1.58 1.62 1.66 1.68 1.70 1.72 1.74 1.75 1.76 1.78 1.79 1.80 1.81
1.84 1.83 1.83 1.82 1.81 1.80 1.79 1.77 1.76 1.75 1.73 1.71 1.70 1.69 1.67 1.64 1.59 1.52 1.47 1.44 1.38 1.30 1.21 1.12 1.00 0.83 0.75 0.80 0.84 0.92 1.10 1.18 1.18 1.28 1.42 1.54 1.68 1.94 2.26 2.53 2.72 2.76 2.71 2.69 2.72 2.61 2.29 2.09 2.05 2.05 2.21 2.37 2.22 1.90 1.65 1.43 1.23 0.97 0.80 0.81 0.84 0.87 0.89 0.85 0.91 1.07 1.22 1.32 1.39 1.45 1.53 1.58 1.62 1.65 1.68 1.70 1.72 1.74 1.75 1.76 1.78 1.79 1.80 1.81
1.84 1.83 1.83 1.82 1.81 1.80 1.79 1.77 1.76 1.74 1.73 1.71 1.70 1.68 1.67 1.64 1.58 1.50 1.46 1.43 1.35 1.27 1.18 1.07 0.95 0.77 0.69 0.77 0.84 0.95 1.15 1.24 1.26 1.36 1.51 1.66 1.83 2.12 2.39 2.60 2.73 2.76 2.70 2.66 2.69 2.64 2.37 2.09 2.01 2.07 2.23 2.35 2.17 1.87 1.65 1.49 1.28 1.00 0.85 0.84 0.84 0.87 0.92 0.92 0.94 1.06 1.21 1.32 1.40 1.45 1.52 1.58 1.62 1.65 1.68 1.70 1.72 1.74 1.75 1.77 1.78 1.79 1.80 1.81
1.84 1.83 1.83 1.82 1.81 1.80 1.78 1.77 1.76 1.74 1.73 1.71 1.70 1.68 1.67 1.63 1.56 1.49 1.45 1.41 1.33 1.25 1.16 1.03 0.89 0.73 0.65 0.73 0.83 0.98 1.19 1.31 1.35 1.46 1.63 1.82 2.04 2.30 2.52 2.66 2.74 2.75 2.68 2.63 2.67 2.66 2.42 2.14 2.06 2.13 2.23 2.27 2.11 1.87 1.68 1.53 1.31 1.03 0.88 0.85 0.84 0.88 0.93 0.98 1.02 1.09 1.21 1.32 1.41 1.46 1.52 1.58 1.62 1.65 1.68 1.71 1.72 1.74 1.75 1.77 1.78 1.79 1.80 1.81
1.84 1.83 1.83 1.82 1.81 1.80 1.78 1.77 1.76 1.74 1.73 1.71 1.70 1.68 1.66 1.62 1.55 1.49 1.45 1.39 1.31 1.22 1.12 0.99 0.82 0.69 0.65 0.71 0.81 0.98 1.23 1.38 1.45 1.58 1.79 2.02 2.25 2.46 2.62 2.71 2.75 2.73 2.66 2.62 2.66 2.64 2.43 2.24 2.17 2.17 2.17 2.16 2.10 1.92 1.74 1.60 1.38 1.11 0.91 0.83 0.84 0.89 0.94 1.02 1.09 1.15 1.23 1.32 1.41 1.47 1.52 1.57 1.63 1.66 1.69 1.71 1.73 1.74 1.76 1.77 1.78 1.79 1.80 1.81
1.84 1.83 1.83 1.82 1.81 1.80 1.78 1.77 1.76 1.74 1.73 1.71 1.70 1.68 1.65 1.61 1.54 1.48 1.45 1.38 1.30 1.21 1.09 0.94 0.74 0.62 0.64 0.71 0.81 0.98 1.23 1.44 1.57 1.72 1.96 2.23 2.44 2.57 2.67 2.73 2.74 2.70 2.64 2.63 2.65 2.58 2.42 2.34 2.27 2.14 2.07 2.10 2.12 1.98 1.80 1.67 1.49 1.23 1.00 0.84 0.83 0.90 0.96 1.05 1.15 1.21 1.27 1.33 1.40 1.48 1.52 1.58 1.63 1.66 1.69 1.71 1.73 1.74 1.76 1.77 1.78 1.79 1.80 1.81
1.84 1.83 1.83 1.82 1.81 1.80 1.79 1.77 1.76 1.74 1.73 1.72 1.70 1.68 1.65 1.60 1.54 1.49 1.44 1.36 1.28 1.19 1.06 0.90 0.68 0.55 0.61 0.72 0.83 0.99 1.23 1.48 1.67 1.88 2.16 2.43 2.56 2.62 2.69 2.73 2.72 2.67 2.62 2.62 2.60 2.49 2.43 2.42 2.29 2.06 1.99 2.08 2.14 2.03 1.86 1.72 1.56 1.34 1.10 0.90 0.86 0.94 0.99 1.09 1.21 1.27 1.31 1.36 1.41 1.48 1.54 1.59 1.63 1.67 1.70 1.72 1.73 1.75 1.76 1.77 1.78 1.80 1.81 1.81
1.84 1.83 1.83 1.82 1.81 1.80 1.79 1.77 1.76 1.75 1.73 1.72 1.70 1.68 1.64 1.60 1.55 1.49 1.44 1.36 1.28 1.18 1.04 0.85 0.63 0.51 0.59 0.73 0.85 1.03 1.27 1.53 1.77 2.04 2.33 2.53 2.60 2.64 2.69 2.72 2.70 2.64 2.58 2.57 2.52 2.43 2.46 2.45 2.21 1.97 1.94 2.07 2.16 2.08 1.91 1.76 1.60 1.40 1.16 0.95 0.93 0.99 1.04 1.14 1.25 1.31 1.35 1.39 1.43 1.48 1.55 1.60 1.64 1.68 1.70 1.72 1.74 1.75 1.76 1.78 1.79 1.80 1.81 1.82
1.84 1.83 1.83 1.82 1.81 1.80 1.79 1.78 1.76 1.75 1.74 1.72 1.70 1.68 1.64 1.61 1.56 1.50 1.44 1.36 1.28 1.17 1.02 0.80 0.60 0.51 0.61 0.74 0.87 1.07 1.32 1.62 1.92 2.20 2.43 2.56 2.61 2.65 2.69 2.70 2.66 2.60 2.54 2.52 2.45 2.40 2.47 2.40 2.08 1.88 1.91 2.05 2.16 2.11 1.96 1.81 1.65 1.45 1.19 1.01 1.01 1.06 1.10 1.19 1.29 1.35 1.38 1.42 1.46 1.50 1.56 1.61 1.65 1.69 1.71 1.72 1.74 1.75 1.77 1.78 1.79 1.80 1.81 1.82
1.84 1.83 1.83 1.82 1.81 1.80 1.79 1.78 1.77 1.75 1.74 1.72 1.70 1.68 1.65 1.61 1.57 1.51 1.44 1.37 1.28 1.17 1.01 0.77 0.57 0.56 0.65 0.74 0.91 1.12 1.39 1.77 2.09 2.32 2.48 2.57 2.62 2.66 2.68 2.67 2.62 2.57 2.54 2.47 2.36 2.34 2.42 2.30 1.97 1.83 1.88 2.03 2.17 2.13 2.00 1.86 1.70 1.49 1.22 1.05 1.09 1.15 1.17 1.25 1.33 1.37 1.40 1.44 1.49 1.54 1.59 1.63 1.67 1.70 1.72 1.73 1.75 1.76 1.77 1.78 1.79 1.80 1.81 1.82
1.84 1.84 1.83 1.82 1.81 1.80 1.79 1.78 1.77 1.75 1.74 1.72 1.70 1.68 1.66 1.62 1.57 1.52 1.46 1.39 1.30 1.19 1.04 0.80 0.61 0.65 0.71 0.77 1.01 1.21 1.53 1.95 2.22 2.38 2.51 2.59 2.63 2.65 2.66 2.65 2.61 2.60 2.59 2.42 2.21 2.23 2.32 2.21 1.96 1.81 1.85 2.04 2.17 2.14 2.04 1.92 1.75 1.52 1.25 1.10 1.16 1.23 1.25 1.31 1.37 1.39 1.41 1.47 1.53 1.57 1.61 1.65 1.68 1.71 1.72 1.74 1.75 1.76 1.77 1.79 1.80 1.81 1.81 1.82
1.84 1.84 1.83 1.82 1.81 1.80 1.79 1.78 1.77 1.76 1.74 1.73 1.71 1.69 1.66 1.63 1.59 1.54 1.48 1.41 1.31 1.22 1.09 0.91 0.78 0.76 0.80 0.88 1.12 1.38 1.73 2.07 2.27 2.42 2.56 2.62 2.61 2.62 2.66 2.68 2.65 2.69 2.66 2.31 1.98 2.07 2.17 2.11 1.99 1.84 1.86 2.06 2.19 2.16 2.10 1.99 1.80 1.55 1.29 1.16 1.23 1.31 1.33 1.36 1.39 1.41 1.45 1.51 1.57 1.60 1.64 1.67 1.70 1.72 1.73 1.74 1.75 1.77 1.78 1.79 1.80 1.81 1.82 1.82
1.84 1.84 1.83 1.82 1.82 1.81 1.80 1.79 1.77 1.76 1.75 1.73 1.72 1.70 1.67 1.64 1.60 1.56 1.51 1.43 1.35 1.26 1.17 1.05 0.96 0.95 0.94 1.01 1.22 1.56 1.90 2.11 2.27 2.47 2.63 2.64 2.58 2.59 2.67 2.74 2.75 2.80 2.69 2.14 1.76 1.92 1.97 1.95 1.97 1.86 1.89 2.09 2.19 2.19 2.16 2.06 1.87 1.59 1.33 1.24 1.31 1.38 1.39 1.39 1.41 1.45 1.50 1.55 1.60 1.63 1.66 1.69 1.71 1.73 1.74 1.75 1.76 1.77 1.79 1.80 1.81 1.81 1.82 1.83
1.85 1.84 1.83 1.83 1.82 1.81 1.80 1.79 1.78 1.77 1.75 1.74 1.72 1.70 1.68 1.65 1.62 1.58 1.53 1.46 1.40 1.32 1.25 1.15 1.09 1.08 1.08 1.11 1.31 1.66 1.97 2.11 2.27 2.53 2.68 2.64 2.57 2.59 2.69 2.82 2.90 2.92 2.65 1.98 1.67 1.80 1.78 1.79 1.86 1.82 1.92 2.12 2.19 2.20 2.20 2.13 1.94 1.64 1.37 1.33 1.40 1.44 1.44 1.41 1.45 1.51 1.54 1.59 1.63 1.65 1.68 1.71 1.73 1.74 1.75 1.75 1.77 1.78 1.79 1.80 1.81 1.82 1.82 1.83
1.85 1.84 1.84 1.83 1.82 1.81 1.80 1.79 1.78 1.77 1.76 1.75 1.73 1.71 1.69 1.67 1.64 1.60 1.55 1.50 1.45 1.38 1.31 1.24 1.20 1.16 1.13 1.10 1.33 1.69 1.98 2.12 2.31 2.56 2.68 2.64 2.60 2.61 2.73 2.94 3.09 2.98 2.46 1.82 1.65 1.71 1.66 1.64 1.69 1.75 1.92 2.12 2.19 2.21 2.24 2.18 2.00 1.69 1.42 1.41 1.49 1.49 1.47 1.46 1.51 1.55 1.58 1.62 1.66 1.68 1.70 1.73 1.74 1.74 1.75 1.76 1.78 1.79 1.80 1.81 1.81 1.82 1.83 1.83
1.85 1.84 1.84 1.83 1.82 1.82 1.81 1.80 1.79 1.78 1.77 1.75 1.74 1.72 1.70 1.68 1.65 1.62 1.58 1.54 1.50 1.44 1.38 1.33 1.29 1.24 1.22 1.09 1.04 1.74 2.00 2.15 2.36 2.56 2.63 2.63 2.63 2.66 2.76 3.08 3.28 2.93 2.18 1.71 1.62 1.63 1.56 1.50 1.53 1.65 1.88 2.08 2.17 2.22 2.25 2.22 2.06 1.74 1.50 1.49 1.54 1.52 1.51 1.53 1.57 1.59 1.61 1.65 1.68 1.70 1.72 1.74 1.75 1.75 1.76 1.78 1.79 1.80 1.80 1.81 1.82 1.82 1.83 1.84
1.85 1.84 1.84 1.83 1.83 1.82 1.81 1.80 1.79 1.78 1.77 1.76 1.75 1.73 1.71 1.69 1.67 1.65 1.61 1.58 1.54 1.49 1.45 1.40 1.37 1.33 1.30 1.25 1.34 1.74 2.01 2.15 2.39 2.51 2.57 2.62 2.67 2.71 2.80 3.21 3.38 2.72 1.91 1.63 1.54 1.53 1.43 1.32 1.40 1.57 1.79 2.00 2.13 2.21 2.25 2.24 2.11 1.82 1.60 1.55 1.57 1.57 1.56 1.59 1.61 1.63 1.65 1.67 1.70 1.73 1.74 1.75 1.75 1.76 1.78 1.79 1.80 1.80 1.81 1.81 1.82 1.83 1.83 1.84
1.85 1.85 1.84 1.84 1.83 1.82 1.82 1.81 1.80 1.79 1.78 1.77 1.75 1.74 1.73 1.71 1.69 1.67 1.64 1.61 1.58 1.54 1.51 1.47 1.44 1.42 1.40 1.44 1.57 1.65 1.86 2.14 2.36 2.47 2.52 2.60 2.71 2.78 2.89 3.33 3.38 2.51 1.85 1.62 1.45 1.37 1.20 1.08 1.31 1.52 1.66 1.88 2.06 2.14 2.20 2.24 2.14 1.89 1.69 1.61 1.61 1.62 1.62 1.64 1.65 1.66 1.67 1.70 1.73 1.75 1.75 1.75 1.76 1.77 1.79 1.80 1.80 1.80 1.81 1.82 1.82 1.83 1.84 1.84
1.85 1.85 1.84 1.84 1.83 1.83 1.82 1.81 1.80 1.79 1.78 1.77 1.76 1.75 1.74 1.72 1.71 1.69 1.67 1.64 1.62 1.59 1.57 1.54 1.51 1.49 1.50 1.53 1.57 1.60 1.67 2.00 2.31 2.42 2.48 2.58 2.73 2.87 3.06 3.41 3.30 2.55 2.07 1.80 1.50 1.30 1.06 0.98 1.27 1.49 1.55 1.77 1.95 2.01 2.11 2.20 2.15 1.94 1.74 1.67 1.67 1.67 1.67 1.67 1.69 1.68 1.69 1.73 1.76 1.76 1.76 1.76 1.78 1.79 1.80 1.80 1.80 1.81 1.82 1.82 1.83 1.83 1.84 1.84
1.85 1.85 1.85 1.84 1.84 1.83 1.82 1.82 1.81 1.80 1.79 1.78 1.77 1.76 1.75 1.74 1.72 1.71 1.69 1.67 1.65 1.63 1.61 1.59 1.58 1.57 1.57 1.59 1.62 1.65 1.68 1.79 2.14 2.35 2.45 2.58 2.75 2.97 3.25 3.40 3.09 2.58 2.33 2.02 1.65 1.38 1.14 1.10 1.33 1.51 1.57 1.72 1.83 1.86 1.98 2.12 2.11 1.95 1.78 1.72 1.72 1.71 1.71 1.71 1.71 1.70 1.72 1.75 1.77 1.77 1.77 1.78 1.79 1.80 1.80 1.81 1.81 1.82 1.82 1.83 1.83 1.84 1.84 1.85
1.86 1.85 1.85 1.84 1.84 1.83 1.83 1.82 1.81 1.81 1.80 1.79 1.78 1.77 1.76 1.75 1.74 1.73 1.71 1.70 1.69 1.67 1.66 1.64 1.63 1.63 1.63 1.64 1.67 1.70 1.74 1.81 1.92 2.21 2.45 2.61 2.76 3.00 3.34 3.33 2.79 2.50 2.46 2.15 1.77 1.48 1.30 1.31 1.45 1.56 1.64 1.71 1.76 1.79 1.90 2.03 2.04 1.93 1.82 1.77 1.75 1.75 1.74 1.74 1.73 1.73 1.74 1.77 1.78 1.78 1.78 1.79 1.80 1.81 1.81 1.81 1.82 1.82 1.83 1.83 1.84 1.84 1.85 1.85
1.86 1.85 1.85 1.85 1.84 1.84 1.83 1.83 1.82 1.81 1.80 1.80 1.79 1.78 1.77 1.76 1.75 1.74 1.73 1.72 1.71 1.70 1.69 1.68 1.68 1.68 1.68 1.70 1.72 1.75 1.79 1.84 1.89 2.04 2.42 2.62 2.72 2.88 3.27 3.30 2.72 2.48 2.50 2.20 1.82 1.56 1.45 1.48 1.56 1.63 1.68 1.73 1.76 1.78 1.85 1.95 1.97 1.90 1.84 1.80 1.78 1.77 1.77 1.76 1.75 1.75 1.77 1.78 1.79 1.79 1.80 1.80 1.81 1.81 1.81 1.82 1.82 1.83 1.83 1.84 1.84 1.84 1.85 1.85
