data/AilsaCraig_270_1_25m_ang_mm.asc
ncols	257
nrows	257
xllcorner	3364200.000000
yllcorner	3669375.000000
cellsize	25.000000
NODATA_value	-9999.000000
[rows 210 to 251 of 257, columns 95 to 189 of 257]
273 273 273 273 273 273 273 273 273 272 272 272 272 272 272 272 272 272 272 272 272 272 272 272 272 272 271 271 271 271 271 271 271 271 271 270 270 270 270 270 270 269 269 269 269 269 268 268 268 268 267 267 267 266 266 266 265 265 264 264 264 263 263 262 262 261 261 260 260 259 259 259 258 258 258 257 257 257 257 256 256 256 256 256 256 256 256 256 256 257 257 257 257 257 258
273 273 273 273 273 273 273 273 273 273 272 272 272 272 272 272 272 272 272 272 272 272 272 272 272 272 271 271 271 271 271 271 271 271 271 271 270 270 270 270 270 270 269 269 269 269 269 268 268 268 267 267 267 267 266 266 265 265 265 264 264 263 263 262 262 261 261 260 260 260 259 259 258 258 258 257 257 257 257 256 256 256 256 256 256 256 256 256 256 257 257 257 257 257 258
273 273 273 273 273 273 273 273 273 273 273 273 272 272 272 272 272 272 272 272 272 272 272 272 272 272 272 271 271 271 271 271 271 271 271 271 271 270 270 270 270 270 270 269 269 269 269 268 268 268 268 267 267 267 266 266 266 265 265 264 264 263 263 262 262 261 261 261 260 260 259 259 258 258 258 257 257 257 257 257 256 256 256 256 256 256 256 256 257 257 257 257 257 257 258
273 273 273 273 273 273 273 273 273 273 273 273 273 273 272 272 272 272 272 272 272 272 272 272 272 272 272 272 271 271 271 271 271 271 271 271 271 270 270 270 270 270 270 269 269 269 269 269 268 268 268 268 267 267 266 266 266 265 265 264 264 264 263 263 262 262 261 261 260 260 259 259 259 258 258 258 257 257 257 257 257 256 256 256 256 256 256 257 257 257 257 257 257 258 258
273 273 273 273 273 273 273 273 273 273 273 273 273 273 272 272 272 272 272 272 272 272 272 272 272 272 272 272 272 271 271 271 271 271 271 271 271 271 270 270 270 270 270 270 269 269 269 269 269 268 268 268 267 267 267 266 266 265 265 265 264 264 263 263 262 262 261 261 260 260 260 259 259 258 258 258 257 257 257 257 257 257 257 256 256 257 257 257 257 257 257 257 257 258 258
273 273 273 273 273 273 273 273 273 273 273 273 273 273 273 272 272 272 272 272 272 272 272 272 272 272 272 272 272 272 271 271 271 271 271 271 271 271 271 270 270 270 270 270 270 269 269 269 269 268 268 268 268 267 267 266 266 266 265 265 264 264 263 263 262 262 262 261 261 260 260 259 259 259 258 258 258 257 257 257 257 257 257 257 257 257 257 257 257 257 257 257 258 258 258
273 273 273 273 273 273 273 273 273 273 273 273 273 273 273 273 273 272 272 272 272 272 272 272 272 272 272 272 272 272 272 271 271 271 271 271 271 271 271 271 270 270 270 270 270 270 269 269 269 269 268 268 268 267 267 267 266 266 265 265 265 264 264 263 263 262 262 261 261 260 260 259 259 259 258 258 258 257 257 257 257 257 257 257 257 257 257 257 257 257 257 257 258 258 258
273 273 273 273 273 273 273 273 273 273 273 273 273 273 273 273 273 273 273 272 272 272 272 272 272 272 272 272 272 272 272 272 272 271 271 271 271 271 271 271 271 270 270 270 270 270 270 269 269 269 269 268 268 268 267 267 267 266 266 265 265 264 264 263 263 262 262 262 261 261 260 260 259 259 259 258 258 258 257 257 257 257 257 257 257 257 257 257 257 257 257 258 258 258 258
273 273 273 273 273 273 273 273 273 273 273 273 273 273 273 273 273 273 273 272 272 272 272 272 272 272 272 272 272 272 272 272 272 272 271 271 271 271 271 271 271 271 270 270 270 270 270 270 269 269 269 268 268 268 268 267 267 266 266 266 265 265 264 264 263 263 262 262 261 261 260 260 259 259 259 258 258 258 258 257 257 257 257 257 257 257 257 257 257 257 258 258 258 258 258
273 273 273 273 273 273 273 273 273 273 273 273 273 273 273 273 273 273 273 273 272 272 272 272 272 272 272 272 272 272 272 272 272 272 272 271 271 271 271 271 271 271 271 270 270 270 270 270 269 269 269 269 268 268 268 267 267 267 266 266 265 265 264 264 264 263 263 262 262 261 261 260 260 259 259 259 258 258 258 258 257 257 257 257 257 257 257 257 257 257 258 258 258 258 258
273 273 273 273 273 273 273 273 273 273 273 273 273 273 273 273 273 273 273 273 273 273 272 272 272 272 272 272 272 272 272 272 272 272 272 272 271 271 271 271 271 271 271 271 270 270 270 270 270 269 269 269 269 268 268 268 267 267 267 266 266 265 265 264 264 263 263 262 262 261 261 260 260 260 259 259 258 258 258 258 258 257 257 257 257 257 257 257 257 257 258 258 258 258 258
273 273 273 273 273 273 273 273 273 273 273 273 273 273 273 273 273 273 273 273 273 273 273 273 272 272 272 272 272 272 272 272 272 272 272 272 272 272 271 271 271 271 271 271 271 270 270 270 270 270 269 269 269 269 268 268 268 267 267 266 266 266 265 265 264 264 263 263 262 262 261 261 260 260 259 259 259 258 258 258 258 258 257 257 257 257 257 257 257 258 258 258 258 258 258
273 273 273 273 273 273 273 273 273 273 273 273 273 273 273 273 273 273 273 273 273 273 273 273 273 272 272 272 272 272 272 272 272 272 272 272 272 272 272 271 271 271 271 271 271 271 270 270 270 270 270 269 269 269 269 268 268 268 267 267 266 266 265 265 265 264 264 263 263 262 262 261 261 260 260 259 259 259 258 258 258 258 258 258 257 257 257 257 258 258 258 258 258 258 258
273 273 273 273 273 273 273 273 273 273 273 273 273 273 273 273 273 273 273 273 273 273 273 273 273 273 272 272 272 272 272 272 272 272 272 272 272 272 272 272 271 271 271 271 271 271 271 271 270 270 270 270 269 269 269 269 268 268 267 267 267 266 266 265 265 264 264 263 263 262 262 261 261 260 260 260 259 259 259 258 258 258 258 258 258 258 258 258 258 258 258 258 258 258 258
273 273 273 273 273 273 273 273 273 273 273 273 273 273 273 273 273 273 273 273 273 273 273 273 273 273 273 273 273 272 272 272 272 272 272 272 272 272 272 272 272 272 271 271 271 271 271 271 271 270 270 270 270 269 269 269 269 268 268 267 267 267 266 266 265 265 264 264 263 263 262 262 261 261 260 260 260 259 259 259 258 258 258 258 258 258 258 258 258 258 258 258 258 258 258
273 273 273 273 273 273 273 273 273 273 273 273 273 273 273 273 273 273 273 273 273 273 273 273 273 273 273 273 273 273 273 272 272 272 272 272 272 272 272 272 272 272 272 272 271 271 271 271 271 271 270 270 270 270 269 269 269 269 268 268 267 267 267 266 266 265 265 264 264 263 263 262 262 261 261 260 260 260 259 259 259 258 258 258 258 258 258 258 258 258 258 258 258 258 258
273 273 273 273 273 273 273 273 273 273 273 273 273 273 273 273 273 273 273 273 273 273 273 273 273 273 273 273 273 273 273 273 272 272 272 272 272 272 272 272 272 272 272 272 272 271 271 271 271 271 271 270 270 270 270 269 269 269 269 268 268 267 267 267 266 266 265 265 264 264 263 263 262 262 261 261 260 260 260 259 259 259 259 258 258 258 258 258 258 258 258 258 258 258 259
273 273 273 273 273 273 273 273 273 273 273 273 273 273 273 273 273 273 273 273 273 273 273 273 273 273 273 273 273 273 273 273 273 273 272 272 272 272 272 272 272 272 272 272 272 272 272 271 271 271 271 271 271 270 270 270 270 269 269 269 268 268 268 267 267 266 266 265 265 264 264 263 263 262 262 261 261 261 260 260 259 259 259 259 259 258 258 258 258 258 258 258 258 258 259
273 273 273 273 273 273 273 273 273 273 273 273 273 273 273 273 273 273 273 273 273 273 273 273 273 273 273 273 273 273 273 273 273 273 273 273 273 272 272 272 272 272 272 272 272 272 272 272 272 271 271 271 271 271 270 270 270 270 269 269 269 268 268 268 267 267 266 266 265 265 264 264 263 263 262 262 261 261 261 260 260 260 259 259 259 259 259 259 259 258 258 259 259 259 259
273 273 273 273 273 273 273 273 273 273 273 273 273 273 273 273 273 273 273 273 273 273 273 273 273 273 273 273 273 273 273 273 273 273 273 273 273 273 273 273 272 272 272 272 272 272 272 272 272 272 271 271 271 271 271 271 270 270 270 269 269 269 268 268 268 267 267 266 266 265 265 264 264 263 263 263 262 262 261 261 261 260 260 260 259 259 259 259 259 259 259 259 259 259 259
273 273 273 273 273 273 273 273 273 273 273 273 273 273 273 273 273 273 273 273 273 273 273 273 273 273 273 273 273 273 273 273 273 273 273 273 273 273 273 273 273 273 273 272 272 272 272 272 272 272 272 272 271 271 271 271 271 270 270 270 270 269 269 269 268 268 267 267 267 266 266 265 265 264 264 263 263 262 262 262 261 261 260 260 260 260 260 259 259 259 259 259 259 259 259
272 272 272 272 273 273 273 273 273 273 273 273 273 273 273 273 273 273 273 273 273 273 273 273 273 273 273 273 273 273 273 273 273 273 273 273 273 273 273 273 273 273 273 273 273 272 272 272 272 272 272 272 272 272 271 271 271 271 271 270 270 270 270 269 269 268 268 268 267 267 266 266 265 265 264 264 264 263 263 262 262 261 261 261 261 260 260 260 260 260 260 260 260 260 260
272 272 272 272 272 272 272 272 273 273 273 273 273 273 273 273 273 273 273 273 273 273 273 273 273 273 273 273 273 273 273 273 273 273 273 273 273 273 273 273 273 273 273 273 273 273 273 273 273 272 272 272 272 272 272 272 272 271 271 271 271 270 270 270 269 269 269 268 268 267 267 267 266 266 265 265 264 264 263 263 263 262 262 262 261 261 261 261 260 260 260 260 260 260 260
272 272 272 272 272 272 272 272 272 272 272 272 273 273 273 273 273 273 273 273 273 273 273 273 273 273 273 273 273 273 273 273 273 273 273 273 273 273 273 273 273 273 273 273 273 273 273 273 273 273 273 273 272 272 272 272 272 272 272 271 271 271 271 270 270 270 269 269 269 268 268 267 267 267 266 266 265 265 264 264 263 263 263 262 262 262 261 261 261 261 261 261 261 260 260
272 272 272 272 272 272 272 272 272 272 272 272 272 272 272 273 273 273 273 273 273 273 273 273 273 273 273 273 273 273 273 273 273 273 273 273 273 273 273 273 273 273 273 273 273 273 273 273 273 273 273 273 273 273 273 272 272 272 272 272 272 271 271 271 271 270 270 270 269 269 269 268 268 267 267 267 266 266 265 265 264 264 264 263 263 263 262 262 262 262 261 261 261 261 261
271 271 271 271 272 272 272 272 272 272 272 272 272 272 272 272 272 272 273 273 273 273 273 273 273 273 273 273 273 273 273 273 273 273 273 273 273 273 273 273 273 273 273 273 273 273 273 273 273 273 273 273 273 273 273 273 273 273 272 272 272 272 272 272 271 271 271 270 270 270 269 269 269 268 268 267 267 267 266 266 265 265 265 264 264 264 263 263 263 262 262 262 262 262 262
271 271 271 271 271 271 272 272 272 272 272 272 272 272 272 272 272 272 272 272 273 273 273 273 273 273 273 273 273 273 273 273 273 273 273 273 273 273 273 273 274 274 274 274 274 274 274 274 274 274 274 274 274 273 273 273 273 273 273 273 273 273 272 272 272 272 271 271 271 271 270 270 270 269 269 268 268 268 267 267 267 266 266 265 265 265 264 264 264 263 263 263 263 263 263
271 271 271 271 271 271 271 271 272 272 272 272 272 272 272 272 272 272 272 272 272 272 273 273 273 273 273 273 273 273 273 273 273 273 273 273 273 273 274 274 274 274 274 274 274 274 274 274 274 274 274 274 274 274 274 274 274 274 273 273 273 273 273 273 273 272 272 272 272 271 271 271 270 270 270 269 269 269 268 268 268 267 267 266 266 266 265 265 265 264 264 264 264 264 264
270 270 271 271 271 271 271 271 271 271 271 272 272 272 272 272 272 272 272 272 272 272 272 272 273 273 273 273 273 273 273 273 273 273 273 273 273 274 274 274 274 274 274 274 274 274 274 274 274 274 274 274 274 274 274 274 274 274 274 274 274 274 273 273 273 273 273 273 272 272 272 272 271 271 271 270 270 270 269 269 269 268 268 268 267 267 267 266 266 266 265 265 265 265 265
270 270 270 270 271 271 271 271 271 271 271 271 271 272 272 272 272 272 272 272 272 272 272 272 272 272 273 273 273 273 273 273 273 273 273 273 273 274 274 274 274 274 274 274 274 274 274 274 274 274 274 274 274 274 275 274 274 274 274 274 274 274 274 274 274 274 273 273 273 273 273 272 272 272 272 271 271 271 271 270 270 270 269 269 269 268 268 268 267 267 267 266 266 266 266
270 270 270 270 270 270 270 271 271 271 271 271 271 271 271 271 272 272 272 272 272 272 272 272 272 272 272 273 273 273 273 273 273 273 273 273 274 274 274 274 274 274 274 274 274 274 274 275 275 275 275 275 275 275 275 275 275 275 275 275 275 275 275 275 274 274 274 274 274 274 273 273 273 273 273 272 272 272 272 271 271 271 270 270 270 270 269 269 269 268 268 268 268 267 267
269 269 270 270 270 270 270 270 270 271 271 271 271 271 271 271 271 271 272 272 272 272 272 272 272 272 272 272 273 273 273 273 273 273 273 273 274 274 274 274 274 274 274 274 274 275 275 275 275 275 275 275 275 275 275 275 275 275 275 275 275 275 275 275 275 275 275 275 275 274 274 274 274 274 274 273 273 273 273 272 272 272 272 271 271 271 271 270 270 270 270 269 269 269 268
269 269 269 269 270 270 270 270 270 270 270 271 271 271 271 271 271 271 271 271 272 272 272 272 272 272 272 272 272 273 273 273 273 273 273 273 273 274 274 274 274 274 274 274 275 275 275 275 275 275 275 275 275 275 276 276 276 276 276 276 276 276 276 276 276 276 276 275 275 275 275 275 275 275 274 274 274 274 274 274 273 273 273 273 273 272 272 272 272 271 271 271 271 270 270
269 269 269 269 269 269 269 270 270 270 270 270 270 270 271 271 271 271 271 271 271 271 271 272 272 272 272 272 272 272 273 273 273 273 273 273 273 274 274 274 274 274 274 274 275 275 275 275 275 275 275 275 276 276 276 276 276 276 276 276 276 276 276 276 276 276 276 276 276 276 276 276 276 276 275 275 275 275 275 275 275 274 274 274 274 274 274 273 273 273 273 272 272 272 272
268 268 268 269 269 269 269 269 269 270 270 270 270 270 270 270 271 271 271 271 271 271 271 271 271 272 272 272 272 272 272 273 273 273 273 273 273 274 274 274 274 274 274 274 275 275 275 275 275 275 276 276 276 276 276 276 276 277 277 277 277 277 277 277 277 277 277 277 277 277 277 277 277 277 276 276 276 276 276 276 276 276 276 276 276 275 275 275 275 275 275 274 274 274 274
268 268 268 268 268 268 269 269 269 269 269 269 270 270 270 270 270 270 270 271 271 271 271 271 271 271 272 272 272 272 272 272 273 273 273 273 273 273 274 274 274 274 274 275 275 275 275 275 275 276 276 276 276 276 276 277 277 277 277 277 277 278 278 278 278 278 278 278 278 278 278 278 278 278 278 277 277 277 277 277 277 277 277 277 277 277 277 277 277 277 276 276 276 276 275
267 267 267 268 268 268 268 268 269 269 269 269 269 269 270 270 270 270 270 270 270 270 271 271 271 271 271 271 272 272 272 272 272 273 273 273 273 273 274 274 274 274 274 274 275 275 275 275 275 276 276 276 276 276 277 277 277 277 278 278 278 278 278 278 278 278 278 278 278 278 278 278 278 278 279 279 279 279 279 279 279 279 279 279 279 279 279 279 279 279 278 278 278 278 278
267 267 267 267 267 268 268 268 268 268 268 269 269 269 269 269 269 270 270 270 270 270 270 270 271 271 271 271 271 272 272 272 272 272 273 273 273 273 273 274 274 274 274 274 275 275 275 275 275 276 276 276 276 276 277 277 277 278 278 278 278 279 279 279 279 279 279 279 279 279 279 279 279 279 280 280 280 280 280 280 280 280 280 281 281 281 281 281 281 281 281 281 280 280 280
266 266 266 267 267 267 267 267 268 268 268 268 268 268 269 269 269 269 269 269 270 270 270 270 270 270 271 271 271 271 271 272 272 272 272 273 273 273 273 273 274 274 274 274 274 275 275 275 275 275 276 276 276 277 277 277 278 278 278 279 279 279 279 279 279 280 280 280 280 280 280 280 280 280 281 281 281 281 281 282 282 282 282 282 283 283 283 283 283 283 283 283 283 283 283
265 266 266 266 266 266 267 267 267 267 267 267 268 268 268 268 268 269 269 269 269 269 269 270 270 270 270 270 271 271 271 271 272 272 272 272 273 273 273 273 273 274 274 274 274 275 275 275 275 275 276 276 276 277 277 277 278 278 279 279 279 279 280 280 280 280 280 280 280 281 281 281 281 281 282 282 282 283 283 283 284 284 284 284 285 285 285 285 285 286 286 286 286 285 285
265 265 265 265 266 266 266 266 266 266 267 267 267 267 267 268 268 268 268 268 269 269 269 269 269 270 270 270 270 271 271 271 271 272 272 272 272 273 273 273 273 273 274 274 274 274 275 275 275 275 275 276 276 276 277 277 278 278 279 279 280 280 280 280 280 281 281 281 281 281 282 282 282 282 283 283 284 284 284 285 285 286 286 286 287 287 287 288 288 288 288 288 288 288 288
264 264 264 265 265 265 265 265 265 266 266 266 266 266 267 267 267 267 267 268 268 268 268 269 269 269 269 270 270 270 270 271 271 271 271 272 272 272 273 273 273 273 274 274 274 274 274 275 275 275 275 276 276 276 277 277 278 278 279 279 280 280 280 281 281 281 281 282 282 282 282 283 283 284 284 284 285 285 286 286 287 287 288 289 289 289 290 290 290 291 291 291 291 291 291
