data/AilsaCraig_270_1_25m_vel_10m.asc
ncols	257
nrows	257
xllcorner	3364200.000000
yllcorner	3669375.000000
cellsize	25.000000
NODATA_value	-1.000000
[rows 114 to 151 of 257, columns 84 to 167 of 257]
1.29 1.29 1.29 1.29 1.28 1.28 1.28 1.27 1.27 1.26 1.26 1.25 1.25 1.24 1.24 1.23 1.22 1.22 1.21 1.21 1.21 1.19 1.17 1.14 1.14 1.13 1.10 1.09 1.07 1.06 1.04 1.01 1.00 1.01 1.03 1.03 0.92 0.79 0.88 1.03 1.51 2.49 2.63 1.93 1.60 1.81 1.66 1.09 0.89 0.94 1.05 1.14 1.25 1.34 1.30 1.14 1.07 1.05 1.05 1.07 1.08 1.09 1.11 1.12 1.14 1.15 1.17 1.18 1.19 1.20 1.21 1.22 1.22 1.23 1.24 1.24 1.25 1.25 1.26 1.26 1.27 1.27 1.28 1.28
1.29 1.29 1.29 1.28 1.28 1.28 1.27 1.27 1.27 1.26 1.26 1.25 1.24 1.24 1.23 1.22 1.22 1.21 1.21 1.21 1.19 1.17 1.15 1.13 1.12 1.10 1.08 1.06 1.04 1.02 1.00 0.97 0.95 0.97 1.01 1.03 0.91 0.77 0.87 1.03 1.65 2.59 2.60 1.85 1.69 1.84 1.61 1.30 1.10 1.05 1.13 1.20 1.28 1.37 1.37 1.22 1.00 0.96 1.00 1.02 1.04 1.06 1.08 1.10 1.12 1.14 1.15 1.17 1.18 1.19 1.20 1.21 1.22 1.22 1.23 1.24 1.24 1.25 1.26 1.26 1.27 1.27 1.27 1.28
1.29 1.29 1.29 1.28 1.28 1.28 1.27 1.27 1.26 1.26 1.25 1.25 1.24 1.23 1.23 1.22 1.21 1.21 1.21 1.20 1.18 1.16 1.13 1.12 1.11 1.08 1.06 1.03 1.01 0.98 0.95 0.93 0.92 0.95 0.99 1.02 0.91 0.81 0.90 1.10 1.80 2.60 2.54 1.89 1.81 1.88 1.62 1.48 1.38 1.20 1.20 1.25 1.31 1.36 1.37 1.23 0.92 0.89 0.95 0.97 0.99 1.02 1.04 1.07 1.09 1.11 1.14 1.15 1.17 1.18 1.19 1.20 1.21 1.22 1.23 1.23 1.24 1.25 1.25 1.26 1.26 1.27 1.27 1.28
1.29 1.29 1.28 1.28 1.28 1.27 1.27 1.27 1.26 1.26 1.25 1.24 1.24 1.23 1.22 1.21 1.21 1.20 1.20 1.19 1.17 1.14 1.12 1.11 1.08 1.06 1.03 1.00 0.97 0.94 0.90 0.88 0.91 0.94 0.99 1.00 0.92 0.87 0.98 1.22 1.89 2.53 2.51 2.06 1.96 1.92 1.66 1.55 1.57 1.38 1.24 1.27 1.32 1.35 1.33 1.26 1.01 0.85 0.86 0.91 0.94 0.98 1.00 1.03 1.07 1.09 1.12 1.14 1.16 1.17 1.18 1.19 1.20 1.21 1.22 1.23 1.24 1.24 1.25 1.26 1.26 1.27 1.27 1.27
1.29 1.29 1.28 1.28 1.28 1.27 1.27 1.26 1.26 1.25 1.25 1.24 1.23 1.22 1.22 1.21 1.20 1.20 1.19 1.17 1.15 1.13 1.11 1.09 1.06 1.03 1.00 0.97 0.92 0.88 0.85 0.85 0.90 0.97 1.01 0.98 0.92 0.94 1.07 1.35 1.90 2.39 2.44 2.22 2.07 1.94 1.74 1.64 1.62 1.46 1.32 1.31 1.31 1.34 1.30 1.26 1.14 0.82 0.79 0.85 0.89 0.93 0.97 1.00 1.04 1.07 1.10 1.12 1.14 1.16 1.17 1.19 1.20 1.21 1.22 1.22 1.23 1.24 1.25 1.25 1.26 1.26 1.27 1.27
1.29 1.28 1.28 1.28 1.28 1.27 1.27 1.26 1.26 1.25 1.24 1.24 1.23 1.22 1.21 1.21 1.20 1.19 1.18 1.16 1.14 1.12 1.10 1.07 1.04 1.01 0.97 0.93 0.88 0.82 0.80 0.82 0.89 1.00 1.04 1.00 0.97 1.03 1.17 1.44 1.87 2.21 2.32 2.25 2.11 1.95 1.82 1.73 1.61 1.47 1.45 1.38 1.28 1.32 1.30 1.22 1.15 0.88 0.73 0.77 0.83 0.88 0.93 0.96 1.00 1.04 1.08 1.11 1.13 1.15 1.16 1.18 1.19 1.20 1.21 1.22 1.23 1.24 1.24 1.25 1.26 1.26 1.27 1.27
1.29 1.28 1.28 1.28 1.27 1.27 1.26 1.26 1.25 1.25 1.24 1.23 1.22 1.22 1.21 1.20 1.19 1.19 1.17 1.15 1.12 1.11 1.08 1.05 1.02 0.98 0.94 0.89 0.83 0.76 0.74 0.78 0.86 1.00 1.06 1.05 1.06 1.11 1.23 1.49 1.81 2.06 2.20 2.19 2.09 1.96 1.87 1.77 1.61 1.49 1.48 1.42 1.30 1.31 1.28 1.18 1.15 0.94 0.66 0.69 0.78 0.83 0.89 0.93 0.97 1.02 1.06 1.09 1.12 1.14 1.16 1.17 1.19 1.20 1.21 1.22 1.22 1.23 1.24 1.25 1.25 1.26 1.26 1.27
1.29 1.28 1.28 1.28 1.27 1.27 1.26 1.26 1.25 1.24 1.24 1.23 1.22 1.21 1.20 1.20 1.19 1.18 1.16 1.13 1.11 1.09 1.06 1.03 0.99 0.96 0.91 0.85 0.78 0.71 0.70 0.73 0.82 0.95 1.03 1.09 1.14 1.17 1.26 1.50 1.77 1.98 2.10 2.09 2.02 1.96 1.89 1.78 1.63 1.51 1.48 1.45 1.39 1.32 1.25 1.17 1.10 0.94 0.68 0.66 0.72 0.77 0.84 0.90 0.94 0.99 1.04 1.07 1.10 1.13 1.15 1.16 1.18 1.19 1.20 1.21 1.22 1.23 1.24 1.25 1.25 1.26 1.26 1.27
1.28 1.28 1.28 1.27 1.27 1.27 1.26 1.25 1.25 1.24 1.23 1.22 1.22 1.21 1.20 1.19 1.18 1.17 1.15 1.12 1.10 1.08 1.05 1.01 0.97 0.93 0.87 0.81 0.73 0.67 0.65 0.69 0.79 0.90 0.97 1.08 1.18 1.20 1.27 1.50 1.74 1.92 2.01 1.99 1.93 1.91 1.88 1.78 1.63 1.52 1.49 1.48 1.43 1.32 1.20 1.11 1.01 0.87 0.71 0.62 0.64 0.71 0.79 0.86 0.91 0.96 1.01 1.05 1.08 1.11 1.14 1.16 1.17 1.19 1.20 1.21 1.22 1.23 1.24 1.24 1.25 1.26 1.26 1.27
1.28 1.28 1.28 1.27 1.27 1.26 1.26 1.25 1.24 1.24 1.23 1.22 1.21 1.20 1.20 1.19 1.18 1.16 1.14 1.11 1.08 1.06 1.03 0.99 0.95 0.90 0.84 0.77 0.70 0.65 0.62 0.65 0.78 0.87 0.92 1.03 1.17 1.21 1.30 1.52 1.72 1.86 1.93 1.90 1.85 1.84 1.83 1.75 1.63 1.54 1.51 1.49 1.41 1.27 1.14 1.04 0.93 0.83 0.74 0.59 0.57 0.65 0.74 0.83 0.89 0.94 0.99 1.03 1.07 1.10 1.13 1.15 1.17 1.18 1.19 1.21 1.22 1.22 1.23 1.24 1.25 1.25 1.26 1.27
1.28 1.28 1.28 1.27 1.27 1.26 1.26 1.25 1.24 1.23 1.23 1.22 1.21 1.20 1.19 1.18 1.17 1.16 1.12 1.09 1.07 1.05 1.01 0.97 0.93 0.88 0.81 0.74 0.68 0.64 0.59 0.62 0.75 0.87 0.92 0.99 1.12 1.19 1.32 1.54 1.70 1.80 1.85 1.82 1.77 1.77 1.76 1.71 1.62 1.55 1.53 1.47 1.36 1.21 1.08 0.99 0.88 0.78 0.72 0.65 0.55 0.60 0.69 0.78 0.86 0.91 0.96 1.02 1.06 1.09 1.12 1.14 1.16 1.18 1.19 1.20 1.21 1.22 1.23 1.24 1.25 1.25 1.26 1.26
1.28 1.28 1.28 1.27 1.27 1.26 1.25 1.25 1.24 1.23 1.22 1.22 1.21 1.20 1.19 1.18 1.17 1.15 1.11 1.08 1.06 1.03 0.99 0.95 0.90 0.85 0.78 0.72 0.68 0.63 0.59 0.60 0.72 0.85 0.92 0.99 1.08 1.16 1.31 1.55 1.68 1.76 1.79 1.75 1.70 1.70 1.70 1.65 1.59 1.56 1.53 1.44 1.29 1.14 1.04 0.95 0.85 0.75 0.70 0.66 0.58 0.55 0.63 0.75 0.83 0.89 0.94 1.00 1.04 1.08 1.11 1.14 1.16 1.17 1.19 1.20 1.21 1.22 1.23 1.24 1.24 1.25 1.26 1.26
1.28 1.28 1.27 1.27 1.26 1.26 1.25 1.25 1.24 1.23 1.22 1.21 1.20 1.19 1.18 1.17 1.16 1.14 1.10 1.07 1.05 1.02 0.97 0.93 0.88 0.82 0.74 0.69 0.68 0.65 0.61 0.61 0.70 0.82 0.92 1.00 1.07 1.14 1.31 1.55 1.67 1.73 1.74 1.69 1.65 1.66 1.64 1.58 1.54 1.56 1.54 1.41 1.24 1.10 1.03 0.93 0.82 0.74 0.68 0.66 0.60 0.52 0.58 0.71 0.80 0.88 0.93 0.98 1.03 1.07 1.10 1.13 1.15 1.17 1.18 1.20 1.21 1.22 1.23 1.24 1.24 1.25 1.26 1.26
1.28 1.28 1.27 1.27 1.26 1.26 1.25 1.24 1.24 1.23 1.22 1.21 1.20 1.19 1.18 1.17 1.15 1.13 1.09 1.06 1.04 1.00 0.96 0.91 0.86 0.79 0.71 0.66 0.67 0.67 0.64 0.65 0.70 0.80 0.91 1.01 1.07 1.14 1.34 1.56 1.67 1.72 1.70 1.65 1.63 1.64 1.60 1.51 1.49 1.56 1.56 1.42 1.23 1.12 1.04 0.92 0.81 0.73 0.67 0.64 0.62 0.55 0.56 0.66 0.77 0.86 0.92 0.96 1.01 1.06 1.10 1.13 1.15 1.17 1.18 1.20 1.21 1.22 1.23 1.23 1.24 1.25 1.26 1.26
1.28 1.28 1.27 1.27 1.26 1.26 1.25 1.24 1.23 1.23 1.22 1.21 1.20 1.19 1.18 1.17 1.15 1.11 1.07 1.05 1.03 0.98 0.94 0.89 0.83 0.76 0.68 0.64 0.65 0.67 0.69 0.70 0.73 0.80 0.90 1.02 1.06 1.15 1.39 1.58 1.69 1.71 1.68 1.63 1.63 1.63 1.56 1.46 1.46 1.54 1.56 1.48 1.31 1.19 1.07 0.92 0.80 0.72 0.65 0.62 0.62 0.60 0.56 0.63 0.74 0.84 0.91 0.96 1.00 1.05 1.09 1.12 1.15 1.16 1.18 1.19 1.21 1.22 1.22 1.23 1.24 1.25 1.26 1.26
1.28 1.28 1.27 1.27 1.26 1.25 1.25 1.24 1.23 1.22 1.21 1.20 1.19 1.18 1.18 1.16 1.14 1.10 1.06 1.04 1.01 0.97 0.92 0.86 0.80 0.72 0.65 0.63 0.63 0.66 0.72 0.76 0.77 0.82 0.92 1.03 1.07 1.18 1.43 1.61 1.70 1.71 1.65 1.62 1.63 1.62 1.51 1.42 1.45 1.50 1.54 1.54 1.43 1.27 1.11 0.94 0.82 0.71 0.62 0.60 0.62 0.62 0.59 0.61 0.71 0.82 0.90 0.95 0.99 1.04 1.09 1.12 1.14 1.16 1.18 1.19 1.20 1.21 1.22 1.23 1.24 1.25 1.25 1.26
1.28 1.28 1.27 1.27 1.26 1.25 1.25 1.24 1.23 1.22 1.21 1.20 1.19 1.18 1.17 1.16 1.13 1.09 1.05 1.03 1.00 0.95 0.90 0.84 0.77 0.68 0.61 0.61 0.62 0.66 0.76 0.80 0.81 0.86 0.95 1.04 1.11 1.26 1.48 1.63 1.70 1.69 1.63 1.61 1.64 1.61 1.48 1.41 1.42 1.44 1.52 1.59 1.51 1.32 1.14 0.97 0.84 0.70 0.59 0.60 0.62 0.64 0.63 0.62 0.69 0.80 0.89 0.95 0.99 1.04 1.08 1.11 1.14 1.16 1.18 1.19 1.20 1.21 1.22 1.23 1.24 1.25 1.25 1.26
1.28 1.27 1.27 1.27 1.26 1.25 1.25 1.24 1.23 1.22 1.21 1.20 1.19 1.18 1.17 1.15 1.12 1.08 1.05 1.02 0.98 0.93 0.88 0.82 0.74 0.63 0.58 0.60 0.62 0.67 0.79 0.84 0.85 0.91 1.00 1.08 1.18 1.35 1.53 1.66 1.70 1.68 1.63 1.61 1.63 1.61 1.49 1.40 1.39 1.41 1.51 1.60 1.53 1.33 1.15 1.01 0.86 0.70 0.59 0.60 0.62 0.64 0.66 0.65 0.69 0.79 0.88 0.95 0.99 1.03 1.08 1.11 1.14 1.16 1.18 1.19 1.20 1.21 1.22 1.23 1.24 1.25 1.25 1.26
1.28 1.27 1.27 1.26 1.26 1.25 1.25 1.24 1.23 1.22 1.21 1.20 1.19 1.18 1.17 1.15 1.11 1.07 1.04 1.01 0.97 0.91 0.86 0.79 0.71 0.59 0.54 0.57 0.62 0.69 0.82 0.88 0.90 0.97 1.06 1.16 1.28 1.45 1.60 1.68 1.71 1.69 1.64 1.61 1.64 1.64 1.53 1.40 1.37 1.42 1.52 1.59 1.50 1.31 1.16 1.04 0.90 0.72 0.62 0.62 0.62 0.65 0.68 0.69 0.71 0.78 0.88 0.95 1.00 1.03 1.07 1.11 1.14 1.16 1.18 1.19 1.20 1.22 1.22 1.23 1.24 1.25 1.25 1.26
1.28 1.27 1.27 1.26 1.26 1.25 1.25 1.24 1.23 1.22 1.21 1.20 1.19 1.18 1.17 1.14 1.10 1.06 1.03 1.00 0.95 0.90 0.84 0.76 0.67 0.56 0.51 0.55 0.61 0.71 0.85 0.93 0.96 1.04 1.15 1.27 1.40 1.55 1.66 1.71 1.72 1.70 1.65 1.62 1.65 1.66 1.57 1.43 1.40 1.45 1.52 1.54 1.46 1.30 1.17 1.07 0.92 0.74 0.64 0.62 0.63 0.65 0.69 0.72 0.75 0.80 0.88 0.94 1.00 1.04 1.07 1.11 1.14 1.16 1.18 1.19 1.21 1.22 1.23 1.23 1.24 1.25 1.25 1.26
1.28 1.27 1.27 1.26 1.26 1.25 1.24 1.24 1.23 1.22 1.21 1.20 1.19 1.18 1.16 1.14 1.10 1.06 1.03 0.99 0.94 0.88 0.82 0.73 0.62 0.53 0.51 0.54 0.60 0.71 0.87 0.97 1.03 1.11 1.25 1.39 1.53 1.64 1.70 1.73 1.73 1.70 1.65 1.63 1.66 1.66 1.58 1.49 1.46 1.47 1.48 1.48 1.44 1.33 1.21 1.11 0.97 0.79 0.66 0.61 0.62 0.66 0.70 0.74 0.80 0.84 0.89 0.94 1.00 1.04 1.08 1.11 1.14 1.16 1.18 1.20 1.21 1.22 1.23 1.23 1.24 1.25 1.26 1.26
1.28 1.27 1.27 1.26 1.26 1.25 1.24 1.24 1.23 1.22 1.21 1.20 1.19 1.18 1.16 1.13 1.09 1.06 1.03 0.98 0.93 0.87 0.80 0.70 0.58 0.49 0.49 0.54 0.60 0.71 0.88 1.01 1.10 1.20 1.36 1.52 1.63 1.69 1.73 1.74 1.73 1.69 1.66 1.65 1.67 1.65 1.59 1.55 1.52 1.46 1.42 1.44 1.44 1.36 1.25 1.16 1.03 0.87 0.72 0.62 0.61 0.67 0.71 0.77 0.83 0.87 0.91 0.95 1.00 1.05 1.08 1.11 1.14 1.17 1.18 1.20 1.21 1.22 1.23 1.24 1.24 1.25 1.26 1.26
1.28 1.27 1.27 1.26 1.26 1.25 1.25 1.24 1.23 1.22 1.21 1.20 1.19 1.18 1.16 1.13 1.09 1.06 1.02 0.98 0.92 0.86 0.78 0.67 0.54 0.45 0.48 0.54 0.61 0.73 0.89 1.04 1.16 1.30 1.48 1.63 1.69 1.72 1.74 1.74 1.72 1.69 1.66 1.66 1.66 1.62 1.60 1.60 1.54 1.42 1.37 1.42 1.45 1.39 1.28 1.19 1.08 0.94 0.78 0.66 0.63 0.69 0.73 0.80 0.87 0.91 0.94 0.97 1.01 1.05 1.08 1.12 1.15 1.17 1.19 1.20 1.21 1.22 1.23 1.24 1.24 1.25 1.26 1.26
1.28 1.27 1.27 1.26 1.26 1.25 1.25 1.24 1.23 1.22 1.21 1.20 1.19 1.18 1.15 1.13 1.09 1.06 1.02 0.97 0.92 0.85 0.76 0.64 0.50 0.42 0.46 0.54 0.62 0.75 0.91 1.08 1.23 1.41 1.58 1.69 1.72 1.73 1.74 1.74 1.72 1.68 1.65 1.65 1.63 1.60 1.62 1.62 1.50 1.36 1.34 1.41 1.46 1.41 1.31 1.21 1.11 0.98 0.82 0.69 0.68 0.72 0.76 0.83 0.90 0.94 0.96 0.99 1.02 1.05 1.09 1.12 1.15 1.18 1.19 1.20 1.21 1.22 1.23 1.24 1.25 1.25 1.26 1.26
1.28 1.27 1.27 1.27 1.26 1.25 1.25 1.24 1.23 1.22 1.21 1.20 1.19 1.17 1.15 1.13 1.10 1.06 1.02 0.97 0.91 0.84 0.75 0.61 0.48 0.42 0.47 0.54 0.64 0.77 0.94 1.13 1.33 1.50 1.64 1.70 1.72 1.73 1.74 1.73 1.70 1.67 1.64 1.63 1.60 1.58 1.62 1.60 1.43 1.30 1.31 1.40 1.46 1.43 1.34 1.24 1.14 1.01 0.85 0.72 0.73 0.77 0.80 0.86 0.92 0.96 0.98 1.01 1.03 1.07 1.10 1.13 1.16 1.18 1.20 1.21 1.22 1.22 1.23 1.24 1.25 1.25 1.26 1.26
1.28 1.27 1.27 1.27 1.26 1.25 1.25 1.24 1.23 1.22 1.21 1.20 1.19 1.18 1.16 1.13 1.10 1.07 1.02 0.98 0.92 0.85 0.74 0.59 0.46 0.44 0.49 0.55 0.66 0.79 0.98 1.23 1.43 1.56 1.66 1.71 1.72 1.73 1.73 1.72 1.69 1.67 1.65 1.61 1.56 1.55 1.60 1.54 1.36 1.26 1.29 1.39 1.46 1.44 1.36 1.27 1.17 1.03 0.86 0.75 0.78 0.82 0.85 0.90 0.95 0.98 0.99 1.02 1.05 1.08 1.12 1.15 1.17 1.19 1.20 1.21 1.22 1.23 1.24 1.24 1.25 1.26 1.26 1.27
1.28 1.28 1.27 1.27 1.26 1.26 1.25 1.24 1.23 1.23 1.22 1.21 1.19 1.18 1.16 1.14 1.11 1.07 1.03 0.99 0.93 0.86 0.76 0.61 0.48 0.49 0.52 0.57 0.72 0.85 1.07 1.33 1.50 1.60 1.68 1.72 1.73 1.73 1.73 1.72 1.70 1.69 1.68 1.59 1.49 1.49 1.54 1.48 1.34 1.25 1.28 1.39 1.47 1.45 1.39 1.31 1.20 1.05 0.88 0.79 0.82 0.88 0.90 0.93 0.97 0.99 1.01 1.04 1.08 1.11 1.13 1.16 1.18 1.19 1.20 1.21 1.22 1.23 1.24 1.25 1.25 1.26 1.26 1.27
1.28 1.28 1.27 1.27 1.26 1.26 1.25 1.24 1.24 1.23 1.22 1.21 1.20 1.18 1.17 1.14 1.12 1.09 1.05 1.00 0.94 0.88 0.79 0.68 0.58 0.55 0.57 0.63 0.78 0.95 1.18 1.39 1.53 1.63 1.71 1.73 1.73 1.73 1.74 1.74 1.73 1.75 1.72 1.55 1.37 1.40 1.46 1.42 1.35 1.27 1.28 1.40 1.47 1.47 1.42 1.35 1.23 1.07 0.91 0.83 0.87 0.93 0.94 0.97 0.98 1.00 1.03 1.07 1.10 1.12 1.15 1.17 1.19 1.20 1.21 1.22 1.23 1.23 1.24 1.25 1.25 1.26 1.26 1.27
1.28 1.28 1.27 1.27 1.26 1.26 1.25 1.25 1.24 1.23 1.22 1.21 1.20 1.19 1.17 1.15 1.13 1.10 1.06 1.02 0.96 0.90 0.84 0.76 0.69 0.67 0.65 0.71 0.85 1.06 1.27 1.42 1.53 1.65 1.74 1.75 1.72 1.72 1.76 1.79 1.80 1.82 1.75 1.46 1.24 1.30 1.35 1.33 1.33 1.28 1.30 1.41 1.48 1.48 1.46 1.40 1.27 1.10 0.94 0.88 0.93 0.97 0.98 0.99 1.00 1.03 1.06 1.09 1.12 1.14 1.16 1.18 1.20 1.21 1.22 1.22 1.23 1.24 1.25 1.25 1.26 1.26 1.27 1.27
1.28 1.28 1.27 1.27 1.27 1.26 1.25 1.25 1.24 1.23 1.22 1.21 1.20 1.19 1.18 1.16 1.14 1.11 1.08 1.04 0.99 0.94 0.89 0.83 0.78 0.76 0.75 0.77 0.91 1.13 1.32 1.42 1.53 1.69 1.77 1.76 1.72 1.72 1.78 1.85 1.89 1.89 1.74 1.37 1.16 1.23 1.24 1.24 1.27 1.26 1.31 1.43 1.48 1.49 1.49 1.44 1.32 1.13 0.97 0.94 0.99 1.01 1.01 1.01 1.03 1.06 1.09 1.11 1.14 1.16 1.18 1.19 1.21 1.21 1.22 1.23 1.23 1.24 1.25 1.25 1.26 1.26 1.27 1.27
1.28 1.28 1.28 1.27 1.27 1.26 1.26 1.25 1.24 1.24 1.23 1.22 1.21 1.20 1.18 1.17 1.15 1.12 1.09 1.06 1.02 0.98 0.93 0.89 0.85 0.82 0.80 0.78 0.92 1.15 1.33 1.43 1.56 1.71 1.78 1.76 1.74 1.75 1.81 1.93 2.01 1.94 1.65 1.27 1.14 1.17 1.15 1.14 1.17 1.21 1.32 1.43 1.48 1.50 1.51 1.47 1.36 1.16 1.00 0.99 1.04 1.04 1.04 1.04 1.06 1.09 1.11 1.14 1.16 1.17 1.19 1.21 1.21 1.22 1.22 1.23 1.24 1.25 1.25 1.26 1.26 1.27 1.27 1.27
1.28 1.28 1.28 1.27 1.27 1.26 1.26 1.25 1.25 1.24 1.23 1.22 1.21 1.20 1.19 1.18 1.16 1.14 1.11 1.08 1.05 1.02 0.98 0.94 0.91 0.87 0.86 0.77 0.74 1.17 1.34 1.45 1.59 1.71 1.76 1.76 1.76 1.78 1.85 2.02 2.11 1.93 1.49 1.19 1.12 1.12 1.09 1.06 1.08 1.16 1.29 1.41 1.48 1.50 1.52 1.49 1.39 1.20 1.06 1.04 1.07 1.07 1.06 1.08 1.10 1.12 1.13 1.15 1.17 1.19 1.20 1.21 1.22 1.22 1.23 1.24 1.25 1.25 1.26 1.26 1.26 1.27 1.27 1.28
1.28 1.28 1.28 1.27 1.27 1.27 1.26 1.26 1.25 1.24 1.24 1.23 1.22 1.21 1.20 1.18 1.17 1.15 1.13 1.11 1.08 1.05 1.02 0.99 0.96 0.94 0.91 0.87 0.92 1.17 1.35 1.45 1.60 1.69 1.73 1.76 1.79 1.82 1.89 2.10 2.18 1.83 1.33 1.13 1.08 1.06 1.01 0.95 0.99 1.10 1.24 1.37 1.45 1.49 1.52 1.51 1.42 1.25 1.12 1.09 1.10 1.10 1.10 1.12 1.13 1.14 1.15 1.17 1.19 1.20 1.21 1.22 1.22 1.23 1.24 1.25 1.25 1.25 1.26 1.26 1.27 1.27 1.27 1.28
1.28 1.28 1.28 1.28 1.27 1.27 1.26 1.26 1.25 1.25 1.24 1.23 1.22 1.22 1.21 1.19 1.18 1.17 1.15 1.13 1.11 1.08 1.06 1.04 1.01 0.99 0.98 1.00 1.07 1.13 1.26 1.45 1.59 1.66 1.70 1.75 1.82 1.86 1.94 2.17 2.19 1.72 1.28 1.13 1.03 0.97 0.87 0.80 0.93 1.06 1.16 1.30 1.40 1.46 1.49 1.51 1.44 1.30 1.18 1.13 1.13 1.13 1.14 1.15 1.16 1.16 1.17 1.19 1.21 1.22 1.22 1.22 1.23 1.24 1.25 1.25 1.25 1.26 1.26 1.26 1.27 1.27 1.28 1.28
1.29 1.28 1.28 1.28 1.27 1.27 1.27 1.26 1.26 1.25 1.24 1.24 1.23 1.22 1.21 1.20 1.19 1.18 1.17 1.15 1.13 1.11 1.10 1.08 1.06 1.04 1.04 1.06 1.08 1.11 1.15 1.36 1.56 1.63 1.68 1.74 1.83 1.91 2.03 2.22 2.15 1.72 1.40 1.23 1.05 0.92 0.78 0.75 0.91 1.05 1.10 1.23 1.34 1.38 1.44 1.48 1.45 1.33 1.21 1.17 1.16 1.17 1.17 1.17 1.18 1.18 1.19 1.20 1.22 1.23 1.23 1.23 1.24 1.25 1.25 1.25 1.26 1.26 1.26 1.27 1.27 1.27 1.28 1.28
1.29 1.28 1.28 1.28 1.28 1.27 1.27 1.26 1.26 1.25 1.25 1.24 1.23 1.23 1.22 1.21 1.20 1.19 1.18 1.17 1.16 1.14 1.13 1.11 1.10 1.09 1.09 1.10 1.12 1.13 1.15 1.23 1.46 1.59 1.66 1.74 1.85 1.98 2.13 2.22 2.05 1.74 1.55 1.37 1.14 0.96 0.83 0.81 0.95 1.06 1.11 1.19 1.26 1.30 1.37 1.44 1.43 1.34 1.24 1.20 1.20 1.19 1.19 1.19 1.20 1.19 1.20 1.22 1.23 1.23 1.23 1.24 1.25 1.25 1.25 1.26 1.26 1.26 1.27 1.27 1.27 1.28 1.28 1.28
1.29 1.29 1.28 1.28 1.28 1.27 1.27 1.27 1.26 1.26 1.25 1.25 1.24 1.23 1.23 1.22 1.21 1.20 1.20 1.19 1.18 1.16 1.15 1.14 1.14 1.13 1.13 1.14 1.15 1.17 1.19 1.23 1.31 1.51 1.65 1.75 1.85 2.00 2.19 2.19 1.90 1.70 1.63 1.45 1.21 1.03 0.92 0.93 1.02 1.09 1.14 1.19 1.22 1.25 1.31 1.38 1.39 1.33 1.26 1.23 1.22 1.22 1.21 1.21 1.21 1.21 1.22 1.23 1.24 1.24 1.24 1.25 1.25 1.26 1.26 1.26 1.26 1.27 1.27 1.27 1.28 1.28 1.28 1.28
1.29 1.29 1.28 1.28 1.28 1.28 1.27 1.27 1.26 1.26 1.26 1.25 1.25 1.24 1.23 1.23 1.22 1.22 1.21 1.20 1.19 1.19 1.18 1.17 1.17 1.17 1.17 1.18 1.19 1.20 1.23 1.26 1.29 1.40 1.63 1.75 1.83 1.95 2.16 2.16 1.85 1.68 1.66 1.49 1.25 1.09 1.02 1.04 1.09 1.13 1.17 1.20 1.22 1.24 1.29 1.34 1.35 1.31 1.28 1.25 1.24 1.23 1.23 1.23 1.22 1.22 1.23 1.24 1.24 1.25 1.25 1.25 1.26 1.26 1.26 1.26 1.27 1.27 1.27 1.28 1.28 1.28 1.28 1.29
