data/AilsaCraig_270_1_25m_vel_100m.asc
ncols	257
nrows	257
xllcorner	3364200.000000
yllcorner	3669375.000000
cellsize	25.000000
NODATA_value	-1.000000
[rows 76 to 113 of 257, columns 84 to 167 of 257]
1.54 1.54 1.54 1.54 1.54 1.54 1.54 1.54 1.54 1.54 1.54 1.54 1.54 1.54 1.54 1.54 1.54 1.54 1.54 1.54 1.54 1.54 1.54 1.54 1.54 1.54 1.54 1.55 1.55 1.55 1.55 1.55 1.55 1.55 1.55 1.55 1.55 1.55 1.55 1.55 1.55 1.55 1.55 1.55 1.55 1.55 1.55 1.55 1.55 1.55 1.55 1.55 1.55 1.55 1.55 1.55 1.55 1.55 1.55 1.55 1.55 1.55 1.55 1.54 1.54 1.54 1.54 1.54 1.54 1.54 1.54 1.54 1.54 1.54 1.54 1.54 1.54 1.54 1.54 1.54 1.54 1.54 1.54 1.54
1.54 1.54 1.54 1.54 1.54 1.54 1.54 1.54 1.54 1.54 1.54 1.54 1.54 1.54 1.54 1.54 1.54 1.54 1.54 1.54 1.54 1.54 1.54 1.54 1.54 1.54 1.55 1.55 1.55 1.55 1.55 1.55 1.55 1.55 1.55 1.55 1.55 1.55 1.55 1.55 1.55 1.55 1.55 1.55 1.55 1.55 1.55 1.55 1.55 1.55 1.55 1.55 1.55 1.55 1.55 1.55 1.55 1.55 1.55 1.55 1.55 1.55 1.55 1.54 1.54 1.54 1.54 1.54 1.54 1.54 1.54 1.54 1.54 1.54 1.54 1.54 1.54 1.54 1.54 1.54 1.54 1.54 1.54 1.54
1.54 1.54 1.54 1.54 1.54 1.54 1.54 1.54 1.54 1.54 1.54 1.54 1.54 1.54 1.54 1.54 1.54 1.54 1.54 1.54 1.54 1.54 1.54 1.54 1.54 1.54 1.54 1.55 1.55 1.55 1.55 1.55 1.55 1.55 1.55 1.55 1.55 1.55 1.55 1.55 1.55 1.55 1.55 1.55 1.55 1.55 1.55 1.55 1.55 1.55 1.55 1.55 1.55 1.55 1.55 1.55 1.55 1.55 1.55 1.55 1.55 1.55 1.54 1.54 1.54 1.54 1.54 1.54 1.54 1.54 1.54 1.54 1.54 1.54 1.54 1.54 1.54 1.54 1.54 1.54 1.54 1.54 1.54 1.54
1.54 1.54 1.54 1.54 1.54 1.54 1.54 1.54 1.54 1.54 1.54 1.54 1.54 1.54 1.54 1.54 1.54 1.54 1.54 1.54 1.54 1.54 1.54 1.54 1.54 1.54 1.55 1.55 1.55 1.55 1.55 1.55 1.55 1.55 1.55 1.55 1.55 1.55 1.55 1.55 1.55 1.55 1.55 1.55 1.55 1.55 1.55 1.55 1.55 1.55 1.55 1.55 1.55 1.55 1.55 1.55 1.55 1.55 1.55 1.55 1.55 1.55 1.54 1.54 1.54 1.54 1.54 1.54 1.54 1.54 1.54 1.54 1.54 1.54 1.54 1.54 1.54 1.54 1.54 1.54 1.54 1.54 1.54 1.54
1.54 1.54 1.54 1.54 1.54 1.54 1.54 1.54 1.54 1.54 1.54 1.54 1.54 1.54 1.54 1.54 1.54 1.54 1.54 1.54 1.54 1.54 1.54 1.54 1.54 1.54 1.55 1.55 1.55 1.55 1.55 1.55 1.55 1.55 1.55 1.55 1.55 1.55 1.55 1.55 1.55 1.56 1.56 1.56 1.56 1.56 1.56 1.56 1.55 1.55 1.55 1.55 1.55 1.55 1.55 1.55 1.55 1.55 1.55 1.55 1.55 1.55 1.54 1.54 1.54 1.54 1.54 1.54 1.54 1.54 1.54 1.54 1.54 1.54 1.54 1.54 1.54 1.54 1.54 1.54 1.54 1.54 1.54 1.54
1.54 1.54 1.54 1.54 1.54 1.54 1.54 1.54 1.54 1.54 1.54 1.54 1.54 1.54 1.54 1.54 1.54 1.54 1.54 1.54 1.54 1.54 1.54 1.54 1.54 1.54 1.54 1.55 1.55 1.55 1.55 1.55 1.55 1.55 1.55 1.55 1.55 1.55 1.56 1.56 1.56 1.56 1.56 1.56 1.56 1.56 1.56 1.56 1.56 1.56 1.55 1.55 1.55 1.55 1.55 1.55 1.55 1.55 1.55 1.55 1.55 1.55 1.55 1.54 1.54 1.54 1.54 1.54 1.54 1.54 1.54 1.54 1.54 1.54 1.54 1.54 1.54 1.54 1.54 1.54 1.54 1.54 1.54 1.54
1.54 1.54 1.54 1.54 1.54 1.54 1.54 1.54 1.54 1.54 1.54 1.54 1.54 1.54 1.54 1.54 1.54 1.54 1.54 1.54 1.54 1.54 1.54 1.54 1.54 1.54 1.55 1.55 1.55 1.55 1.55 1.55 1.55 1.55 1.55 1.55 1.56 1.56 1.56 1.56 1.56 1.56 1.56 1.56 1.56 1.56 1.56 1.56 1.56 1.56 1.56 1.56 1.55 1.55 1.55 1.55 1.55 1.55 1.55 1.55 1.55 1.55 1.55 1.54 1.54 1.54 1.54 1.54 1.54 1.54 1.54 1.54 1.54 1.54 1.54 1.54 1.54 1.54 1.54 1.54 1.54 1.54 1.54 1.54
1.54 1.54 1.54 1.54 1.54 1.54 1.54 1.54 1.54 1.54 1.54 1.54 1.54 1.54 1.54 1.54 1.54 1.54 1.54 1.54 1.54 1.54 1.54 1.54 1.54 1.54 1.54 1.55 1.55 1.55 1.55 1.55 1.55 1.55 1.55 1.56 1.56 1.56 1.56 1.56 1.56 1.56 1.56 1.56 1.56 1.56 1.56 1.56 1.56 1.56 1.56 1.56 1.56 1.56 1.55 1.55 1.55 1.55 1.55 1.55 1.55 1.55 1.55 1.54 1.54 1.54 1.54 1.54 1.54 1.54 1.54 1.54 1.54 1.54 1.54 1.54 1.54 1.54 1.54 1.54 1.54 1.54 1.54 1.54
1.54 1.54 1.54 1.54 1.54 1.54 1.54 1.54 1.54 1.54 1.54 1.54 1.54 1.54 1.54 1.54 1.54 1.54 1.54 1.54 1.54 1.54 1.54 1.54 1.54 1.54 1.54 1.55 1.55 1.55 1.55 1.55 1.55 1.55 1.56 1.56 1.56 1.56 1.56 1.56 1.56 1.56 1.56 1.56 1.56 1.56 1.56 1.56 1.56 1.56 1.56 1.56 1.56 1.56 1.56 1.55 1.55 1.55 1.55 1.55 1.55 1.55 1.55 1.54 1.54 1.54 1.54 1.54 1.54 1.54 1.54 1.54 1.54 1.54 1.54 1.54 1.54 1.54 1.54 1.54 1.54 1.54 1.54 1.54
1.54 1.54 1.54 1.54 1.54 1.54 1.54 1.54 1.54 1.54 1.54 1.54 1.54 1.54 1.54 1.54 1.54 1.54 1.54 1.54 1.54 1.54 1.54 1.54 1.54 1.54 1.55 1.55 1.55 1.55 1.55 1.55 1.55 1.56 1.56 1.56 1.56 1.56 1.56 1.56 1.56 1.56 1.57 1.57 1.57 1.57 1.57 1.56 1.56 1.56 1.56 1.56 1.56 1.56 1.56 1.55 1.55 1.55 1.55 1.55 1.55 1.55 1.54 1.54 1.54 1.54 1.54 1.54 1.54 1.54 1.54 1.54 1.54 1.54 1.54 1.54 1.54 1.54 1.54 1.54 1.54 1.54 1.54 1.54
1.54 1.54 1.54 1.54 1.54 1.54 1.54 1.54 1.54 1.54 1.54 1.54 1.54 1.54 1.54 1.54 1.54 1.54 1.54 1.54 1.54 1.54 1.54 1.54 1.54 1.54 1.54 1.55 1.55 1.55 1.55 1.55 1.55 1.56 1.56 1.56 1.56 1.56 1.56 1.57 1.57 1.57 1.57 1.57 1.57 1.57 1.57 1.57 1.57 1.57 1.56 1.56 1.56 1.56 1.56 1.56 1.55 1.55 1.55 1.55 1.55 1.55 1.54 1.54 1.54 1.54 1.54 1.54 1.54 1.54 1.54 1.54 1.54 1.54 1.54 1.54 1.54 1.54 1.54 1.54 1.54 1.54 1.54 1.54
1.54 1.54 1.54 1.54 1.54 1.54 1.54 1.54 1.54 1.53 1.53 1.53 1.53 1.53 1.53 1.53 1.54 1.54 1.54 1.54 1.54 1.54 1.54 1.54 1.54 1.54 1.54 1.55 1.55 1.55 1.55 1.55 1.56 1.56 1.56 1.56 1.56 1.57 1.57 1.57 1.57 1.57 1.57 1.57 1.57 1.57 1.57 1.57 1.57 1.57 1.57 1.56 1.56 1.56 1.56 1.56 1.56 1.55 1.55 1.55 1.55 1.55 1.54 1.54 1.54 1.54 1.54 1.54 1.54 1.54 1.54 1.54 1.54 1.53 1.53 1.53 1.53 1.53 1.53 1.53 1.54 1.54 1.54 1.54
1.54 1.54 1.54 1.54 1.54 1.53 1.53 1.53 1.53 1.53 1.53 1.53 1.53 1.53 1.53 1.53 1.53 1.53 1.53 1.53 1.54 1.54 1.54 1.54 1.54 1.54 1.54 1.55 1.55 1.55 1.55 1.55 1.56 1.56 1.56 1.56 1.57 1.57 1.57 1.57 1.57 1.57 1.57 1.57 1.58 1.58 1.57 1.57 1.57 1.57 1.57 1.57 1.57 1.56 1.56 1.56 1.56 1.55 1.55 1.55 1.55 1.55 1.54 1.54 1.54 1.54 1.54 1.54 1.54 1.54 1.53 1.53 1.53 1.53 1.53 1.53 1.53 1.53 1.53 1.53 1.53 1.53 1.53 1.54
1.54 1.54 1.54 1.53 1.53 1.53 1.53 1.53 1.53 1.53 1.53 1.53 1.53 1.53 1.53 1.53 1.53 1.53 1.53 1.53 1.53 1.54 1.54 1.54 1.54 1.54 1.54 1.55 1.55 1.55 1.55 1.56 1.56 1.56 1.56 1.57 1.57 1.57 1.57 1.57 1.58 1.58 1.58 1.58 1.58 1.58 1.58 1.58 1.58 1.57 1.57 1.57 1.57 1.57 1.56 1.56 1.56 1.56 1.55 1.55 1.55 1.55 1.54 1.54 1.54 1.54 1.54 1.54 1.54 1.53 1.53 1.53 1.53 1.53 1.53 1.53 1.53 1.53 1.53 1.53 1.53 1.53 1.53 1.53
1.54 1.53 1.53 1.53 1.53 1.53 1.53 1.53 1.53 1.53 1.53 1.53 1.53 1.53 1.53 1.53 1.53 1.53 1.53 1.53 1.53 1.53 1.54 1.54 1.54 1.54 1.54 1.55 1.55 1.55 1.55 1.56 1.56 1.56 1.57 1.57 1.57 1.57 1.58 1.58 1.58 1.58 1.58 1.58 1.58 1.58 1.58 1.58 1.58 1.58 1.58 1.57 1.57 1.57 1.57 1.56 1.56 1.56 1.55 1.55 1.55 1.55 1.54 1.54 1.54 1.54 1.54 1.53 1.53 1.53 1.53 1.53 1.53 1.53 1.53 1.53 1.53 1.53 1.53 1.53 1.53 1.53 1.53 1.53
1.53 1.53 1.53 1.53 1.53 1.53 1.53 1.53 1.53 1.53 1.53 1.53 1.53 1.53 1.53 1.53 1.53 1.53 1.53 1.53 1.53 1.53 1.53 1.54 1.54 1.54 1.54 1.55 1.55 1.55 1.55 1.56 1.56 1.56 1.57 1.57 1.58 1.58 1.58 1.58 1.59 1.59 1.59 1.59 1.59 1.59 1.59 1.59 1.58 1.58 1.58 1.58 1.57 1.57 1.57 1.56 1.56 1.56 1.55 1.55 1.55 1.55 1.54 1.54 1.54 1.54 1.54 1.53 1.53 1.53 1.53 1.53 1.53 1.53 1.53 1.53 1.53 1.53 1.53 1.53 1.53 1.53 1.53 1.53
1.53 1.53 1.53 1.53 1.53 1.53 1.53 1.53 1.53 1.53 1.53 1.53 1.53 1.53 1.53 1.53 1.53 1.53 1.53 1.53 1.53 1.53 1.53 1.53 1.54 1.54 1.54 1.55 1.55 1.55 1.56 1.56 1.56 1.57 1.57 1.57 1.58 1.58 1.58 1.59 1.59 1.59 1.59 1.59 1.60 1.59 1.59 1.59 1.59 1.59 1.58 1.58 1.58 1.57 1.57 1.57 1.56 1.56 1.55 1.55 1.55 1.55 1.54 1.54 1.54 1.54 1.53 1.53 1.53 1.53 1.53 1.53 1.53 1.53 1.53 1.53 1.53 1.53 1.53 1.53 1.53 1.53 1.53 1.53
1.53 1.53 1.53 1.53 1.53 1.53 1.53 1.53 1.53 1.53 1.53 1.53 1.53 1.52 1.52 1.52 1.52 1.53 1.53 1.53 1.53 1.53 1.53 1.53 1.54 1.54 1.54 1.55 1.55 1.55 1.56 1.56 1.57 1.57 1.57 1.58 1.58 1.59 1.59 1.59 1.60 1.60 1.60 1.60 1.60 1.60 1.60 1.60 1.60 1.59 1.59 1.59 1.58 1.58 1.57 1.57 1.56 1.56 1.56 1.55 1.55 1.54 1.54 1.54 1.54 1.53 1.53 1.53 1.53 1.53 1.53 1.53 1.53 1.53 1.52 1.53 1.53 1.53 1.53 1.53 1.53 1.53 1.53 1.53
1.53 1.53 1.53 1.53 1.53 1.53 1.53 1.53 1.52 1.52 1.52 1.52 1.52 1.52 1.52 1.52 1.52 1.52 1.52 1.52 1.52 1.53 1.53 1.53 1.53 1.54 1.54 1.55 1.55 1.55 1.56 1.56 1.57 1.57 1.58 1.58 1.59 1.59 1.59 1.60 1.60 1.61 1.61 1.61 1.61 1.61 1.61 1.61 1.60 1.60 1.59 1.59 1.58 1.58 1.58 1.57 1.57 1.56 1.56 1.55 1.55 1.54 1.54 1.54 1.54 1.53 1.53 1.53 1.53 1.53 1.52 1.52 1.52 1.52 1.52 1.52 1.52 1.52 1.52 1.52 1.53 1.53 1.53 1.53
1.53 1.53 1.53 1.53 1.53 1.53 1.52 1.52 1.52 1.52 1.52 1.52 1.52 1.52 1.52 1.52 1.52 1.52 1.52 1.52 1.52 1.52 1.53 1.53 1.53 1.54 1.54 1.54 1.55 1.55 1.56 1.56 1.57 1.57 1.58 1.58 1.59 1.60 1.60 1.61 1.61 1.61 1.62 1.62 1.62 1.62 1.62 1.61 1.61 1.61 1.60 1.60 1.59 1.58 1.58 1.57 1.57 1.56 1.56 1.55 1.55 1.54 1.54 1.54 1.53 1.53 1.53 1.53 1.53 1.52 1.52 1.52 1.52 1.52 1.52 1.52 1.52 1.52 1.52 1.52 1.52 1.52 1.53 1.53
1.53 1.53 1.53 1.53 1.52 1.52 1.52 1.52 1.52 1.52 1.52 1.52 1.52 1.52 1.52 1.52 1.52 1.52 1.52 1.52 1.52 1.52 1.52 1.53 1.53 1.53 1.54 1.54 1.55 1.55 1.56 1.56 1.57 1.58 1.58 1.59 1.59 1.60 1.61 1.61 1.62 1.62 1.63 1.63 1.63 1.63 1.63 1.62 1.62 1.61 1.61 1.60 1.59 1.59 1.58 1.57 1.57 1.56 1.56 1.55 1.55 1.54 1.54 1.54 1.53 1.53 1.53 1.52 1.52 1.52 1.52 1.52 1.52 1.52 1.52 1.52 1.52 1.52 1.52 1.52 1.52 1.52 1.52 1.52
1.53 1.53 1.53 1.52 1.52 1.52 1.52 1.52 1.52 1.52 1.52 1.52 1.52 1.51 1.51 1.51 1.51 1.51 1.51 1.52 1.52 1.52 1.52 1.52 1.53 1.53 1.54 1.54 1.55 1.55 1.56 1.56 1.57 1.58 1.58 1.59 1.60 1.61 1.62 1.62 1.63 1.64 1.64 1.64 1.64 1.64 1.64 1.63 1.63 1.62 1.62 1.61 1.60 1.59 1.58 1.58 1.57 1.56 1.56 1.55 1.55 1.54 1.54 1.53 1.53 1.53 1.52 1.52 1.52 1.52 1.52 1.52 1.52 1.52 1.52 1.52 1.52 1.52 1.52 1.52 1.52 1.52 1.52 1.52
1.53 1.53 1.52 1.52 1.52 1.52 1.52 1.52 1.52 1.51 1.51 1.51 1.51 1.51 1.51 1.51 1.51 1.51 1.51 1.51 1.51 1.52 1.52 1.52 1.53 1.53 1.54 1.54 1.55 1.55 1.55 1.56 1.57 1.58 1.59 1.59 1.60 1.62 1.63 1.64 1.64 1.65 1.66 1.66 1.66 1.66 1.65 1.65 1.64 1.63 1.62 1.61 1.60 1.59 1.59 1.58 1.57 1.56 1.56 1.55 1.54 1.54 1.53 1.53 1.53 1.52 1.52 1.52 1.52 1.52 1.51 1.51 1.51 1.51 1.51 1.51 1.51 1.51 1.52 1.52 1.52 1.52 1.52 1.52
1.52 1.52 1.52 1.52 1.52 1.52 1.52 1.51 1.51 1.51 1.51 1.51 1.51 1.51 1.51 1.51 1.51 1.51 1.51 1.51 1.51 1.51 1.52 1.52 1.52 1.53 1.53 1.54 1.55 1.55 1.55 1.56 1.57 1.58 1.59 1.60 1.61 1.62 1.64 1.65 1.66 1.67 1.68 1.68 1.68 1.68 1.67 1.66 1.65 1.64 1.63 1.62 1.61 1.60 1.59 1.58 1.57 1.56 1.55 1.55 1.54 1.54 1.53 1.53 1.52 1.52 1.52 1.51 1.51 1.51 1.51 1.51 1.51 1.51 1.51 1.51 1.51 1.51 1.51 1.51 1.51 1.52 1.52 1.52
1.52 1.52 1.52 1.52 1.52 1.52 1.51 1.51 1.51 1.51 1.51 1.51 1.50 1.50 1.50 1.50 1.50 1.50 1.50 1.50 1.51 1.51 1.51 1.52 1.52 1.53 1.53 1.54 1.54 1.55 1.54 1.55 1.57 1.58 1.59 1.60 1.61 1.63 1.65 1.67 1.68 1.69 1.70 1.71 1.70 1.70 1.69 1.68 1.67 1.66 1.64 1.63 1.61 1.60 1.59 1.58 1.57 1.56 1.55 1.54 1.54 1.53 1.53 1.52 1.52 1.52 1.51 1.51 1.51 1.51 1.51 1.51 1.51 1.50 1.51 1.51 1.51 1.51 1.51 1.51 1.51 1.51 1.51 1.52
1.52 1.52 1.52 1.52 1.51 1.51 1.51 1.51 1.51 1.51 1.50 1.50 1.50 1.50 1.50 1.50 1.50 1.50 1.50 1.50 1.50 1.50 1.51 1.51 1.51 1.52 1.53 1.53 1.54 1.54 1.53 1.55 1.57 1.58 1.59 1.60 1.62 1.65 1.67 1.69 1.70 1.72 1.73 1.74 1.74 1.73 1.72 1.71 1.69 1.67 1.65 1.64 1.62 1.60 1.59 1.58 1.57 1.56 1.55 1.54 1.53 1.53 1.52 1.52 1.52 1.51 1.51 1.51 1.51 1.50 1.50 1.50 1.50 1.50 1.50 1.50 1.50 1.50 1.51 1.51 1.51 1.51 1.51 1.51
1.52 1.52 1.52 1.51 1.51 1.51 1.51 1.51 1.50 1.50 1.50 1.50 1.50 1.50 1.49 1.49 1.49 1.49 1.49 1.49 1.50 1.50 1.50 1.51 1.51 1.52 1.53 1.53 1.53 1.52 1.52 1.54 1.56 1.58 1.59 1.60 1.62 1.65 1.69 1.71 1.73 1.75 1.77 1.77 1.77 1.77 1.75 1.74 1.72 1.69 1.67 1.64 1.62 1.60 1.59 1.57 1.56 1.55 1.54 1.54 1.53 1.52 1.52 1.51 1.51 1.51 1.51 1.50 1.50 1.50 1.50 1.50 1.50 1.50 1.50 1.50 1.50 1.50 1.50 1.50 1.51 1.51 1.51 1.51
1.52 1.52 1.51 1.51 1.51 1.51 1.51 1.50 1.50 1.50 1.50 1.49 1.49 1.49 1.49 1.49 1.49 1.49 1.49 1.49 1.49 1.50 1.50 1.50 1.50 1.51 1.52 1.52 1.50 1.51 1.52 1.53 1.56 1.57 1.58 1.60 1.63 1.66 1.70 1.74 1.76 1.79 1.81 1.82 1.83 1.81 1.80 1.78 1.75 1.72 1.68 1.65 1.63 1.60 1.58 1.57 1.55 1.54 1.53 1.53 1.52 1.52 1.51 1.51 1.50 1.50 1.50 1.50 1.49 1.49 1.49 1.49 1.49 1.49 1.49 1.49 1.50 1.50 1.50 1.50 1.50 1.50 1.51 1.51
1.52 1.51 1.51 1.51 1.51 1.50 1.50 1.50 1.50 1.49 1.49 1.49 1.49 1.49 1.48 1.48 1.48 1.48 1.48 1.49 1.49 1.49 1.49 1.50 1.50 1.51 1.51 1.50 1.49 1.50 1.52 1.53 1.54 1.56 1.58 1.61 1.63 1.66 1.72 1.78 1.82 1.85 1.87 1.89 1.89 1.88 1.86 1.83 1.79 1.74 1.70 1.66 1.62 1.60 1.58 1.56 1.55 1.53 1.53 1.52 1.51 1.51 1.50 1.50 1.50 1.49 1.49 1.49 1.49 1.49 1.49 1.49 1.49 1.49 1.49 1.49 1.49 1.49 1.50 1.50 1.50 1.50 1.50 1.51
1.51 1.51 1.51 1.51 1.50 1.50 1.50 1.50 1.49 1.49 1.49 1.49 1.48 1.48 1.48 1.48 1.48 1.48 1.48 1.48 1.48 1.48 1.49 1.49 1.49 1.50 1.49 1.48 1.47 1.49 1.51 1.52 1.52 1.54 1.57 1.60 1.62 1.66 1.73 1.82 1.89 1.93 1.96 1.97 1.97 1.96 1.93 1.89 1.84 1.78 1.71 1.66 1.62 1.59 1.57 1.55 1.53 1.52 1.51 1.51 1.50 1.50 1.49 1.49 1.49 1.49 1.48 1.48 1.48 1.48 1.48 1.48 1.48 1.48 1.48 1.48 1.49 1.49 1.49 1.49 1.50 1.50 1.50 1.50
1.51 1.51 1.51 1.50 1.50 1.50 1.50 1.49 1.49 1.49 1.48 1.48 1.48 1.48 1.47 1.47 1.47 1.47 1.47 1.47 1.48 1.48 1.48 1.48 1.48 1.48 1.47 1.46 1.47 1.48 1.50 1.50 1.51 1.52 1.55 1.58 1.62 1.66 1.73 1.85 1.99 2.09 2.10 2.06 2.04 2.04 2.05 2.02 1.93 1.82 1.72 1.65 1.61 1.58 1.55 1.54 1.52 1.51 1.50 1.49 1.49 1.48 1.48 1.48 1.48 1.48 1.48 1.48 1.48 1.48 1.48 1.47 1.48 1.48 1.48 1.48 1.48 1.48 1.49 1.49 1.49 1.49 1.50 1.50
1.51 1.51 1.50 1.50 1.50 1.50 1.49 1.49 1.49 1.48 1.48 1.48 1.47 1.47 1.47 1.47 1.47 1.47 1.47 1.47 1.47 1.47 1.47 1.46 1.46 1.46 1.46 1.45 1.46 1.47 1.47 1.48 1.49 1.50 1.52 1.56 1.60 1.65 1.72 1.84 2.12 2.40 2.35 2.13 2.08 2.14 2.22 2.21 2.05 1.84 1.69 1.62 1.58 1.56 1.54 1.52 1.51 1.49 1.49 1.48 1.47 1.47 1.47 1.47 1.47 1.47 1.47 1.47 1.47 1.47 1.47 1.47 1.47 1.47 1.47 1.47 1.48 1.48 1.48 1.49 1.49 1.49 1.49 1.50
1.51 1.50 1.50 1.50 1.50 1.49 1.49 1.49 1.48 1.48 1.47 1.47 1.47 1.46 1.46 1.46 1.46 1.46 1.46 1.46 1.47 1.46 1.45 1.44 1.44 1.44 1.45 1.44 1.44 1.45 1.45 1.46 1.47 1.47 1.48 1.51 1.56 1.61 1.70 1.75 2.10 2.68 2.71 2.29 2.22 2.26 2.43 2.42 2.17 1.83 1.64 1.59 1.54 1.53 1.52 1.50 1.49 1.48 1.47 1.46 1.46 1.45 1.45 1.45 1.45 1.46 1.46 1.46 1.46 1.46 1.46 1.46 1.46 1.47 1.47 1.47 1.47 1.47 1.48 1.48 1.48 1.49 1.49 1.49
1.51 1.50 1.50 1.50 1.49 1.49 1.48 1.48 1.48 1.47 1.47 1.47 1.46 1.46 1.46 1.46 1.45 1.45 1.45 1.46 1.46 1.45 1.43 1.42 1.42 1.43 1.43 1.42 1.42 1.43 1.43 1.43 1.44 1.44 1.44 1.45 1.50 1.56 1.69 1.73 2.03 2.82 3.10 2.80 2.45 2.41 2.57 2.53 2.16 1.68 1.53 1.54 1.49 1.49 1.49 1.49 1.47 1.46 1.45 1.44 1.44 1.43 1.43 1.44 1.44 1.44 1.44 1.45 1.45 1.45 1.45 1.45 1.46 1.46 1.46 1.46 1.47 1.47 1.47 1.48 1.48 1.48 1.49 1.49
1.50 1.50 1.50 1.49 1.49 1.48 1.48 1.48 1.47 1.47 1.46 1.46 1.46 1.45 1.45 1.45 1.45 1.45 1.45 1.45 1.44 1.42 1.41 1.41 1.41 1.41 1.41 1.41 1.40 1.40 1.40 1.40 1.41 1.40 1.40 1.40 1.41 1.46 1.61 1.76 2.17 2.87 3.33 3.03 2.49 2.47 2.64 2.47 1.90 1.34 1.35 1.46 1.44 1.47 1.47 1.46 1.45 1.44 1.43 1.42 1.41 1.41 1.41 1.42 1.42 1.43 1.43 1.43 1.44 1.44 1.44 1.45 1.45 1.45 1.45 1.46 1.46 1.46 1.47 1.47 1.48 1.48 1.48 1.49
1.50 1.50 1.49 1.49 1.49 1.48 1.48 1.47 1.47 1.46 1.46 1.45 1.45 1.45 1.45 1.44 1.44 1.44 1.45 1.44 1.42 1.40 1.39 1.40 1.39 1.39 1.39 1.39 1.38 1.37 1.37 1.37 1.37 1.37 1.35 1.35 1.35 1.34 1.43 1.67 2.17 2.95 3.53 3.05 2.33 2.44 2.62 2.23 1.47 1.09 1.22 1.41 1.50 1.48 1.44 1.44 1.43 1.42 1.40 1.39 1.39 1.38 1.39 1.39 1.40 1.41 1.41 1.42 1.42 1.43 1.43 1.44 1.44 1.44 1.45 1.45 1.46 1.46 1.46 1.47 1.47 1.48 1.48 1.48
1.50 1.50 1.49 1.49 1.48 1.48 1.47 1.47 1.46 1.46 1.45 1.45 1.45 1.44 1.44 1.44 1.43 1.44 1.44 1.42 1.40 1.38 1.38 1.38 1.37 1.37 1.37 1.36 1.35 1.34 1.34 1.33 1.33 1.33 1.33 1.30 1.27 1.22 1.24 1.57 2.06 3.03 3.59 2.91 2.09 2.42 2.54 1.83 1.02 0.98 1.17 1.40 1.56 1.50 1.45 1.43 1.40 1.39 1.38 1.36 1.36 1.36 1.36 1.37 1.38 1.39 1.39 1.40 1.41 1.42 1.42 1.43 1.43 1.44 1.44 1.45 1.45 1.45 1.46 1.46 1.47 1.47 1.48 1.48
1.50 1.49 1.49 1.48 1.48 1.47 1.47 1.46 1.46 1.45 1.45 1.44 1.44 1.44 1.43 1.43 1.43 1.43 1.43 1.40 1.37 1.36 1.37 1.36 1.35 1.34 1.34 1.34 1.32 1.31 1.30 1.29 1.28 1.29 1.32 1.29 1.19 1.10 1.18 1.46 1.92 3.14 3.62 2.67 1.95 2.41 2.37 1.38 0.90 1.01 1.20 1.39 1.57 1.59 1.53 1.40 1.34 1.35 1.33 1.32 1.32 1.33 1.34 1.34 1.35 1.36 1.37 1.38 1.39 1.40 1.41 1.42 1.42 1.43 1.43 1.44 1.44 1.45 1.45 1.46 1.46 1.47 1.47 1.48
