data/AilsaCraig_270_1_25m_vel_100m.asc
ncols	257
nrows	257
xllcorner	3364200.000000
yllcorner	3669375.000000
cellsize	25.000000
NODATA_value	-1.000000
[rows 114 to 151 of 257, columns 84 to 167 of 257]
1.49 1.49 1.48 1.48 1.48 1.47 1.46 1.46 1.45 1.45 1.44 1.44 1.43 1.43 1.42 1.42 1.42 1.42 1.41 1.38 1.35 1.35 1.36 1.34 1.32 1.32 1.32 1.30 1.28 1.28 1.26 1.24 1.24 1.25 1.30 1.32 1.16 0.99 1.14 1.35 1.89 3.38 3.66 2.44 1.99 2.41 2.14 1.33 1.07 1.16 1.29 1.40 1.59 1.71 1.65 1.42 1.33 1.29 1.27 1.28 1.29 1.30 1.31 1.31 1.32 1.33 1.35 1.36 1.38 1.39 1.40 1.41 1.42 1.42 1.43 1.43 1.44 1.44 1.45 1.45 1.46 1.46 1.47 1.47
1.49 1.49 1.48 1.48 1.47 1.47 1.46 1.45 1.45 1.44 1.44 1.43 1.43 1.42 1.42 1.42 1.42 1.41 1.39 1.36 1.34 1.34 1.34 1.32 1.30 1.29 1.29 1.26 1.25 1.24 1.22 1.20 1.19 1.22 1.28 1.33 1.16 0.96 1.13 1.32 2.06 3.60 3.62 2.30 2.15 2.44 2.05 1.63 1.37 1.33 1.41 1.48 1.62 1.74 1.73 1.53 1.24 1.16 1.21 1.23 1.25 1.27 1.27 1.28 1.29 1.30 1.32 1.34 1.36 1.37 1.39 1.40 1.41 1.41 1.42 1.43 1.43 1.44 1.44 1.45 1.45 1.46 1.46 1.47
1.49 1.48 1.48 1.47 1.47 1.46 1.46 1.45 1.44 1.44 1.43 1.43 1.42 1.42 1.41 1.41 1.41 1.39 1.37 1.34 1.33 1.33 1.31 1.29 1.27 1.26 1.25 1.23 1.20 1.19 1.17 1.16 1.16 1.19 1.26 1.32 1.18 1.02 1.17 1.39 2.30 3.66 3.54 2.38 2.35 2.52 2.09 1.90 1.75 1.53 1.53 1.55 1.64 1.74 1.73 1.53 1.11 1.09 1.17 1.18 1.21 1.22 1.23 1.24 1.26 1.27 1.29 1.32 1.34 1.35 1.37 1.38 1.40 1.41 1.41 1.42 1.43 1.43 1.44 1.44 1.45 1.46 1.46 1.47
1.49 1.48 1.48 1.47 1.47 1.46 1.45 1.45 1.44 1.43 1.43 1.42 1.42 1.41 1.41 1.41 1.40 1.37 1.35 1.33 1.32 1.30 1.29 1.26 1.25 1.23 1.20 1.19 1.16 1.13 1.10 1.11 1.15 1.20 1.25 1.28 1.18 1.11 1.24 1.54 2.47 3.58 3.51 2.72 2.60 2.59 2.17 2.02 2.04 1.73 1.59 1.60 1.66 1.73 1.68 1.58 1.24 1.07 1.08 1.12 1.15 1.17 1.19 1.20 1.22 1.24 1.27 1.29 1.31 1.34 1.36 1.37 1.39 1.40 1.41 1.41 1.42 1.43 1.43 1.44 1.45 1.45 1.46 1.46
1.48 1.48 1.47 1.47 1.46 1.45 1.45 1.44 1.43 1.43 1.42 1.42 1.41 1.41 1.40 1.40 1.38 1.35 1.33 1.32 1.30 1.28 1.26 1.24 1.22 1.20 1.16 1.14 1.11 1.07 1.05 1.06 1.13 1.23 1.28 1.24 1.18 1.19 1.35 1.71 2.53 3.37 3.45 3.05 2.84 2.65 2.31 2.16 2.14 1.84 1.69 1.71 1.67 1.73 1.66 1.60 1.45 1.04 1.00 1.05 1.07 1.10 1.13 1.16 1.19 1.21 1.23 1.27 1.29 1.32 1.34 1.36 1.38 1.39 1.40 1.41 1.41 1.42 1.43 1.44 1.44 1.45 1.45 1.46
1.48 1.48 1.47 1.46 1.46 1.45 1.44 1.44 1.43 1.42 1.42 1.41 1.41 1.40 1.40 1.39 1.37 1.34 1.32 1.31 1.28 1.25 1.24 1.22 1.19 1.16 1.12 1.09 1.05 0.99 0.98 1.04 1.13 1.27 1.32 1.25 1.22 1.27 1.46 1.86 2.51 3.09 3.29 3.18 2.97 2.72 2.47 2.34 2.13 1.86 1.88 1.82 1.66 1.72 1.66 1.55 1.48 1.11 0.93 0.94 0.99 1.04 1.08 1.12 1.16 1.17 1.20 1.24 1.27 1.30 1.33 1.35 1.36 1.38 1.39 1.40 1.41 1.42 1.42 1.43 1.44 1.44 1.45 1.46
1.48 1.47 1.47 1.46 1.45 1.45 1.44 1.43 1.43 1.42 1.41 1.41 1.40 1.39 1.39 1.38 1.35 1.32 1.31 1.29 1.26 1.23 1.22 1.19 1.16 1.12 1.08 1.03 0.98 0.92 0.90 0.98 1.10 1.28 1.36 1.33 1.32 1.36 1.54 1.96 2.46 2.87 3.12 3.16 3.00 2.79 2.62 2.44 2.14 1.94 1.97 1.86 1.68 1.73 1.63 1.50 1.47 1.17 0.82 0.82 0.91 0.97 1.02 1.07 1.12 1.14 1.16 1.21 1.25 1.28 1.31 1.33 1.35 1.37 1.38 1.39 1.40 1.41 1.42 1.43 1.43 1.44 1.45 1.45
1.48 1.47 1.47 1.46 1.45 1.45 1.44 1.43 1.42 1.41 1.41 1.40 1.39 1.39 1.38 1.37 1.34 1.30 1.29 1.28 1.24 1.21 1.20 1.16 1.12 1.08 1.04 0.98 0.90 0.85 0.85 0.91 1.03 1.21 1.33 1.40 1.44 1.44 1.60 2.00 2.42 2.77 3.02 3.07 2.97 2.85 2.73 2.51 2.19 2.00 1.97 1.88 1.79 1.73 1.61 1.47 1.38 1.15 0.82 0.79 0.84 0.89 0.96 1.02 1.08 1.12 1.14 1.18 1.23 1.26 1.29 1.32 1.34 1.36 1.38 1.39 1.40 1.41 1.42 1.42 1.43 1.44 1.44 1.45
1.48 1.47 1.46 1.46 1.45 1.44 1.43 1.43 1.42 1.41 1.40 1.40 1.39 1.38 1.38 1.36 1.32 1.29 1.28 1.26 1.22 1.19 1.17 1.13 1.09 1.05 0.99 0.92 0.84 0.79 0.80 0.85 0.97 1.11 1.23 1.38 1.50 1.52 1.65 2.02 2.40 2.73 2.96 2.98 2.92 2.87 2.78 2.55 2.22 2.03 1.97 1.93 1.85 1.71 1.52 1.37 1.22 1.05 0.85 0.74 0.75 0.81 0.89 0.97 1.04 1.09 1.12 1.15 1.21 1.24 1.27 1.31 1.33 1.35 1.37 1.38 1.39 1.40 1.41 1.42 1.43 1.43 1.44 1.45
1.47 1.47 1.46 1.45 1.45 1.44 1.43 1.42 1.41 1.41 1.40 1.39 1.39 1.38 1.37 1.34 1.30 1.28 1.27 1.25 1.20 1.17 1.14 1.10 1.06 1.01 0.95 0.86 0.78 0.74 0.73 0.79 0.94 1.07 1.13 1.27 1.49 1.56 1.70 2.04 2.38 2.68 2.91 2.94 2.89 2.86 2.79 2.56 2.25 2.05 2.00 1.94 1.82 1.62 1.42 1.26 1.10 0.98 0.87 0.68 0.65 0.73 0.83 0.92 0.99 1.06 1.11 1.13 1.18 1.22 1.25 1.29 1.32 1.34 1.36 1.38 1.39 1.40 1.41 1.42 1.42 1.43 1.44 1.45
1.47 1.47 1.46 1.45 1.44 1.44 1.43 1.42 1.41 1.40 1.40 1.39 1.38 1.37 1.37 1.33 1.29 1.27 1.26 1.23 1.19 1.15 1.12 1.07 1.02 0.97 0.90 0.82 0.75 0.70 0.67 0.72 0.89 1.07 1.10 1.18 1.40 1.53 1.72 2.07 2.37 2.64 2.86 2.92 2.88 2.85 2.76 2.54 2.27 2.08 2.00 1.89 1.71 1.50 1.32 1.17 1.01 0.90 0.84 0.74 0.61 0.66 0.76 0.86 0.94 1.02 1.09 1.12 1.15 1.21 1.24 1.28 1.31 1.33 1.35 1.37 1.38 1.40 1.41 1.41 1.42 1.43 1.44 1.45
1.47 1.46 1.46 1.45 1.44 1.43 1.43 1.42 1.41 1.40 1.39 1.39 1.38 1.37 1.36 1.32 1.27 1.25 1.25 1.21 1.17 1.14 1.10 1.04 0.99 0.93 0.85 0.79 0.74 0.69 0.64 0.67 0.83 1.04 1.10 1.15 1.32 1.46 1.68 2.08 2.36 2.62 2.84 2.90 2.87 2.84 2.73 2.48 2.23 2.09 1.97 1.80 1.58 1.38 1.24 1.10 0.94 0.84 0.81 0.74 0.63 0.58 0.67 0.80 0.90 0.99 1.07 1.11 1.13 1.19 1.23 1.26 1.30 1.33 1.35 1.37 1.38 1.39 1.40 1.41 1.42 1.43 1.44 1.44
1.47 1.46 1.45 1.45 1.44 1.43 1.42 1.41 1.41 1.40 1.39 1.38 1.37 1.36 1.35 1.30 1.25 1.24 1.23 1.19 1.15 1.12 1.07 1.01 0.96 0.89 0.80 0.75 0.74 0.71 0.66 0.66 0.78 0.96 1.07 1.16 1.30 1.41 1.64 2.04 2.34 2.64 2.86 2.91 2.88 2.84 2.69 2.38 2.14 2.07 1.95 1.72 1.47 1.31 1.22 1.07 0.89 0.80 0.76 0.72 0.63 0.53 0.60 0.75 0.86 0.95 1.04 1.10 1.13 1.17 1.22 1.25 1.29 1.32 1.34 1.36 1.38 1.39 1.40 1.41 1.42 1.43 1.43 1.44
1.47 1.46 1.45 1.45 1.44 1.43 1.42 1.41 1.40 1.40 1.39 1.38 1.37 1.36 1.33 1.29 1.24 1.23 1.22 1.18 1.13 1.10 1.05 0.99 0.93 0.86 0.75 0.70 0.72 0.73 0.70 0.70 0.78 0.89 1.02 1.17 1.29 1.38 1.65 2.03 2.36 2.68 2.89 2.93 2.91 2.85 2.62 2.23 2.03 2.04 1.95 1.70 1.43 1.31 1.23 1.05 0.86 0.77 0.73 0.70 0.65 0.57 0.57 0.69 0.82 0.93 1.02 1.09 1.13 1.15 1.20 1.24 1.28 1.31 1.34 1.36 1.37 1.39 1.40 1.41 1.42 1.43 1.43 1.44
1.47 1.46 1.45 1.44 1.44 1.43 1.42 1.41 1.40 1.39 1.39 1.38 1.37 1.36 1.32 1.27 1.23 1.23 1.21 1.16 1.12 1.07 1.02 0.96 0.89 0.82 0.72 0.67 0.70 0.72 0.74 0.76 0.81 0.87 0.99 1.19 1.27 1.36 1.69 2.05 2.42 2.74 2.92 2.96 2.96 2.84 2.49 2.10 1.98 2.00 1.95 1.75 1.51 1.38 1.26 1.05 0.87 0.76 0.70 0.67 0.67 0.62 0.56 0.65 0.79 0.90 1.00 1.07 1.12 1.15 1.18 1.24 1.28 1.30 1.33 1.35 1.37 1.39 1.40 1.41 1.42 1.42 1.43 1.44
1.47 1.46 1.45 1.44 1.43 1.43 1.42 1.41 1.40 1.39 1.38 1.38 1.37 1.35 1.31 1.25 1.23 1.22 1.19 1.14 1.11 1.06 0.99 0.93 0.85 0.76 0.69 0.66 0.68 0.71 0.79 0.84 0.85 0.88 1.01 1.21 1.26 1.37 1.75 2.13 2.50 2.79 2.93 2.98 2.98 2.78 2.33 2.01 1.94 1.91 1.91 1.85 1.66 1.46 1.29 1.07 0.90 0.76 0.65 0.64 0.66 0.66 0.60 0.62 0.75 0.88 0.98 1.05 1.12 1.16 1.18 1.23 1.27 1.30 1.33 1.35 1.37 1.38 1.40 1.41 1.42 1.42 1.43 1.44
1.47 1.46 1.45 1.44 1.43 1.43 1.42 1.41 1.40 1.39 1.38 1.37 1.36 1.34 1.29 1.24 1.22 1.22 1.18 1.12 1.09 1.04 0.96 0.90 0.82 0.70 0.64 0.65 0.66 0.71 0.83 0.90 0.89 0.92 1.05 1.22 1.30 1.47 1.83 2.22 2.58 2.82 2.91 2.96 2.96 2.71 2.24 1.97 1.90 1.82 1.87 1.93 1.78 1.53 1.32 1.09 0.92 0.75 0.62 0.62 0.65 0.68 0.66 0.62 0.71 0.85 0.96 1.05 1.11 1.16 1.18 1.22 1.27 1.30 1.33 1.35 1.37 1.38 1.40 1.41 1.42 1.42 1.43 1.44
1.46 1.46 1.45 1.44 1.43 1.42 1.42 1.41 1.40 1.39 1.38 1.37 1.36 1.33 1.28 1.23 1.22 1.21 1.16 1.12 1.07 1.02 0.94 0.86 0.78 0.64 0.58 0.63 0.66 0.72 0.86 0.94 0.92 0.98 1.12 1.27 1.39 1.61 1.95 2.31 2.63 2.83 2.90 2.92 2.90 2.68 2.24 1.94 1.83 1.77 1.86 1.96 1.81 1.54 1.34 1.13 0.95 0.76 0.63 0.63 0.65 0.68 0.70 0.66 0.71 0.83 0.95 1.04 1.11 1.16 1.19 1.21 1.26 1.30 1.32 1.35 1.37 1.38 1.40 1.41 1.42 1.42 1.43 1.44
1.46 1.46 1.45 1.44 1.43 1.42 1.42 1.41 1.40 1.39 1.38 1.37 1.36 1.32 1.27 1.23 1.22 1.20 1.15 1.11 1.06 0.99 0.92 0.83 0.73 0.60 0.52 0.60 0.66 0.74 0.90 0.97 0.96 1.05 1.22 1.38 1.54 1.79 2.11 2.41 2.67 2.83 2.87 2.86 2.83 2.68 2.31 1.94 1.79 1.79 1.89 1.95 1.78 1.53 1.34 1.18 0.99 0.78 0.66 0.64 0.66 0.68 0.72 0.72 0.74 0.83 0.94 1.03 1.10 1.16 1.20 1.22 1.26 1.30 1.33 1.35 1.37 1.38 1.40 1.41 1.42 1.42 1.43 1.44
1.46 1.46 1.45 1.44 1.43 1.43 1.42 1.41 1.40 1.39 1.38 1.37 1.36 1.31 1.26 1.23 1.22 1.19 1.14 1.10 1.04 0.96 0.89 0.80 0.68 0.57 0.50 0.56 0.64 0.76 0.94 1.01 1.02 1.15 1.34 1.53 1.73 1.99 2.27 2.50 2.70 2.82 2.83 2.78 2.77 2.68 2.35 1.98 1.84 1.84 1.90 1.89 1.75 1.54 1.36 1.22 1.03 0.82 0.69 0.65 0.66 0.69 0.73 0.76 0.80 0.85 0.94 1.03 1.10 1.16 1.21 1.23 1.26 1.30 1.33 1.35 1.37 1.39 1.40 1.41 1.42 1.43 1.43 1.44
1.46 1.46 1.45 1.44 1.43 1.43 1.42 1.41 1.40 1.39 1.38 1.37 1.35 1.31 1.26 1.23 1.22 1.18 1.14 1.09 1.03 0.94 0.86 0.77 0.63 0.52 0.49 0.54 0.62 0.77 0.96 1.05 1.11 1.27 1.48 1.70 1.93 2.17 2.39 2.57 2.71 2.79 2.76 2.72 2.72 2.62 2.34 2.07 1.94 1.88 1.84 1.82 1.75 1.58 1.41 1.29 1.11 0.88 0.71 0.64 0.65 0.70 0.74 0.80 0.86 0.90 0.96 1.03 1.10 1.16 1.21 1.24 1.26 1.30 1.33 1.35 1.37 1.39 1.40 1.41 1.42 1.43 1.43 1.44
1.47 1.46 1.45 1.44 1.44 1.43 1.42 1.41 1.40 1.39 1.39 1.37 1.34 1.31 1.26 1.24 1.22 1.18 1.14 1.09 1.02 0.93 0.83 0.73 0.58 0.46 0.48 0.54 0.61 0.77 0.96 1.09 1.22 1.40 1.64 1.90 2.12 2.31 2.47 2.62 2.71 2.74 2.70 2.68 2.66 2.52 2.30 2.16 2.03 1.87 1.78 1.79 1.78 1.62 1.46 1.36 1.20 0.99 0.79 0.66 0.65 0.71 0.76 0.83 0.91 0.96 1.00 1.04 1.10 1.16 1.21 1.25 1.27 1.30 1.34 1.36 1.37 1.39 1.40 1.41 1.42 1.43 1.44 1.44
1.47 1.46 1.45 1.44 1.44 1.43 1.42 1.41 1.40 1.40 1.39 1.36 1.34 1.31 1.27 1.24 1.22 1.17 1.14 1.09 1.00 0.91 0.81 0.69 0.54 0.41 0.46 0.55 0.63 0.78 0.95 1.14 1.33 1.55 1.82 2.08 2.26 2.38 2.51 2.63 2.68 2.68 2.64 2.62 2.56 2.39 2.27 2.21 2.04 1.82 1.74 1.79 1.80 1.67 1.51 1.41 1.26 1.07 0.88 0.72 0.69 0.74 0.79 0.86 0.95 1.00 1.04 1.07 1.10 1.16 1.21 1.26 1.28 1.30 1.34 1.36 1.38 1.39 1.41 1.41 1.42 1.43 1.44 1.45
1.47 1.46 1.45 1.45 1.44 1.43 1.42 1.41 1.41 1.40 1.38 1.36 1.34 1.31 1.28 1.25 1.21 1.18 1.14 1.09 1.00 0.91 0.79 0.65 0.49 0.40 0.45 0.54 0.66 0.80 0.96 1.21 1.46 1.71 1.98 2.20 2.32 2.41 2.53 2.62 2.65 2.62 2.56 2.53 2.44 2.29 2.26 2.21 1.97 1.74 1.70 1.78 1.82 1.71 1.56 1.44 1.30 1.12 0.94 0.77 0.75 0.79 0.82 0.90 0.99 1.04 1.07 1.10 1.12 1.16 1.21 1.26 1.29 1.32 1.34 1.37 1.39 1.40 1.41 1.42 1.43 1.43 1.44 1.45
1.47 1.46 1.45 1.45 1.44 1.43 1.42 1.42 1.41 1.40 1.38 1.37 1.35 1.32 1.28 1.25 1.22 1.18 1.15 1.09 1.00 0.91 0.79 0.61 0.45 0.41 0.47 0.55 0.69 0.82 1.01 1.31 1.61 1.87 2.09 2.25 2.34 2.44 2.54 2.60 2.60 2.54 2.48 2.44 2.31 2.22 2.25 2.15 1.85 1.67 1.68 1.76 1.82 1.75 1.62 1.49 1.34 1.17 0.97 0.82 0.82 0.85 0.87 0.94 1.02 1.07 1.10 1.13 1.15 1.18 1.23 1.27 1.30 1.33 1.35 1.38 1.39 1.40 1.41 1.42 1.43 1.44 1.44 1.45
1.47 1.46 1.46 1.45 1.44 1.43 1.43 1.42 1.41 1.40 1.39 1.37 1.35 1.32 1.29 1.26 1.23 1.19 1.15 1.09 1.01 0.92 0.80 0.60 0.44 0.46 0.52 0.58 0.74 0.88 1.10 1.47 1.77 1.97 2.15 2.27 2.37 2.46 2.52 2.55 2.53 2.48 2.44 2.35 2.19 2.14 2.19 2.05 1.76 1.63 1.65 1.74 1.83 1.78 1.66 1.54 1.39 1.23 1.01 0.86 0.89 0.93 0.93 0.99 1.05 1.08 1.11 1.15 1.18 1.20 1.25 1.29 1.31 1.34 1.36 1.38 1.40 1.41 1.42 1.42 1.43 1.44 1.45 1.45
1.47 1.46 1.46 1.45 1.44 1.44 1.43 1.42 1.41 1.40 1.39 1.37 1.35 1.33 1.30 1.27 1.24 1.19 1.15 1.11 1.04 0.95 0.83 0.65 0.51 0.56 0.59 0.64 0.84 0.98 1.27 1.65 1.89 2.04 2.19 2.31 2.38 2.45 2.49 2.51 2.48 2.47 2.45 2.25 2.02 2.02 2.09 1.98 1.76 1.63 1.63 1.74 1.84 1.81 1.71 1.59 1.45 1.27 1.04 0.91 0.95 1.00 1.01 1.05 1.08 1.10 1.13 1.17 1.20 1.23 1.27 1.30 1.32 1.35 1.37 1.39 1.41 1.41 1.42 1.43 1.43 1.44 1.45 1.45
1.47 1.47 1.46 1.45 1.45 1.44 1.43 1.42 1.42 1.41 1.39 1.38 1.36 1.34 1.31 1.28 1.25 1.20 1.16 1.13 1.08 0.98 0.88 0.76 0.66 0.65 0.69 0.76 0.95 1.13 1.47 1.78 1.94 2.08 2.24 2.34 2.37 2.40 2.46 2.50 2.48 2.51 2.47 2.11 1.78 1.85 1.94 1.89 1.80 1.66 1.64 1.77 1.86 1.85 1.77 1.66 1.51 1.31 1.09 0.98 1.02 1.07 1.08 1.09 1.11 1.12 1.16 1.20 1.23 1.26 1.29 1.32 1.34 1.36 1.39 1.40 1.41 1.42 1.42 1.43 1.44 1.44 1.45 1.46
1.47 1.47 1.46 1.46 1.45 1.44 1.44 1.43 1.42 1.41 1.40 1.39 1.37 1.35 1.33 1.29 1.26 1.22 1.18 1.15 1.10 1.03 0.95 0.86 0.80 0.79 0.81 0.90 1.06 1.30 1.62 1.83 1.95 2.13 2.30 2.34 2.33 2.36 2.44 2.52 2.54 2.58 2.46 1.92 1.56 1.70 1.76 1.75 1.78 1.67 1.66 1.80 1.88 1.88 1.84 1.74 1.58 1.36 1.13 1.05 1.09 1.13 1.13 1.13 1.13 1.15 1.20 1.24 1.26 1.28 1.31 1.33 1.35 1.38 1.40 1.41 1.42 1.42 1.43 1.43 1.44 1.45 1.46 1.46
1.48 1.47 1.46 1.46 1.45 1.45 1.44 1.43 1.42 1.42 1.40 1.39 1.38 1.36 1.34 1.31 1.28 1.25 1.21 1.17 1.13 1.08 1.02 0.95 0.90 0.89 0.89 0.98 1.15 1.40 1.65 1.81 1.95 2.19 2.34 2.33 2.31 2.34 2.44 2.57 2.65 2.65 2.37 1.75 1.46 1.59 1.59 1.60 1.66 1.63 1.67 1.83 1.89 1.89 1.88 1.80 1.64 1.40 1.18 1.13 1.17 1.19 1.17 1.16 1.17 1.20 1.23 1.27 1.28 1.30 1.33 1.35 1.36 1.39 1.41 1.42 1.42 1.43 1.43 1.44 1.45 1.45 1.46 1.46
1.48 1.47 1.47 1.46 1.46 1.45 1.44 1.44 1.43 1.42 1.41 1.40 1.39 1.37 1.35 1.33 1.30 1.27 1.24 1.20 1.16 1.13 1.08 1.03 0.98 0.96 0.94 0.88 1.12 1.41 1.65 1.79 1.98 2.23 2.34 2.32 2.31 2.34 2.44 2.64 2.78 2.68 2.20 1.61 1.45 1.50 1.46 1.45 1.49 1.53 1.65 1.83 1.89 1.90 1.91 1.84 1.69 1.43 1.22 1.20 1.25 1.24 1.21 1.20 1.23 1.25 1.27 1.29 1.30 1.32 1.35 1.37 1.38 1.40 1.42 1.42 1.43 1.43 1.44 1.44 1.45 1.46 1.46 1.47
1.48 1.48 1.47 1.46 1.46 1.45 1.45 1.44 1.43 1.43 1.42 1.41 1.39 1.38 1.36 1.34 1.32 1.29 1.26 1.23 1.20 1.17 1.14 1.10 1.07 1.03 1.02 0.90 0.88 1.46 1.68 1.83 2.03 2.23 2.30 2.31 2.33 2.37 2.46 2.74 2.92 2.60 1.91 1.49 1.42 1.42 1.36 1.31 1.34 1.43 1.61 1.79 1.88 1.90 1.92 1.88 1.74 1.48 1.27 1.26 1.29 1.27 1.25 1.26 1.27 1.29 1.30 1.31 1.32 1.34 1.37 1.38 1.40 1.42 1.43 1.43 1.43 1.44 1.44 1.45 1.46 1.46 1.46 1.47
1.48 1.48 1.47 1.47 1.46 1.46 1.45 1.44 1.44 1.43 1.42 1.41 1.40 1.39 1.38 1.36 1.34 1.32 1.29 1.27 1.24 1.21 1.19 1.16 1.14 1.11 1.09 1.08 1.19 1.51 1.73 1.84 2.06 2.18 2.24 2.29 2.35 2.41 2.50 2.85 2.97 2.35 1.61 1.40 1.33 1.29 1.22 1.14 1.20 1.35 1.54 1.72 1.83 1.88 1.91 1.89 1.77 1.53 1.36 1.31 1.32 1.31 1.30 1.31 1.31 1.32 1.33 1.34 1.34 1.35 1.38 1.40 1.41 1.43 1.43 1.43 1.43 1.44 1.45 1.46 1.46 1.46 1.47 1.47
1.49 1.48 1.48 1.47 1.47 1.46 1.46 1.45 1.44 1.44 1.43 1.42 1.41 1.40 1.39 1.38 1.36 1.34 1.32 1.30 1.27 1.25 1.23 1.21 1.20 1.19 1.18 1.25 1.37 1.43 1.61 1.84 2.03 2.11 2.17 2.27 2.39 2.47 2.57 2.94 2.95 2.15 1.57 1.42 1.26 1.15 1.00 0.92 1.11 1.29 1.43 1.62 1.75 1.82 1.87 1.89 1.79 1.59 1.43 1.36 1.35 1.35 1.34 1.36 1.35 1.34 1.36 1.36 1.36 1.37 1.40 1.42 1.43 1.43 1.43 1.43 1.44 1.45 1.46 1.46 1.46 1.47 1.47 1.48
1.49 1.48 1.48 1.47 1.47 1.46 1.46 1.45 1.45 1.44 1.44 1.43 1.42 1.41 1.40 1.39 1.38 1.36 1.34 1.33 1.31 1.29 1.28 1.26 1.26 1.26 1.27 1.30 1.34 1.40 1.47 1.73 1.98 2.06 2.12 2.26 2.42 2.54 2.69 2.97 2.85 2.18 1.77 1.56 1.31 1.12 0.89 0.83 1.08 1.28 1.34 1.51 1.65 1.70 1.78 1.85 1.80 1.62 1.47 1.41 1.39 1.38 1.38 1.39 1.38 1.37 1.39 1.38 1.37 1.39 1.41 1.43 1.44 1.43 1.44 1.44 1.45 1.46 1.46 1.46 1.47 1.47 1.48 1.48
1.49 1.49 1.48 1.48 1.47 1.47 1.46 1.46 1.45 1.45 1.44 1.44 1.43 1.42 1.42 1.41 1.39 1.38 1.37 1.35 1.34 1.33 1.32 1.31 1.31 1.31 1.33 1.35 1.39 1.44 1.48 1.56 1.84 2.01 2.12 2.27 2.42 2.60 2.83 2.95 2.66 2.20 1.98 1.73 1.44 1.21 0.98 0.94 1.13 1.29 1.34 1.46 1.55 1.57 1.67 1.77 1.76 1.63 1.50 1.45 1.43 1.42 1.41 1.40 1.40 1.40 1.40 1.39 1.39 1.41 1.43 1.44 1.44 1.44 1.45 1.46 1.46 1.47 1.47 1.47 1.47 1.48 1.48 1.48
1.49 1.49 1.49 1.48 1.48 1.47 1.47 1.46 1.46 1.46 1.45 1.45 1.44 1.43 1.43 1.42 1.41 1.40 1.39 1.38 1.37 1.36 1.35 1.35 1.35 1.36 1.37 1.40 1.43 1.46 1.50 1.56 1.65 1.91 2.13 2.27 2.38 2.58 2.88 2.89 2.42 2.15 2.09 1.83 1.52 1.29 1.13 1.13 1.23 1.33 1.39 1.46 1.50 1.51 1.59 1.68 1.69 1.61 1.53 1.49 1.46 1.44 1.43 1.43 1.43 1.43 1.42 1.41 1.40 1.43 1.45 1.45 1.44 1.45 1.46 1.47 1.47 1.47 1.47 1.47 1.48 1.48 1.48 1.49
1.50 1.49 1.49 1.49 1.48 1.48 1.47 1.47 1.47 1.46 1.46 1.45 1.45 1.44 1.44 1.43 1.43 1.42 1.41 1.40 1.40 1.39 1.39 1.38 1.39 1.40 1.41 1.44 1.46 1.50 1.53 1.58 1.63 1.76 2.08 2.25 2.32 2.47 2.81 2.84 2.35 2.13 2.14 1.87 1.56 1.35 1.25 1.26 1.33 1.39 1.43 1.47 1.49 1.51 1.56 1.62 1.62 1.58 1.54 1.51 1.49 1.46 1.45 1.45 1.44 1.44 1.43 1.42 1.42 1.44 1.45 1.45 1.45 1.46 1.47 1.47 1.47 1.47 1.47 1.48 1.48 1.48 1.49 1.49
