data/AilsaCraig_270_1_25m_vel_100m.asc
ncols	257
nrows	257
xllcorner	3364200.000000
yllcorner	3669375.000000
cellsize	25.000000
NODATA_value	-1.000000
[rows 76 to 113 of 257, columns 84 to 167 of 257]
1.74 1.74 1.74 1.74 1.74 1.74 1.74 1.74 1.74 1.74 1.74 1.74 1.74 1.74 1.74 1.74 1.74 1.74 1.74 1.74 1.75 1.75 1.75 1.75 1.75 1.75 1.75 1.75 1.75 1.75 1.75 1.75 1.75 1.75 1.75 1.75 1.75 1.75 1.75 1.75 1.75 1.75 1.75 1.75 1.75 1.75 1.75 1.75 1.75 1.75 1.75 1.75 1.75 1.75 1.75 1.75 1.75 1.75 1.75 1.75 1.75 1.75 1.75 1.75 1.75 1.75 1.75 1.75 1.75 1.74 1.74 1.74 1.74 1.74 1.74 1.74 1.74 1.74 1.74 1.74 1.74 1.74 1.74 1.74
1.74 1.74 1.74 1.74 1.74 1.74 1.74 1.74 1.74 1.74 1.74 1.74 1.74 1.74 1.74 1.74 1.74 1.74 1.74 1.74 1.74 1.75 1.75 1.75 1.75 1.75 1.75 1.75 1.75 1.75 1.75 1.75 1.75 1.75 1.75 1.75 1.75 1.75 1.75 1.75 1.75 1.75 1.75 1.75 1.75 1.75 1.75 1.75 1.75 1.75 1.75 1.75 1.75 1.75 1.75 1.75 1.75 1.75 1.75 1.75 1.75 1.75 1.75 1.75 1.75 1.75 1.75 1.75 1.74 1.74 1.74 1.74 1.74 1.74 1.74 1.74 1.74 1.74 1.74 1.74 1.74 1.74 1.74 1.74
1.74 1.74 1.74 1.74 1.74 1.74 1.74 1.74 1.74 1.74 1.74 1.74 1.74 1.74 1.74 1.74 1.74 1.74 1.74 1.74 1.74 1.75 1.75 1.75 1.75 1.75 1.75 1.75 1.75 1.75 1.75 1.75 1.75 1.75 1.75 1.75 1.75 1.75 1.75 1.75 1.75 1.75 1.75 1.75 1.75 1.75 1.75 1.75 1.75 1.75 1.75 1.75 1.75 1.75 1.75 1.75 1.75 1.75 1.75 1.75 1.75 1.75 1.75 1.75 1.75 1.75 1.75 1.75 1.74 1.74 1.74 1.74 1.74 1.74 1.74 1.74 1.74 1.74 1.74 1.74 1.74 1.74 1.74 1.74
1.74 1.74 1.74 1.74 1.74 1.74 1.74 1.74 1.74 1.74 1.74 1.74 1.74 1.74 1.74 1.74 1.74 1.74 1.74 1.74 1.74 1.74 1.75 1.75 1.75 1.75 1.75 1.75 1.75 1.75 1.75 1.75 1.75 1.75 1.75 1.75 1.75 1.75 1.75 1.75 1.75 1.75 1.75 1.75 1.75 1.75 1.75 1.75 1.75 1.75 1.75 1.75 1.75 1.75 1.75 1.75 1.75 1.75 1.75 1.75 1.75 1.75 1.75 1.75 1.75 1.75 1.75 1.74 1.74 1.74 1.74 1.74 1.74 1.74 1.74 1.74 1.74 1.74 1.74 1.74 1.74 1.74 1.74 1.74
1.74 1.74 1.74 1.74 1.74 1.74 1.74 1.74 1.74 1.74 1.74 1.74 1.74 1.74 1.74 1.74 1.74 1.74 1.74 1.74 1.74 1.74 1.75 1.75 1.75 1.75 1.75 1.75 1.75 1.75 1.75 1.75 1.75 1.75 1.75 1.75 1.75 1.75 1.75 1.75 1.75 1.75 1.76 1.76 1.76 1.76 1.76 1.75 1.75 1.75 1.75 1.75 1.75 1.75 1.75 1.75 1.75 1.75 1.75 1.75 1.75 1.75 1.75 1.75 1.75 1.75 1.75 1.74 1.74 1.74 1.74 1.74 1.74 1.74 1.74 1.74 1.74 1.74 1.74 1.74 1.74 1.74 1.74 1.74
1.74 1.74 1.74 1.74 1.74 1.74 1.74 1.74 1.74 1.74 1.74 1.74 1.74 1.74 1.74 1.74 1.74 1.74 1.74 1.74 1.74 1.74 1.74 1.75 1.75 1.75 1.75 1.75 1.75 1.75 1.75 1.75 1.75 1.75 1.75 1.75 1.75 1.75 1.75 1.76 1.76 1.76 1.76 1.76 1.76 1.76 1.76 1.76 1.76 1.76 1.75 1.75 1.75 1.75 1.75 1.75 1.75 1.75 1.75 1.75 1.75 1.75 1.75 1.75 1.75 1.75 1.74 1.74 1.74 1.74 1.74 1.74 1.74 1.74 1.74 1.74 1.74 1.74 1.74 1.74 1.74 1.74 1.74 1.74
1.74 1.74 1.74 1.74 1.74 1.74 1.74 1.74 1.74 1.74 1.74 1.74 1.74 1.74 1.74 1.74 1.74 1.74 1.74 1.74 1.74 1.74 1.74 1.75 1.75 1.75 1.75 1.75 1.75 1.75 1.75 1.75 1.75 1.75 1.75 1.75 1.75 1.76 1.76 1.76 1.76 1.76 1.76 1.76 1.76 1.76 1.76 1.76 1.76 1.76 1.76 1.76 1.75 1.75 1.75 1.75 1.75 1.75 1.75 1.75 1.75 1.75 1.75 1.75 1.75 1.75 1.74 1.74 1.74 1.74 1.74 1.74 1.74 1.74 1.74 1.74 1.74 1.74 1.74 1.74 1.74 1.74 1.74 1.74
1.74 1.74 1.74 1.74 1.74 1.74 1.74 1.74 1.74 1.74 1.74 1.74 1.74 1.74 1.74 1.74 1.74 1.74 1.74 1.74 1.74 1.74 1.74 1.74 1.75 1.75 1.75 1.75 1.75 1.75 1.75 1.75 1.75 1.75 1.75 1.76 1.76 1.76 1.76 1.76 1.76 1.76 1.76 1.76 1.76 1.76 1.76 1.76 1.76 1.76 1.76 1.76 1.76 1.75 1.75 1.75 1.75 1.75 1.75 1.75 1.75 1.75 1.75 1.75 1.75 1.75 1.74 1.74 1.74 1.74 1.74 1.74 1.74 1.74 1.74 1.74 1.74 1.74 1.74 1.74 1.74 1.74 1.74 1.74
1.74 1.74 1.74 1.74 1.74 1.74 1.74 1.74 1.74 1.74 1.74 1.74 1.74 1.74 1.74 1.74 1.74 1.74 1.74 1.74 1.74 1.74 1.74 1.74 1.75 1.75 1.75 1.75 1.75 1.75 1.75 1.75 1.75 1.75 1.76 1.76 1.76 1.76 1.76 1.76 1.76 1.76 1.76 1.76 1.76 1.76 1.76 1.76 1.76 1.76 1.76 1.76 1.76 1.76 1.76 1.75 1.75 1.75 1.75 1.75 1.75 1.75 1.75 1.75 1.75 1.74 1.74 1.74 1.74 1.74 1.74 1.74 1.74 1.74 1.74 1.74 1.74 1.74 1.74 1.74 1.74 1.74 1.74 1.74
1.74 1.74 1.74 1.74 1.74 1.74 1.74 1.74 1.74 1.74 1.74 1.74 1.74 1.74 1.74 1.74 1.74 1.74 1.74 1.74 1.74 1.74 1.74 1.74 1.75 1.75 1.75 1.75 1.75 1.75 1.75 1.75 1.75 1.76 1.76 1.76 1.76 1.76 1.76 1.76 1.76 1.76 1.76 1.76 1.76 1.76 1.76 1.76 1.76 1.76 1.76 1.76 1.76 1.76 1.76 1.75 1.75 1.75 1.75 1.75 1.75 1.75 1.75 1.75 1.75 1.74 1.74 1.74 1.74 1.74 1.74 1.74 1.74 1.74 1.74 1.74 1.74 1.74 1.74 1.74 1.74 1.74 1.74 1.74
1.74 1.74 1.74 1.74 1.74 1.74 1.74 1.74 1.74 1.74 1.74 1.74 1.74 1.74 1.74 1.74 1.74 1.74 1.74 1.74 1.74 1.74 1.74 1.74 1.74 1.75 1.75 1.75 1.75 1.75 1.75 1.75 1.75 1.76 1.76 1.76 1.76 1.76 1.76 1.76 1.76 1.76 1.76 1.76 1.76 1.76 1.76 1.76 1.76 1.76 1.76 1.76 1.76 1.76 1.76 1.76 1.75 1.75 1.75 1.75 1.75 1.75 1.75 1.75 1.75 1.74 1.74 1.74 1.74 1.74 1.74 1.74 1.74 1.74 1.74 1.74 1.74 1.74 1.74 1.74 1.74 1.74 1.74 1.74
1.74 1.74 1.74 1.74 1.74 1.74 1.74 1.74 1.74 1.74 1.74 1.74 1.74 1.74 1.74 1.74 1.74 1.74 1.74 1.74 1.74 1.74 1.74 1.74 1.74 1.75 1.75 1.75 1.75 1.75 1.75 1.75 1.76 1.76 1.76 1.76 1.76 1.76 1.76 1.76 1.77 1.77 1.77 1.77 1.77 1.77 1.77 1.77 1.77 1.76 1.76 1.76 1.76 1.76 1.76 1.76 1.76 1.75 1.75 1.75 1.75 1.75 1.75 1.75 1.74 1.74 1.74 1.74 1.74 1.74 1.74 1.74 1.74 1.74 1.74 1.74 1.74 1.74 1.74 1.74 1.74 1.74 1.74 1.74
1.74 1.74 1.74 1.74 1.74 1.74 1.74 1.74 1.74 1.74 1.74 1.74 1.74 1.74 1.74 1.74 1.74 1.74 1.74 1.74 1.74 1.74 1.74 1.74 1.74 1.75 1.75 1.75 1.75 1.75 1.75 1.75 1.76 1.76 1.76 1.76 1.76 1.76 1.77 1.77 1.77 1.77 1.77 1.77 1.77 1.77 1.77 1.77 1.77 1.77 1.77 1.76 1.76 1.76 1.76 1.76 1.76 1.75 1.75 1.75 1.75 1.75 1.75 1.75 1.74 1.74 1.74 1.74 1.74 1.74 1.74 1.74 1.74 1.74 1.74 1.74 1.74 1.74 1.74 1.74 1.74 1.74 1.74 1.74
1.74 1.74 1.74 1.74 1.74 1.74 1.74 1.74 1.74 1.74 1.74 1.74 1.74 1.74 1.74 1.74 1.74 1.74 1.74 1.74 1.74 1.74 1.74 1.74 1.74 1.75 1.75 1.75 1.75 1.75 1.75 1.76 1.76 1.76 1.76 1.76 1.77 1.77 1.77 1.77 1.77 1.77 1.77 1.77 1.77 1.77 1.77 1.77 1.77 1.77 1.77 1.77 1.76 1.76 1.76 1.76 1.76 1.76 1.75 1.75 1.75 1.75 1.75 1.75 1.74 1.74 1.74 1.74 1.74 1.74 1.74 1.74 1.74 1.74 1.74 1.74 1.74 1.74 1.74 1.74 1.74 1.74 1.74 1.74
1.74 1.74 1.74 1.74 1.74 1.74 1.74 1.74 1.74 1.74 1.74 1.74 1.74 1.74 1.74 1.74 1.74 1.74 1.74 1.74 1.74 1.74 1.74 1.74 1.74 1.74 1.75 1.75 1.75 1.75 1.75 1.76 1.76 1.76 1.76 1.77 1.77 1.77 1.77 1.77 1.77 1.78 1.78 1.78 1.78 1.78 1.78 1.78 1.77 1.77 1.77 1.77 1.77 1.76 1.76 1.76 1.76 1.76 1.75 1.75 1.75 1.75 1.75 1.74 1.74 1.74 1.74 1.74 1.74 1.74 1.74 1.74 1.74 1.74 1.74 1.74 1.74 1.74 1.74 1.74 1.74 1.74 1.74 1.74
1.74 1.74 1.74 1.74 1.74 1.74 1.74 1.74 1.74 1.73 1.73 1.73 1.73 1.73 1.73 1.73 1.73 1.73 1.74 1.74 1.74 1.74 1.74 1.74 1.74 1.74 1.75 1.75 1.75 1.75 1.75 1.76 1.76 1.76 1.76 1.77 1.77 1.77 1.77 1.78 1.78 1.78 1.78 1.78 1.78 1.78 1.78 1.78 1.78 1.78 1.77 1.77 1.77 1.77 1.76 1.76 1.76 1.76 1.75 1.75 1.75 1.75 1.75 1.74 1.74 1.74 1.74 1.74 1.74 1.74 1.74 1.74 1.74 1.73 1.73 1.73 1.73 1.73 1.73 1.73 1.73 1.74 1.74 1.74
1.74 1.74 1.74 1.74 1.73 1.73 1.73 1.73 1.73 1.73 1.73 1.73 1.73 1.73 1.73 1.73 1.73 1.73 1.73 1.73 1.74 1.74 1.74 1.74 1.74 1.74 1.75 1.75 1.75 1.75 1.76 1.76 1.76 1.76 1.77 1.77 1.77 1.77 1.78 1.78 1.78 1.78 1.78 1.78 1.79 1.78 1.78 1.78 1.78 1.78 1.78 1.77 1.77 1.77 1.77 1.76 1.76 1.76 1.75 1.75 1.75 1.75 1.75 1.74 1.74 1.74 1.74 1.74 1.74 1.74 1.74 1.73 1.73 1.73 1.73 1.73 1.73 1.73 1.73 1.73 1.73 1.73 1.73 1.74
1.74 1.74 1.73 1.73 1.73 1.73 1.73 1.73 1.73 1.73 1.73 1.73 1.73 1.73 1.73 1.73 1.73 1.73 1.73 1.73 1.73 1.74 1.74 1.74 1.74 1.74 1.74 1.75 1.75 1.75 1.76 1.76 1.76 1.76 1.77 1.77 1.77 1.78 1.78 1.78 1.79 1.79 1.79 1.79 1.79 1.79 1.79 1.79 1.79 1.78 1.78 1.78 1.77 1.77 1.77 1.76 1.76 1.76 1.76 1.75 1.75 1.75 1.74 1.74 1.74 1.74 1.74 1.74 1.74 1.73 1.73 1.73 1.73 1.73 1.73 1.73 1.73 1.73 1.73 1.73 1.73 1.73 1.73 1.73
1.73 1.73 1.73 1.73 1.73 1.73 1.73 1.73 1.73 1.73 1.73 1.73 1.73 1.73 1.73 1.73 1.73 1.73 1.73 1.73 1.73 1.73 1.74 1.74 1.74 1.74 1.74 1.75 1.75 1.75 1.76 1.76 1.76 1.77 1.77 1.77 1.78 1.78 1.79 1.79 1.79 1.79 1.80 1.80 1.80 1.80 1.79 1.79 1.79 1.79 1.78 1.78 1.78 1.77 1.77 1.77 1.76 1.76 1.76 1.75 1.75 1.75 1.74 1.74 1.74 1.74 1.74 1.74 1.73 1.73 1.73 1.73 1.73 1.73 1.73 1.73 1.73 1.73 1.73 1.73 1.73 1.73 1.73 1.73
1.73 1.73 1.73 1.73 1.73 1.73 1.73 1.73 1.73 1.73 1.73 1.73 1.73 1.73 1.73 1.73 1.73 1.73 1.73 1.73 1.73 1.73 1.73 1.74 1.74 1.74 1.74 1.75 1.75 1.75 1.76 1.76 1.76 1.77 1.77 1.78 1.78 1.79 1.79 1.79 1.80 1.80 1.80 1.80 1.80 1.80 1.80 1.80 1.80 1.79 1.79 1.79 1.78 1.78 1.77 1.77 1.76 1.76 1.76 1.75 1.75 1.75 1.74 1.74 1.74 1.74 1.74 1.73 1.73 1.73 1.73 1.73 1.73 1.73 1.73 1.73 1.73 1.73 1.73 1.73 1.73 1.73 1.73 1.73
1.73 1.73 1.73 1.73 1.73 1.73 1.73 1.73 1.73 1.73 1.73 1.73 1.73 1.73 1.73 1.73 1.73 1.73 1.73 1.73 1.73 1.73 1.73 1.73 1.74 1.74 1.74 1.74 1.75 1.75 1.76 1.76 1.76 1.77 1.77 1.78 1.79 1.79 1.80 1.80 1.80 1.81 1.81 1.81 1.81 1.81 1.81 1.81 1.80 1.80 1.79 1.79 1.78 1.78 1.77 1.77 1.76 1.76 1.76 1.75 1.75 1.74 1.74 1.74 1.74 1.74 1.73 1.73 1.73 1.73 1.73 1.73 1.73 1.73 1.73 1.73 1.73 1.73 1.73 1.73 1.73 1.73 1.73 1.73
1.73 1.73 1.73 1.73 1.73 1.73 1.73 1.73 1.73 1.73 1.73 1.72 1.72 1.72 1.72 1.72 1.72 1.72 1.72 1.73 1.73 1.73 1.73 1.73 1.73 1.74 1.74 1.74 1.75 1.75 1.75 1.76 1.76 1.77 1.78 1.78 1.79 1.80 1.80 1.81 1.81 1.82 1.82 1.82 1.82 1.82 1.82 1.82 1.81 1.81 1.80 1.79 1.79 1.78 1.78 1.77 1.76 1.76 1.75 1.75 1.75 1.74 1.74 1.74 1.73 1.73 1.73 1.73 1.73 1.73 1.73 1.73 1.72 1.72 1.72 1.72 1.73 1.73 1.73 1.73 1.73 1.73 1.73 1.73
1.73 1.73 1.73 1.73 1.73 1.73 1.73 1.73 1.72 1.72 1.72 1.72 1.72 1.72 1.72 1.72 1.72 1.72 1.72 1.72 1.72 1.73 1.73 1.73 1.73 1.73 1.74 1.74 1.74 1.75 1.75 1.76 1.76 1.77 1.78 1.79 1.79 1.80 1.81 1.82 1.82 1.83 1.83 1.83 1.83 1.83 1.83 1.83 1.82 1.81 1.81 1.80 1.79 1.78 1.78 1.77 1.76 1.76 1.75 1.75 1.75 1.74 1.74 1.74 1.73 1.73 1.73 1.73 1.73 1.72 1.72 1.72 1.72 1.72 1.72 1.72 1.72 1.72 1.72 1.72 1.73 1.73 1.73 1.73
1.73 1.73 1.73 1.73 1.73 1.73 1.72 1.72 1.72 1.72 1.72 1.72 1.72 1.72 1.72 1.72 1.72 1.72 1.72 1.72 1.72 1.72 1.72 1.73 1.73 1.73 1.73 1.74 1.74 1.75 1.75 1.76 1.76 1.77 1.78 1.79 1.80 1.81 1.82 1.83 1.83 1.84 1.85 1.85 1.85 1.85 1.84 1.84 1.83 1.82 1.81 1.80 1.80 1.79 1.78 1.77 1.76 1.76 1.75 1.75 1.74 1.74 1.74 1.73 1.73 1.73 1.73 1.72 1.72 1.72 1.72 1.72 1.72 1.72 1.72 1.72 1.72 1.72 1.72 1.72 1.72 1.72 1.73 1.73
1.73 1.73 1.73 1.73 1.73 1.72 1.72 1.72 1.72 1.72 1.72 1.72 1.72 1.72 1.72 1.72 1.72 1.72 1.72 1.72 1.72 1.72 1.72 1.72 1.73 1.73 1.73 1.73 1.74 1.74 1.75 1.76 1.76 1.77 1.78 1.79 1.80 1.81 1.83 1.84 1.85 1.86 1.86 1.87 1.87 1.86 1.86 1.85 1.84 1.83 1.82 1.81 1.80 1.79 1.78 1.77 1.76 1.76 1.75 1.75 1.74 1.74 1.73 1.73 1.73 1.72 1.72 1.72 1.72 1.72 1.72 1.72 1.72 1.72 1.72 1.72 1.72 1.72 1.72 1.72 1.72 1.72 1.72 1.72
1.73 1.73 1.73 1.72 1.72 1.72 1.72 1.72 1.72 1.72 1.72 1.71 1.71 1.71 1.71 1.71 1.71 1.71 1.71 1.71 1.71 1.72 1.72 1.72 1.72 1.72 1.73 1.73 1.73 1.74 1.75 1.75 1.76 1.77 1.78 1.79 1.81 1.82 1.84 1.85 1.86 1.88 1.88 1.89 1.89 1.88 1.88 1.87 1.86 1.84 1.83 1.82 1.80 1.79 1.78 1.77 1.76 1.75 1.75 1.74 1.74 1.73 1.73 1.73 1.72 1.72 1.72 1.72 1.72 1.72 1.71 1.71 1.71 1.71 1.71 1.72 1.72 1.72 1.72 1.72 1.72 1.72 1.72 1.72
1.73 1.73 1.72 1.72 1.72 1.72 1.72 1.72 1.72 1.71 1.71 1.71 1.71 1.71 1.71 1.71 1.71 1.71 1.71 1.71 1.71 1.71 1.71 1.71 1.72 1.72 1.72 1.72 1.73 1.73 1.74 1.75 1.76 1.77 1.78 1.80 1.81 1.83 1.85 1.87 1.88 1.90 1.91 1.92 1.92 1.91 1.90 1.89 1.87 1.86 1.84 1.82 1.81 1.79 1.78 1.77 1.76 1.75 1.74 1.74 1.73 1.73 1.72 1.72 1.72 1.72 1.71 1.71 1.71 1.71 1.71 1.71 1.71 1.71 1.71 1.71 1.71 1.71 1.72 1.72 1.72 1.72 1.72 1.72
1.73 1.72 1.72 1.72 1.72 1.72 1.72 1.71 1.71 1.71 1.71 1.71 1.71 1.71 1.71 1.71 1.71 1.71 1.71 1.71 1.71 1.71 1.71 1.71 1.71 1.71 1.72 1.72 1.72 1.73 1.73 1.74 1.75 1.76 1.78 1.80 1.82 1.84 1.86 1.89 1.91 1.93 1.94 1.95 1.95 1.94 1.93 1.91 1.89 1.87 1.85 1.83 1.81 1.79 1.78 1.77 1.76 1.75 1.74 1.73 1.73 1.72 1.72 1.72 1.71 1.71 1.71 1.71 1.71 1.71 1.71 1.71 1.71 1.71 1.71 1.71 1.71 1.71 1.71 1.71 1.71 1.72 1.72 1.72
1.72 1.72 1.72 1.72 1.72 1.72 1.71 1.71 1.71 1.71 1.71 1.71 1.70 1.70 1.70 1.70 1.70 1.70 1.70 1.70 1.70 1.70 1.70 1.70 1.70 1.71 1.71 1.71 1.71 1.72 1.73 1.74 1.75 1.76 1.77 1.79 1.82 1.84 1.87 1.91 1.94 1.97 1.99 1.99 1.99 1.98 1.97 1.94 1.91 1.89 1.86 1.83 1.81 1.79 1.77 1.76 1.75 1.74 1.73 1.73 1.72 1.72 1.71 1.71 1.71 1.71 1.70 1.70 1.70 1.70 1.70 1.70 1.70 1.70 1.70 1.71 1.71 1.71 1.71 1.71 1.71 1.71 1.71 1.72
1.72 1.72 1.72 1.72 1.72 1.71 1.71 1.71 1.71 1.71 1.70 1.70 1.70 1.70 1.70 1.70 1.70 1.70 1.70 1.70 1.70 1.70 1.70 1.70 1.70 1.70 1.70 1.70 1.71 1.71 1.72 1.73 1.74 1.75 1.77 1.79 1.82 1.85 1.89 1.93 1.98 2.02 2.04 2.05 2.05 2.04 2.01 1.98 1.94 1.90 1.86 1.83 1.81 1.79 1.77 1.75 1.74 1.73 1.73 1.72 1.71 1.71 1.71 1.70 1.70 1.70 1.70 1.70 1.70 1.70 1.70 1.70 1.70 1.70 1.70 1.70 1.70 1.71 1.71 1.71 1.71 1.71 1.71 1.71
1.72 1.72 1.72 1.72 1.71 1.71 1.71 1.71 1.71 1.70 1.70 1.70 1.70 1.70 1.69 1.69 1.69 1.69 1.69 1.69 1.69 1.69 1.69 1.69 1.69 1.69 1.69 1.69 1.70 1.70 1.71 1.71 1.72 1.74 1.76 1.78 1.81 1.85 1.90 1.96 2.02 2.08 2.12 2.14 2.13 2.10 2.07 2.02 1.97 1.91 1.87 1.83 1.80 1.78 1.76 1.75 1.73 1.72 1.72 1.71 1.70 1.70 1.70 1.69 1.69 1.69 1.69 1.69 1.69 1.69 1.69 1.69 1.69 1.70 1.70 1.70 1.70 1.70 1.70 1.71 1.71 1.71 1.71 1.71
1.72 1.72 1.72 1.71 1.71 1.71 1.71 1.70 1.70 1.70 1.70 1.70 1.69 1.69 1.69 1.69 1.69 1.69 1.69 1.68 1.68 1.68 1.68 1.68 1.68 1.68 1.68 1.68 1.68 1.69 1.69 1.70 1.71 1.72 1.74 1.76 1.80 1.84 1.90 1.98 2.08 2.18 2.24 2.25 2.22 2.18 2.13 2.07 2.00 1.92 1.86 1.82 1.79 1.77 1.75 1.74 1.72 1.71 1.71 1.70 1.69 1.69 1.69 1.69 1.68 1.68 1.68 1.68 1.68 1.69 1.69 1.69 1.69 1.69 1.69 1.69 1.70 1.70 1.70 1.70 1.70 1.71 1.71 1.71
1.72 1.72 1.71 1.71 1.71 1.71 1.70 1.70 1.70 1.70 1.69 1.69 1.69 1.69 1.69 1.68 1.68 1.68 1.68 1.68 1.68 1.67 1.67 1.67 1.67 1.67 1.67 1.67 1.67 1.67 1.68 1.68 1.69 1.70 1.72 1.74 1.77 1.82 1.89 2.00 2.14 2.25 2.31 2.32 2.27 2.21 2.14 2.08 2.00 1.92 1.85 1.80 1.77 1.75 1.74 1.72 1.71 1.70 1.70 1.69 1.68 1.68 1.68 1.67 1.67 1.67 1.67 1.68 1.68 1.68 1.68 1.68 1.68 1.69 1.69 1.69 1.69 1.69 1.70 1.70 1.70 1.70 1.71 1.71
1.72 1.71 1.71 1.71 1.71 1.70 1.70 1.70 1.70 1.69 1.69 1.69 1.69 1.68 1.68 1.68 1.68 1.67 1.67 1.67 1.67 1.66 1.66 1.66 1.66 1.66 1.65 1.65 1.66 1.66 1.66 1.66 1.67 1.68 1.69 1.71 1.74 1.79 1.87 2.01 2.17 2.26 2.30 2.29 2.26 2.21 2.15 2.07 1.98 1.89 1.82 1.77 1.75 1.73 1.72 1.71 1.70 1.69 1.68 1.67 1.67 1.67 1.66 1.66 1.66 1.66 1.67 1.67 1.67 1.67 1.67 1.68 1.68 1.68 1.68 1.69 1.69 1.69 1.69 1.70 1.70 1.70 1.70 1.71
1.71 1.71 1.71 1.71 1.70 1.70 1.70 1.70 1.69 1.69 1.69 1.68 1.68 1.68 1.68 1.67 1.67 1.67 1.66 1.66 1.66 1.65 1.65 1.65 1.64 1.64 1.64 1.64 1.64 1.64 1.64 1.64 1.65 1.65 1.66 1.67 1.69 1.73 1.82 2.00 2.18 2.27 2.28 2.27 2.24 2.19 2.14 2.06 1.96 1.85 1.78 1.75 1.73 1.72 1.71 1.70 1.69 1.68 1.67 1.66 1.65 1.65 1.65 1.65 1.65 1.65 1.65 1.66 1.66 1.66 1.67 1.67 1.67 1.67 1.68 1.68 1.68 1.69 1.69 1.69 1.70 1.70 1.70 1.70
1.71 1.71 1.71 1.70 1.70 1.70 1.70 1.69 1.69 1.69 1.68 1.68 1.68 1.67 1.67 1.67 1.66 1.66 1.66 1.65 1.65 1.64 1.64 1.63 1.63 1.63 1.62 1.62 1.62 1.62 1.62 1.62 1.62 1.62 1.62 1.63 1.64 1.67 1.78 1.98 2.18 2.26 2.25 2.26 2.24 2.19 2.12 2.05 1.93 1.81 1.76 1.73 1.72 1.71 1.70 1.69 1.67 1.66 1.65 1.64 1.64 1.63 1.63 1.63 1.64 1.64 1.64 1.65 1.65 1.65 1.66 1.66 1.67 1.67 1.67 1.68 1.68 1.68 1.69 1.69 1.69 1.70 1.70 1.70
1.71 1.71 1.71 1.70 1.70 1.70 1.69 1.69 1.69 1.68 1.68 1.68 1.67 1.67 1.67 1.66 1.66 1.65 1.65 1.64 1.64 1.63 1.63 1.62 1.62 1.61 1.61 1.60 1.60 1.60 1.59 1.59 1.59 1.59 1.59 1.58 1.59 1.62 1.73 2.00 2.19 2.24 2.23 2.25 2.25 2.19 2.12 2.04 1.90 1.78 1.74 1.74 1.73 1.72 1.69 1.68 1.66 1.64 1.63 1.62 1.62 1.61 1.62 1.62 1.62 1.62 1.63 1.63 1.64 1.64 1.65 1.65 1.66 1.66 1.67 1.67 1.67 1.68 1.68 1.69 1.69 1.69 1.70 1.70
1.71 1.71 1.70 1.70 1.70 1.69 1.69 1.69 1.68 1.68 1.68 1.67 1.67 1.66 1.66 1.66 1.65 1.65 1.64 1.63 1.63 1.62 1.61 1.61 1.60 1.59 1.59 1.58 1.58 1.57 1.57 1.56 1.56 1.56 1.55 1.55 1.54 1.58 1.75 2.03 2.20 2.23 2.23 2.27 2.27 2.21 2.14 2.04 1.90 1.80 1.75 1.74 1.74 1.73 1.70 1.67 1.64 1.62 1.61 1.60 1.59 1.59 1.60 1.60 1.60 1.61 1.61 1.62 1.63 1.63 1.64 1.65 1.65 1.66 1.66 1.67 1.67 1.67 1.68 1.68 1.69 1.69 1.69 1.70
