data/AilsaCraig_225_1_25m_ang.asc
ncols	257
nrows	257
xllcorner	3364200.000000
yllcorner	3669375.000000
cellsize	25.000000
NODATA_value	-1.000000
[rows 84 to 125 of 257, columns 94 to 187 of 257]
225 225 225 225 225 225 225 225 225 225 225 225 225 225 225 225 225 225 225 225 225 225 225 225 225 226 226 226 226 226 226 226 226 226 226 226 226 226 226 226 226 226 226 226 226 226 226 225 225 225 225 225 225 225 225 225 225 225 225 225 225 225 225 225 225 225 225 225 225 225 225 225 225 225 225 225 225 225 225 225 225 225 225 225 225 225 225 225 225 225 225 225 225 225
225 225 225 225 225 225 225 225 225 225 225 225 225 225 225 225 225 225 225 225 225 225 225 226 226 226 226 226 226 226 226 226 226 226 226 226 226 226 226 226 226 226 226 226 226 226 226 226 225 225 225 225 225 225 225 225 225 225 225 225 225 225 225 225 225 225 225 225 225 225 225 225 225 225 225 225 225 225 225 225 225 225 225 225 225 225 225 225 225 225 225 225 225 225
225 225 225 225 225 225 225 225 225 225 225 225 225 225 225 225 225 225 225 225 225 225 226 226 226 226 226 226 226 226 226 226 226 226 226 226 226 226 226 226 226 226 226 226 226 226 226 226 226 226 225 225 225 225 225 225 225 225 225 225 225 225 225 225 225 225 225 225 225 225 225 225 225 225 225 225 225 225 225 225 225 225 225 225 225 225 225 225 225 225 225 225 225 225
225 225 225 225 225 225 225 225 225 225 225 225 225 225 225 225 225 225 225 225 225 226 226 226 226 226 226 226 226 226 226 226 226 226 226 226 226 226 226 226 226 226 226 226 226 226 226 226 226 226 226 225 225 225 225 225 225 225 225 225 225 225 225 225 225 225 225 225 225 225 225 225 225 225 225 225 225 225 225 225 225 225 225 225 225 225 225 225 225 225 225 225 225 225
225 225 225 225 225 225 225 225 225 225 225 225 225 225 225 225 225 225 225 225 226 226 226 226 226 226 226 226 226 226 226 226 226 226 226 226 226 226 226 226 226 226 226 226 226 226 226 226 226 226 226 226 225 225 225 225 225 225 225 225 225 225 225 225 225 225 225 225 225 225 225 225 225 225 225 225 225 225 225 225 225 225 225 225 225 225 225 225 225 225 225 225 225 225
225 225 225 225 225 225 225 225 225 225 225 225 225 225 225 225 225 225 225 226 226 226 226 226 226 226 226 226 226 226 226 226 226 226 227 227 227 227 226 226 226 226 226 226 226 226 226 226 226 226 226 226 226 225 225 225 225 225 225 225 225 225 225 225 225 225 225 225 225 225 225 225 225 225 225 225 225 225 225 225 225 225 225 225 225 225 225 225 225 225 225 225 225 225
225 225 225 225 225 225 225 225 225 225 225 225 225 225 225 225 225 225 225 226 226 226 226 226 226 226 226 226 226 226 227 227 227 227 227 227 227 227 227 227 227 227 226 226 226 226 226 226 226 226 226 226 226 225 225 225 225 225 225 225 225 225 225 225 225 225 225 225 225 225 225 225 225 225 225 225 225 225 225 225 225 225 225 225 225 225 225 225 225 225 225 225 225 225
225 225 225 225 225 225 225 225 225 225 225 225 225 225 225 225 225 225 226 226 226 226 226 226 226 226 226 226 227 227 227 227 227 227 227 227 227 227 227 227 227 227 227 227 226 226 226 226 226 226 226 226 226 226 225 225 225 225 225 225 225 225 225 225 225 225 225 225 225 225 225 225 225 225 225 225 225 225 225 225 225 225 225 225 225 225 225 225 225 225 225 225 225 225
225 225 225 225 225 225 225 225 225 225 225 225 225 225 225 225 225 225 226 226 226 226 226 226 226 226 226 227 227 227 227 227 227 227 227 227 227 227 227 227 227 227 227 227 227 226 226 226 226 226 226 226 226 226 226 225 225 225 225 225 225 225 225 225 225 225 225 225 225 225 225 225 225 225 225 225 225 225 225 225 225 225 225 225 225 225 225 225 225 225 225 225 225 225
225 225 225 225 225 225 225 225 225 225 225 225 225 225 225 225 225 225 226 226 226 226 226 226 226 226 227 227 227 227 227 227 228 228 228 228 228 228 228 227 227 227 227 227 227 227 227 226 226 226 226 226 226 226 226 225 225 225 225 225 225 225 225 225 225 225 225 225 225 225 225 225 225 225 225 225 225 225 225 225 225 225 225 225 225 225 225 225 225 225 225 225 225 225
225 225 225 225 225 225 225 225 225 225 225 225 225 225 225 225 225 225 226 226 226 226 226 226 227 227 227 227 227 227 228 228 228 228 228 228 228 228 228 228 228 228 227 227 227 227 227 227 226 226 226 226 226 226 226 225 225 225 225 225 225 225 225 225 225 225 225 225 225 225 225 225 225 225 225 225 225 225 225 225 225 225 225 225 225 225 225 225 225 225 225 225 225 225
225 225 225 225 225 225 225 225 225 225 225 225 225 225 225 225 225 225 226 226 226 226 226 226 226 227 227 227 227 228 228 228 228 228 229 229 229 229 228 228 228 228 228 228 227 227 227 227 227 226 226 226 226 226 226 226 225 225 225 225 225 225 225 225 225 225 225 225 225 225 225 225 225 225 225 225 225 225 225 225 225 225 225 225 225 225 225 225 225 225 225 225 225 225
225 225 225 225 225 225 225 225 225 225 225 225 225 225 225 225 225 225 226 226 226 226 226 227 227 227 227 228 228 228 228 229 229 229 229 229 229 229 229 229 229 228 228 228 228 227 227 227 227 226 226 226 226 226 226 226 225 225 225 225 225 225 225 225 225 225 225 225 225 225 225 225 225 225 225 225 225 225 225 225 225 225 225 225 225 225 225 225 225 225 225 225 225 225
225 225 225 225 225 225 225 225 225 225 225 225 225 225 225 225 225 225 226 226 226 226 226 227 227 227 227 228 228 229 229 229 230 230 230 230 230 230 230 230 229 229 229 228 228 228 227 227 227 227 226 226 226 226 226 226 225 225 225 225 225 225 225 225 225 225 225 225 225 225 225 225 225 225 225 225 225 225 225 225 225 225 225 225 225 225 225 225 225 225 225 225 225 225
225 225 225 225 225 225 225 225 225 225 225 225 225 225 225 225 225 225 226 226 226 226 226 226 227 227 228 228 229 229 230 230 230 231 231 231 231 231 231 230 230 230 229 229 228 228 228 227 227 227 226 226 226 226 226 226 225 225 225 225 225 225 225 225 225 225 225 225 225 225 225 225 225 225 225 225 225 225 225 225 225 225 225 225 225 225 225 225 225 225 225 225 225 225
225 225 225 225 225 225 225 225 225 225 225 225 225 225 225 225 225 225 225 226 226 226 226 227 228 228 228 229 230 230 231 231 232 232 232 232 232 232 232 231 231 230 230 229 229 228 228 227 227 227 227 226 226 226 226 226 225 225 225 225 225 225 225 225 225 225 225 225 225 225 225 225 225 225 225 225 225 225 225 225 225 225 225 225 225 225 225 225 225 225 225 225 225 225
225 225 225 225 225 225 225 225 225 225 225 225 225 225 225 225 225 225 225 226 226 226 226 227 227 227 228 229 230 231 231 232 233 233 234 234 234 234 233 233 232 231 231 230 229 229 228 228 227 227 227 226 226 226 226 225 225 225 225 225 225 225 225 225 225 225 225 225 225 225 225 225 225 225 225 225 225 225 225 225 225 225 225 225 225 225 225 225 225 225 225 225 225 225
225 225 225 225 225 225 225 225 225 225 225 225 225 225 225 225 225 225 225 226 226 226 226 227 227 228 229 230 231 232 233 234 235 236 236 236 236 236 235 234 233 232 231 231 230 229 228 228 227 227 227 226 226 226 226 225 225 225 225 225 225 225 225 225 225 225 225 225 225 225 225 225 225 225 225 225 225 225 225 225 225 225 225 225 225 225 225 225 225 225 225 225 225 225
225 225 225 225 225 225 225 225 224 225 225 225 225 225 225 225 225 225 225 225 226 226 226 227 228 228 229 231 232 233 235 236 237 238 239 239 239 238 237 236 235 234 233 231 230 230 229 228 228 227 227 226 226 226 226 225 225 225 225 225 225 225 225 225 225 225 225 225 225 225 225 225 225 225 225 225 225 225 225 225 225 225 225 225 225 225 225 225 225 225 225 225 225 225
225 225 225 225 224 224 224 224 224 224 224 224 224 224 225 225 225 225 225 225 225 226 226 227 228 228 229 230 232 233 235 237 239 241 242 243 243 242 241 239 237 236 234 232 231 230 229 228 228 227 227 226 226 226 225 225 225 225 225 225 225 225 225 225 225 225 225 225 225 225 225 225 225 225 225 225 225 225 225 225 225 225 225 225 225 225 225 225 225 225 225 225 225 225
225 225 225 224 224 224 224 224 224 224 224 224 224 224 224 224 224 225 225 225 225 226 226 227 227 228 229 230 232 234 237 239 242 244 246 247 247 247 245 243 240 237 235 233 232 231 229 228 228 227 227 226 226 226 225 225 225 225 225 225 225 225 225 225 225 225 225 225 225 225 225 225 225 225 225 225 225 225 225 225 225 225 225 225 225 225 225 225 225 225 225 225 225 225
225 224 224 224 224 224 224 224 224 224 224 224 224 224 224 224 224 225 225 225 225 225 226 226 227 228 229 230 232 235 239 243 247 250 252 253 254 253 251 248 244 240 237 235 233 231 230 229 228 227 227 226 226 225 225 225 225 225 225 225 225 225 225 225 225 225 225 225 225 225 225 225 225 225 225 225 225 225 225 225 225 225 225 225 225 225 225 225 225 225 225 225 225 225
224 224 224 224 224 224 224 224 224 224 224 224 224 224 224 224 224 224 225 224 224 225 225 225 226 227 228 229 231 235 240 246 253 258 260 262 263 264 262 256 249 243 239 236 233 231 230 229 228 227 226 226 226 225 225 225 225 225 224 224 224 224 224 224 224 224 224 224 225 225 225 225 225 225 225 225 225 225 225 225 225 225 225 225 225 225 225 225 225 225 225 225 225 225
224 224 224 224 224 224 224 224 224 224 224 224 224 224 224 224 224 224 224 224 224 224 225 225 225 226 227 228 230 231 235 248 261 266 265 265 268 274 275 269 257 247 241 237 234 232 230 229 228 227 226 226 225 225 225 225 224 224 224 224 224 224 224 224 224 224 224 224 224 224 225 225 225 225 225 225 225 225 225 225 225 225 225 225 225 225 225 225 225 225 225 225 225 225
224 224 224 224 224 224 224 224 224 224 224 224 224 223 223 224 224 224 224 223 223 224 224 224 225 225 226 226 229 228 229 244 262 269 266 265 267 273 280 277 263 252 243 238 235 232 230 229 227 227 226 225 225 225 224 224 224 224 224 224 224 224 224 224 224 224 224 224 224 224 224 225 225 225 225 225 225 225 225 225 225 225 225 225 225 225 225 225 225 225 225 225 225 225
224 224 224 224 224 224 224 224 224 224 224 223 223 223 223 223 223 223 223 223 223 223 223 223 224 223 224 224 226 228 226 237 251 261 263 264 265 269 269 263 256 253 246 240 236 233 230 228 227 226 225 225 224 224 224 224 224 224 224 224 224 224 224 224 224 224 224 224 224 224 224 224 225 225 225 225 225 225 225 225 225 225 225 225 225 225 225 225 225 225 225 225 225 225
224 224 224 224 224 224 224 224 223 223 223 223 223 223 223 223 223 223 223 222 222 222 222 223 223 223 223 222 221 221 222 234 249 259 256 255 262 267 263 241 242 250 252 246 237 233 230 228 226 225 224 224 224 224 224 223 223 223 223 224 224 224 224 224 224 224 224 224 224 224 224 224 224 225 225 225 225 225 225 225 225 225 225 225 225 225 225 225 225 225 225 225 225 225
224 224 224 224 224 224 223 223 223 223 223 223 223 222 222 222 222 222 222 222 221 222 222 222 222 222 222 218 213 213 220 232 250 260 248 245 254 260 251 232 234 243 251 250 242 235 230 227 225 224 223 223 223 223 223 223 223 223 223 223 223 223 224 224 224 224 224 224 224 224 224 224 224 224 225 225 225 225 225 225 225 225 225 225 225 225 225 225 225 225 225 225 225 225
224 224 224 224 224 223 223 223 223 223 223 223 222 222 222 222 222 221 221 221 220 221 221 221 222 223 219 214 210 211 217 231 250 256 239 243 253 253 237 230 231 236 243 248 244 234 227 224 223 222 222 222 222 222 222 222 222 223 223 223 223 223 223 223 224 224 224 224 224 224 224 224 224 224 224 225 225 225 225 225 225 225 225 225 225 225 225 225 225 225 225 225 225 225
224 224 224 224 223 223 223 223 223 223 223 222 222 222 221 221 221 220 220 220 220 220 220 221 222 223 220 212 208 209 214 235 250 248 234 246 255 248 234 232 233 237 242 245 246 233 221 220 220 220 220 220 220 221 221 221 222 222 222 223 223 223 223 223 223 223 224 224 224 224 224 224 224 224 224 224 225 225 225 225 225 225 225 225 225 225 225 225 225 225 225 225 225 225
224 224 224 223 223 223 223 223 223 223 222 222 221 221 221 221 220 220 219 219 219 218 218 219 220 223 220 210 206 210 217 243 252 242 236 248 253 244 235 233 234 235 235 237 240 225 205 212 216 217 218 218 219 219 220 221 221 221 222 222 222 223 223 223 223 223 223 224 224 224 224 224 224 224 224 224 225 225 225 225 225 225 225 225 225 225 225 225 225 225 225 225 225 225
224 224 223 223 223 223 223 223 223 223 222 221 221 221 220 220 219 219 218 218 218 217 216 217 219 222 220 210 209 212 222 247 253 240 241 250 247 242 238 232 232 230 231 235 235 227 187 193 208 212 214 215 217 218 219 219 220 221 221 222 222 222 223 223 223 223 223 223 224 224 224 224 224 224 224 224 224 225 225 225 225 225 225 225 225 225 225 225 225 225 225 225 225 225
224 224 223 223 223 223 223 223 223 222 221 221 220 220 220 219 218 218 217 216 216 215 217 218 218 220 219 211 210 214 227 247 250 240 243 250 244 238 240 234 230 230 232 234 236 233 179 169 195 205 210 213 214 216 217 218 219 220 221 221 222 222 222 222 223 223 223 223 223 224 224 224 224 224 224 224 224 225 225 225 225 225 225 225 225 225 225 225 225 225 225 225 225 225
224 223 223 223 223 223 223 223 222 222 221 220 220 220 219 218 217 217 215 215 214 213 215 216 218 219 217 213 213 217 231 244 246 240 243 248 243 236 239 237 230 229 228 231 231 231 202 163 175 194 205 209 211 213 215 217 218 219 220 221 221 222 222 222 222 223 223 223 223 224 224 224 224 224 224 224 224 224 225 225 225 225 225 225 225 225 225 225 225 225 225 225 225 225
223 223 223 223 223 223 223 222 222 221 220 220 219 219 218 217 216 215 214 213 212 211 214 217 220 220 217 215 216 222 233 242 242 241 242 244 241 236 237 234 230 228 224 225 223 222 215 162 159 182 197 204 209 211 213 215 217 218 219 220 221 221 222 222 222 223 223 223 223 223 224 224 224 224 224 224 224 224 225 225 225 225 225 225 225 225 225 225 225 225 225 225 225 225
223 223 223 223 223 222 222 222 221 221 220 220 219 218 217 216 215 214 212 210 208 209 212 217 221 221 218 217 219 225 234 239 240 241 242 241 239 238 237 230 227 226 219 221 217 214 213 182 160 171 187 198 206 209 211 214 216 217 219 220 220 221 221 222 222 222 223 223 223 223 224 224 224 224 224 224 224 224 224 225 225 225 225 225 225 225 225 225 225 225 225 225 225 225
223 223 223 223 222 222 222 222 221 220 220 219 218 217 217 216 214 212 210 207 205 206 208 213 218 218 218 219 221 227 234 238 240 241 240 239 239 239 236 230 228 226 219 218 215 208 208 195 164 161 177 193 201 207 209 212 215 216 218 219 220 220 221 221 222 222 222 223 223 223 223 224 224 224 224 224 224 224 224 225 225 225 225 225 225 225 225 225 225 225 225 225 225 225
223 223 223 223 222 222 222 221 221 220 220 219 218 217 216 215 213 211 208 204 202 203 205 209 212 215 218 220 222 228 233 237 239 240 238 237 237 237 233 229 227 225 219 213 210 206 207 202 175 161 170 187 198 205 208 210 214 216 217 218 219 220 221 221 222 222 222 223 223 223 223 224 224 224 224 224 224 224 224 225 225 225 225 225 225 225 225 225 225 225 225 225 225 225
223 223 223 222 222 222 222 221 220 219 219 219 217 216 215 214 212 210 206 201 199 201 204 208 209 213 219 222 223 227 232 235 238 238 236 235 235 234 231 226 224 221 218 213 208 206 206 204 190 170 170 182 193 201 206 209 212 214 216 218 219 220 220 221 221 222 222 222 223 223 223 223 224 224 224 224 224 224 224 224 225 225 225 225 225 225 225 225 225 225 225 225 225 225
223 223 223 222 222 222 222 221 220 219 219 218 217 216 215 213 211 208 204 201 198 200 205 210 211 213 219 222 223 227 232 234 236 236 234 233 233 231 228 224 221 219 217 213 210 207 203 201 197 178 168 177 188 198 205 208 211 214 216 217 218 219 220 221 221 222 222 222 223 223 223 223 224 224 224 224 224 224 224 224 225 225 225 225 225 225 225 225 225 225 225 225 225 225
223 223 222 222 222 222 221 220 219 219 218 218 216 215 214 212 210 208 204 202 199 200 206 213 215 215 218 220 221 226 230 232 234 233 231 230 230 228 225 222 221 219 217 214 211 209 204 200 198 190 168 170 185 195 204 208 210 213 215 216 218 219 220 220 221 222 222 222 223 223 223 223 224 224 224 224 224 224 224 224 225 225 225 225 225 225 225 225 225 225 225 225 225 225
223 223 222 222 222 222 221 220 219 219 218 217 216 215 213 211 209 207 206 204 202 202 207 213 215 216 217 217 219 225 229 231 232 231 228 228 227 224 222 221 221 220 218 215 213 210 206 201 199 197 184 173 182 193 201 207 209 211 214 216 217 218 220 220 221 221 222 222 222 223 223 223 223 224 224 224 224 224 224 224 225 225 225 225 225 225 225 225 225 225 225 225 225 225
