data/AilsaCraig_270_1_25m_vel_200m.asc
ncols	257
nrows	257
xllcorner	3364200.000000
yllcorner	3669375.000000
cellsize	25.000000
NODATA_value	-1.000000
[rows 152 to 189 of 257, columns 84 to 167 of 257]
1.76 1.75 1.75 1.75 1.75 1.75 1.74 1.74 1.74 1.74 1.74 1.73 1.73 1.73 1.73 1.73 1.72 1.72 1.72 1.72 1.73 1.73 1.73 1.74 1.75 1.76 1.78 1.80 1.82 1.85 1.88 1.92 1.96 2.00 2.04 2.05 2.06 2.07 2.07 2.07 2.07 2.05 2.03 2.00 1.96 1.93 1.90 1.87 1.86 1.85 1.84 1.83 1.83 1.82 1.81 1.81 1.80 1.79 1.78 1.77 1.77 1.76 1.75 1.75 1.74 1.74 1.74 1.74 1.74 1.74 1.74 1.74 1.74 1.74 1.74 1.74 1.74 1.74 1.75 1.75 1.75 1.75 1.75 1.75
1.76 1.76 1.75 1.75 1.75 1.75 1.75 1.75 1.74 1.74 1.74 1.74 1.74 1.74 1.73 1.73 1.73 1.73 1.73 1.73 1.74 1.74 1.74 1.75 1.76 1.77 1.79 1.80 1.83 1.85 1.88 1.91 1.94 1.98 2.02 2.05 2.08 2.07 2.07 2.06 2.05 2.04 2.01 1.99 1.95 1.92 1.90 1.88 1.86 1.85 1.84 1.83 1.83 1.82 1.81 1.81 1.80 1.79 1.79 1.78 1.77 1.76 1.76 1.75 1.75 1.75 1.75 1.74 1.74 1.74 1.74 1.74 1.74 1.74 1.74 1.74 1.75 1.75 1.75 1.75 1.75 1.75 1.75 1.75
1.76 1.76 1.76 1.76 1.75 1.75 1.75 1.75 1.75 1.75 1.75 1.74 1.74 1.74 1.74 1.74 1.74 1.74 1.74 1.74 1.75 1.75 1.75 1.76 1.77 1.78 1.79 1.81 1.83 1.85 1.88 1.90 1.93 1.96 1.99 2.02 2.04 2.06 2.07 2.05 2.04 2.02 2.00 1.97 1.94 1.92 1.90 1.88 1.86 1.85 1.84 1.83 1.83 1.82 1.81 1.81 1.80 1.79 1.79 1.78 1.78 1.77 1.76 1.76 1.76 1.75 1.75 1.75 1.75 1.75 1.75 1.75 1.75 1.75 1.75 1.75 1.75 1.75 1.75 1.75 1.75 1.75 1.76 1.76
1.76 1.76 1.76 1.76 1.76 1.75 1.75 1.75 1.75 1.75 1.75 1.75 1.75 1.75 1.75 1.75 1.75 1.75 1.75 1.75 1.75 1.76 1.76 1.77 1.78 1.79 1.80 1.82 1.83 1.85 1.87 1.89 1.92 1.94 1.97 1.99 2.01 2.02 2.03 2.03 2.02 2.00 1.98 1.96 1.93 1.91 1.89 1.88 1.86 1.85 1.84 1.83 1.83 1.82 1.81 1.81 1.80 1.80 1.79 1.78 1.78 1.77 1.77 1.77 1.76 1.76 1.76 1.75 1.75 1.75 1.75 1.75 1.75 1.75 1.75 1.75 1.75 1.75 1.75 1.76 1.76 1.76 1.76 1.76
1.76 1.76 1.76 1.76 1.76 1.76 1.76 1.76 1.76 1.75 1.75 1.75 1.75 1.75 1.75 1.75 1.75 1.75 1.76 1.76 1.76 1.76 1.77 1.78 1.79 1.79 1.81 1.82 1.83 1.85 1.87 1.89 1.91 1.93 1.95 1.97 1.98 1.99 2.00 2.00 1.99 1.98 1.96 1.94 1.92 1.91 1.89 1.87 1.86 1.85 1.84 1.83 1.83 1.82 1.81 1.81 1.80 1.80 1.79 1.79 1.78 1.78 1.77 1.77 1.77 1.76 1.76 1.76 1.76 1.76 1.76 1.75 1.75 1.75 1.75 1.76 1.76 1.76 1.76 1.76 1.76 1.76 1.76 1.76
1.77 1.76 1.76 1.76 1.76 1.76 1.76 1.76 1.76 1.76 1.76 1.76 1.76 1.76 1.76 1.76 1.76 1.76 1.76 1.76 1.77 1.77 1.78 1.78 1.79 1.80 1.81 1.82 1.83 1.85 1.86 1.88 1.90 1.91 1.93 1.95 1.96 1.97 1.97 1.97 1.97 1.96 1.94 1.93 1.91 1.90 1.88 1.87 1.86 1.85 1.84 1.83 1.83 1.82 1.81 1.81 1.80 1.80 1.79 1.79 1.78 1.78 1.78 1.77 1.77 1.77 1.76 1.76 1.76 1.76 1.76 1.76 1.76 1.76 1.76 1.76 1.76 1.76 1.76 1.76 1.76 1.76 1.76 1.76
1.77 1.77 1.76 1.76 1.76 1.76 1.76 1.76 1.76 1.76 1.76 1.76 1.76 1.76 1.76 1.76 1.76 1.76 1.77 1.77 1.77 1.78 1.78 1.79 1.79 1.80 1.81 1.82 1.83 1.85 1.86 1.87 1.89 1.90 1.92 1.93 1.94 1.94 1.95 1.95 1.94 1.94 1.93 1.92 1.90 1.89 1.88 1.87 1.86 1.85 1.84 1.83 1.83 1.82 1.82 1.81 1.81 1.80 1.80 1.79 1.79 1.78 1.78 1.78 1.77 1.77 1.77 1.77 1.76 1.76 1.76 1.76 1.76 1.76 1.76 1.76 1.76 1.76 1.76 1.76 1.76 1.76 1.76 1.76
1.77 1.77 1.77 1.77 1.77 1.77 1.76 1.76 1.76 1.76 1.76 1.76 1.76 1.76 1.77 1.77 1.77 1.77 1.77 1.77 1.78 1.78 1.79 1.79 1.80 1.81 1.81 1.82 1.83 1.84 1.86 1.87 1.88 1.89 1.90 1.91 1.92 1.93 1.93 1.93 1.93 1.92 1.91 1.90 1.89 1.88 1.87 1.86 1.86 1.85 1.84 1.83 1.83 1.82 1.82 1.81 1.81 1.80 1.80 1.79 1.79 1.79 1.78 1.78 1.78 1.77 1.77 1.77 1.77 1.77 1.77 1.76 1.76 1.76 1.76 1.76 1.76 1.76 1.76 1.76 1.76 1.77 1.77 1.77
1.77 1.77 1.77 1.77 1.77 1.77 1.77 1.77 1.77 1.77 1.77 1.77 1.77 1.77 1.77 1.77 1.77 1.77 1.78 1.78 1.78 1.79 1.79 1.80 1.80 1.81 1.82 1.82 1.83 1.84 1.85 1.86 1.87 1.88 1.89 1.90 1.90 1.91 1.91 1.91 1.91 1.91 1.90 1.89 1.89 1.88 1.87 1.86 1.85 1.84 1.84 1.83 1.83 1.82 1.82 1.81 1.81 1.80 1.80 1.79 1.79 1.79 1.78 1.78 1.78 1.78 1.77 1.77 1.77 1.77 1.77 1.77 1.77 1.77 1.77 1.77 1.77 1.77 1.77 1.77 1.77 1.77 1.77 1.77
1.77 1.77 1.77 1.77 1.77 1.77 1.77 1.77 1.77 1.77 1.77 1.77 1.77 1.77 1.77 1.77 1.77 1.78 1.78 1.78 1.78 1.79 1.79 1.80 1.80 1.81 1.82 1.82 1.83 1.84 1.85 1.86 1.86 1.87 1.88 1.89 1.89 1.90 1.90 1.90 1.90 1.89 1.89 1.88 1.88 1.87 1.86 1.86 1.85 1.84 1.84 1.83 1.83 1.82 1.82 1.81 1.81 1.80 1.80 1.80 1.79 1.79 1.79 1.78 1.78 1.78 1.78 1.78 1.77 1.77 1.77 1.77 1.77 1.77 1.77 1.77 1.77 1.77 1.77 1.77 1.77 1.77 1.77 1.77
1.77 1.77 1.77 1.77 1.77 1.77 1.77 1.77 1.77 1.77 1.77 1.77 1.77 1.77 1.77 1.78 1.78 1.78 1.78 1.78 1.79 1.79 1.79 1.80 1.80 1.81 1.82 1.82 1.83 1.84 1.84 1.85 1.86 1.87 1.87 1.88 1.88 1.88 1.89 1.89 1.89 1.88 1.88 1.87 1.87 1.86 1.86 1.85 1.85 1.84 1.83 1.83 1.82 1.82 1.82 1.81 1.81 1.80 1.80 1.80 1.79 1.79 1.79 1.79 1.78 1.78 1.78 1.78 1.78 1.77 1.77 1.77 1.77 1.77 1.77 1.77 1.77 1.77 1.77 1.77 1.77 1.77 1.77 1.77
1.77 1.77 1.77 1.77 1.77 1.77 1.77 1.77 1.77 1.77 1.77 1.77 1.78 1.78 1.78 1.78 1.78 1.78 1.78 1.79 1.79 1.79 1.80 1.80 1.81 1.81 1.82 1.82 1.83 1.83 1.84 1.85 1.85 1.86 1.86 1.87 1.87 1.87 1.88 1.88 1.88 1.87 1.87 1.87 1.86 1.86 1.85 1.85 1.84 1.84 1.83 1.83 1.82 1.82 1.81 1.81 1.81 1.80 1.80 1.80 1.80 1.79 1.79 1.79 1.79 1.78 1.78 1.78 1.78 1.78 1.78 1.77 1.77 1.77 1.77 1.77 1.77 1.77 1.77 1.77 1.77 1.77 1.77 1.77
1.78 1.78 1.78 1.77 1.77 1.77 1.77 1.77 1.77 1.78 1.78 1.78 1.78 1.78 1.78 1.78 1.78 1.78 1.79 1.79 1.79 1.79 1.80 1.80 1.81 1.81 1.82 1.82 1.83 1.83 1.84 1.84 1.85 1.85 1.86 1.86 1.86 1.87 1.87 1.87 1.87 1.87 1.86 1.86 1.86 1.85 1.85 1.84 1.84 1.83 1.83 1.83 1.82 1.82 1.81 1.81 1.81 1.80 1.80 1.80 1.80 1.79 1.79 1.79 1.79 1.78 1.78 1.78 1.78 1.78 1.78 1.78 1.78 1.77 1.77 1.77 1.77 1.77 1.77 1.77 1.77 1.77 1.77 1.77
1.78 1.78 1.78 1.78 1.78 1.78 1.78 1.78 1.78 1.78 1.78 1.78 1.78 1.78 1.78 1.78 1.78 1.79 1.79 1.79 1.79 1.80 1.80 1.80 1.81 1.81 1.82 1.82 1.82 1.83 1.83 1.84 1.84 1.85 1.85 1.85 1.86 1.86 1.86 1.86 1.86 1.86 1.86 1.85 1.85 1.85 1.84 1.84 1.84 1.83 1.83 1.82 1.82 1.82 1.81 1.81 1.81 1.80 1.80 1.80 1.80 1.79 1.79 1.79 1.79 1.79 1.78 1.78 1.78 1.78 1.78 1.78 1.78 1.78 1.78 1.78 1.78 1.77 1.77 1.77 1.77 1.77 1.77 1.78
1.78 1.78 1.78 1.78 1.78 1.78 1.78 1.78 1.78 1.78 1.78 1.78 1.78 1.78 1.78 1.78 1.79 1.79 1.79 1.79 1.79 1.80 1.80 1.80 1.81 1.81 1.81 1.82 1.82 1.83 1.83 1.83 1.84 1.84 1.85 1.85 1.85 1.85 1.85 1.85 1.85 1.85 1.85 1.85 1.85 1.84 1.84 1.84 1.83 1.83 1.83 1.82 1.82 1.82 1.81 1.81 1.81 1.80 1.80 1.80 1.80 1.79 1.79 1.79 1.79 1.79 1.79 1.78 1.78 1.78 1.78 1.78 1.78 1.78 1.78 1.78 1.78 1.78 1.78 1.78 1.78 1.78 1.78 1.78
1.78 1.78 1.78 1.78 1.78 1.78 1.78 1.78 1.78 1.78 1.78 1.78 1.78 1.78 1.78 1.79 1.79 1.79 1.79 1.79 1.80 1.80 1.80 1.80 1.81 1.81 1.81 1.82 1.82 1.82 1.83 1.83 1.83 1.84 1.84 1.84 1.84 1.85 1.85 1.85 1.85 1.85 1.84 1.84 1.84 1.84 1.84 1.83 1.83 1.83 1.82 1.82 1.82 1.82 1.81 1.81 1.81 1.80 1.80 1.80 1.80 1.80 1.79 1.79 1.79 1.79 1.79 1.78 1.78 1.78 1.78 1.78 1.78 1.78 1.78 1.78 1.78 1.78 1.78 1.78 1.78 1.78 1.78 1.78
1.78 1.78 1.78 1.78 1.78 1.78 1.78 1.78 1.78 1.78 1.78 1.78 1.78 1.78 1.79 1.79 1.79 1.79 1.79 1.79 1.80 1.80 1.80 1.80 1.81 1.81 1.81 1.82 1.82 1.82 1.83 1.83 1.83 1.83 1.84 1.84 1.84 1.84 1.84 1.84 1.84 1.84 1.84 1.84 1.84 1.83 1.83 1.83 1.83 1.82 1.82 1.82 1.82 1.81 1.81 1.81 1.81 1.80 1.80 1.80 1.80 1.80 1.79 1.79 1.79 1.79 1.79 1.79 1.78 1.78 1.78 1.78 1.78 1.78 1.78 1.78 1.78 1.78 1.78 1.78 1.78 1.78 1.78 1.78
1.78 1.78 1.78 1.78 1.78 1.78 1.78 1.78 1.78 1.78 1.78 1.78 1.79 1.79 1.79 1.79 1.79 1.79 1.79 1.79 1.80 1.80 1.80 1.80 1.81 1.81 1.81 1.81 1.82 1.82 1.82 1.83 1.83 1.83 1.83 1.83 1.84 1.84 1.84 1.84 1.84 1.84 1.84 1.83 1.83 1.83 1.83 1.83 1.83 1.82 1.82 1.82 1.82 1.81 1.81 1.81 1.81 1.80 1.80 1.80 1.80 1.80 1.79 1.79 1.79 1.79 1.79 1.79 1.79 1.78 1.78 1.78 1.78 1.78 1.78 1.78 1.78 1.78 1.78 1.78 1.78 1.78 1.78 1.78
1.78 1.78 1.78 1.78 1.78 1.78 1.78 1.78 1.78 1.78 1.78 1.79 1.79 1.79 1.79 1.79 1.79 1.79 1.79 1.80 1.80 1.80 1.80 1.80 1.81 1.81 1.81 1.81 1.82 1.82 1.82 1.82 1.83 1.83 1.83 1.83 1.83 1.83 1.83 1.83 1.83 1.83 1.83 1.83 1.83 1.83 1.83 1.82 1.82 1.82 1.82 1.82 1.81 1.81 1.81 1.81 1.81 1.80 1.80 1.80 1.80 1.80 1.79 1.79 1.79 1.79 1.79 1.79 1.79 1.79 1.78 1.78 1.78 1.78 1.78 1.78 1.78 1.78 1.78 1.78 1.78 1.78 1.78 1.78
1.78 1.78 1.78 1.78 1.78 1.78 1.78 1.78 1.78 1.79 1.79 1.79 1.79 1.79 1.79 1.79 1.79 1.79 1.79 1.80 1.80 1.80 1.80 1.80 1.81 1.81 1.81 1.81 1.81 1.82 1.82 1.82 1.82 1.82 1.83 1.83 1.83 1.83 1.83 1.83 1.83 1.83 1.83 1.83 1.83 1.83 1.82 1.82 1.82 1.82 1.82 1.81 1.81 1.81 1.81 1.81 1.81 1.80 1.80 1.80 1.80 1.80 1.80 1.79 1.79 1.79 1.79 1.79 1.79 1.79 1.79 1.78 1.78 1.78 1.78 1.78 1.78 1.78 1.78 1.78 1.78 1.78 1.78 1.78
1.78 1.78 1.78 1.78 1.78 1.78 1.78 1.79 1.79 1.79 1.79 1.79 1.79 1.79 1.79 1.79 1.79 1.79 1.79 1.80 1.80 1.80 1.80 1.80 1.81 1.81 1.81 1.81 1.81 1.81 1.82 1.82 1.82 1.82 1.82 1.82 1.83 1.83 1.83 1.83 1.83 1.83 1.83 1.82 1.82 1.82 1.82 1.82 1.82 1.82 1.82 1.81 1.81 1.81 1.81 1.81 1.80 1.80 1.80 1.80 1.80 1.80 1.80 1.79 1.79 1.79 1.79 1.79 1.79 1.79 1.79 1.79 1.79 1.78 1.78 1.78 1.78 1.78 1.78 1.78 1.78 1.78 1.78 1.78
1.78 1.78 1.78 1.79 1.79 1.79 1.79 1.79 1.79 1.79 1.79 1.79 1.79 1.79 1.79 1.79 1.79 1.79 1.80 1.80 1.80 1.80 1.80 1.80 1.80 1.81 1.81 1.81 1.81 1.81 1.81 1.82 1.82 1.82 1.82 1.82 1.82 1.82 1.82 1.82 1.82 1.82 1.82 1.82 1.82 1.82 1.82 1.82 1.82 1.82 1.81 1.81 1.81 1.81 1.81 1.81 1.80 1.80 1.80 1.80 1.80 1.80 1.80 1.79 1.79 1.79 1.79 1.79 1.79 1.79 1.79 1.79 1.79 1.79 1.78 1.78 1.78 1.78 1.78 1.78 1.78 1.78 1.78 1.78
1.79 1.79 1.79 1.79 1.79 1.79 1.79 1.79 1.79 1.79 1.79 1.79 1.79 1.79 1.79 1.79 1.79 1.79 1.80 1.80 1.80 1.80 1.80 1.80 1.80 1.81 1.81 1.81 1.81 1.81 1.81 1.81 1.82 1.82 1.82 1.82 1.82 1.82 1.82 1.82 1.82 1.82 1.82 1.82 1.82 1.82 1.82 1.82 1.81 1.81 1.81 1.81 1.81 1.81 1.81 1.81 1.80 1.80 1.80 1.80 1.80 1.80 1.80 1.79 1.79 1.79 1.79 1.79 1.79 1.79 1.79 1.79 1.79 1.79 1.79 1.79 1.79 1.78 1.78 1.78 1.78 1.78 1.78 1.78
1.79 1.79 1.79 1.79 1.79 1.79 1.79 1.79 1.79 1.79 1.79 1.79 1.79 1.79 1.79 1.79 1.79 1.79 1.80 1.80 1.80 1.80 1.80 1.80 1.80 1.80 1.81 1.81 1.81 1.81 1.81 1.81 1.81 1.82 1.82 1.82 1.82 1.82 1.82 1.82 1.82 1.82 1.82 1.82 1.82 1.82 1.82 1.81 1.81 1.81 1.81 1.81 1.81 1.81 1.81 1.80 1.80 1.80 1.80 1.80 1.80 1.80 1.80 1.79 1.79 1.79 1.79 1.79 1.79 1.79 1.79 1.79 1.79 1.79 1.79 1.79 1.79 1.79 1.79 1.79 1.78 1.78 1.78 1.78
1.79 1.79 1.79 1.79 1.79 1.79 1.79 1.79 1.79 1.79 1.79 1.79 1.79 1.79 1.79 1.79 1.79 1.79 1.80 1.80 1.80 1.80 1.80 1.80 1.80 1.80 1.81 1.81 1.81 1.81 1.81 1.81 1.81 1.81 1.81 1.81 1.82 1.82 1.82 1.82 1.82 1.82 1.82 1.82 1.82 1.81 1.81 1.81 1.81 1.81 1.81 1.81 1.81 1.81 1.81 1.80 1.80 1.80 1.80 1.80 1.80 1.80 1.80 1.79 1.79 1.79 1.79 1.79 1.79 1.79 1.79 1.79 1.79 1.79 1.79 1.79 1.79 1.79 1.79 1.79 1.79 1.79 1.79 1.79
1.79 1.79 1.79 1.79 1.79 1.79 1.79 1.79 1.79 1.79 1.79 1.79 1.79 1.79 1.79 1.79 1.79 1.79 1.80 1.80 1.80 1.80 1.80 1.80 1.80 1.80 1.80 1.81 1.81 1.81 1.81 1.81 1.81 1.81 1.81 1.81 1.81 1.81 1.81 1.81 1.81 1.81 1.81 1.81 1.81 1.81 1.81 1.81 1.81 1.81 1.81 1.81 1.81 1.81 1.80 1.80 1.80 1.80 1.80 1.80 1.80 1.80 1.80 1.79 1.79 1.79 1.79 1.79 1.79 1.79 1.79 1.79 1.79 1.79 1.79 1.79 1.79 1.79 1.79 1.79 1.79 1.79 1.79 1.79
1.79 1.79 1.79 1.79 1.79 1.79 1.79 1.79 1.79 1.79 1.79 1.79 1.79 1.79 1.79 1.79 1.79 1.79 1.80 1.80 1.80 1.80 1.80 1.80 1.80 1.80 1.80 1.81 1.81 1.81 1.81 1.81 1.81 1.81 1.81 1.81 1.81 1.81 1.81 1.81 1.81 1.81 1.81 1.81 1.81 1.81 1.81 1.81 1.81 1.81 1.81 1.81 1.81 1.80 1.80 1.80 1.80 1.80 1.80 1.80 1.80 1.80 1.80 1.79 1.79 1.79 1.79 1.79 1.79 1.79 1.79 1.79 1.79 1.79 1.79 1.79 1.79 1.79 1.79 1.79 1.79 1.79 1.79 1.79
1.79 1.79 1.79 1.79 1.79 1.79 1.79 1.79 1.79 1.79 1.79 1.79 1.79 1.79 1.79 1.79 1.79 1.79 1.80 1.80 1.80 1.80 1.80 1.80 1.80 1.80 1.80 1.80 1.81 1.81 1.81 1.81 1.81 1.81 1.81 1.81 1.81 1.81 1.81 1.81 1.81 1.81 1.81 1.81 1.81 1.81 1.81 1.81 1.81 1.81 1.81 1.81 1.80 1.80 1.80 1.80 1.80 1.80 1.80 1.80 1.80 1.80 1.80 1.79 1.79 1.79 1.79 1.79 1.79 1.79 1.79 1.79 1.79 1.79 1.79 1.79 1.79 1.79 1.79 1.79 1.79 1.79 1.79 1.79
1.79 1.79 1.79 1.79 1.79 1.79 1.79 1.79 1.79 1.79 1.79 1.79 1.79 1.79 1.79 1.79 1.79 1.80 1.80 1.80 1.80 1.80 1.80 1.80 1.80 1.80 1.80 1.80 1.80 1.81 1.81 1.81 1.81 1.81 1.81 1.81 1.81 1.81 1.81 1.81 1.81 1.81 1.81 1.81 1.81 1.81 1.81 1.81 1.81 1.81 1.81 1.80 1.80 1.80 1.80 1.80 1.80 1.80 1.80 1.80 1.80 1.80 1.80 1.79 1.79 1.79 1.79 1.79 1.79 1.79 1.79 1.79 1.79 1.79 1.79 1.79 1.79 1.79 1.79 1.79 1.79 1.79 1.79 1.79
1.79 1.79 1.79 1.79 1.79 1.79 1.79 1.79 1.79 1.79 1.79 1.79 1.79 1.79 1.79 1.79 1.79 1.80 1.80 1.80 1.80 1.80 1.80 1.80 1.80 1.80 1.80 1.80 1.80 1.80 1.81 1.81 1.81 1.81 1.81 1.81 1.81 1.81 1.81 1.81 1.81 1.81 1.81 1.81 1.81 1.81 1.81 1.81 1.81 1.81 1.80 1.80 1.80 1.80 1.80 1.80 1.80 1.80 1.80 1.80 1.80 1.80 1.80 1.80 1.79 1.79 1.79 1.79 1.79 1.79 1.79 1.79 1.79 1.79 1.79 1.79 1.79 1.79 1.79 1.79 1.79 1.79 1.79 1.79
1.79 1.79 1.79 1.79 1.79 1.79 1.79 1.79 1.79 1.79 1.79 1.79 1.79 1.79 1.79 1.79 1.79 1.80 1.80 1.80 1.80 1.80 1.80 1.80 1.80 1.80 1.80 1.80 1.80 1.80 1.80 1.80 1.81 1.81 1.81 1.81 1.81 1.81 1.81 1.81 1.81 1.81 1.81 1.81 1.81 1.81 1.81 1.81 1.80 1.80 1.80 1.80 1.80 1.80 1.80 1.80 1.80 1.80 1.80 1.80 1.80 1.80 1.80 1.80 1.79 1.79 1.79 1.79 1.79 1.79 1.79 1.79 1.79 1.79 1.79 1.79 1.79 1.79 1.79 1.79 1.79 1.79 1.79 1.79
1.79 1.79 1.79 1.79 1.79 1.79 1.79 1.79 1.79 1.79 1.79 1.79 1.79 1.79 1.79 1.79 1.79 1.80 1.80 1.80 1.80 1.80 1.80 1.80 1.80 1.80 1.80 1.80 1.80 1.80 1.80 1.80 1.80 1.80 1.81 1.81 1.81 1.81 1.81 1.81 1.81 1.81 1.81 1.81 1.81 1.81 1.80 1.80 1.80 1.80 1.80 1.80 1.80 1.80 1.80 1.80 1.80 1.80 1.80 1.80 1.80 1.80 1.80 1.80 1.79 1.79 1.79 1.79 1.79 1.79 1.79 1.79 1.79 1.79 1.79 1.79 1.79 1.79 1.79 1.79 1.79 1.79 1.79 1.79
1.79 1.79 1.79 1.79 1.79 1.79 1.79 1.79 1.79 1.79 1.79 1.79 1.79 1.79 1.79 1.79 1.79 1.80 1.80 1.80 1.80 1.80 1.80 1.80 1.80 1.80 1.80 1.80 1.80 1.80 1.80 1.80 1.80 1.80 1.80 1.80 1.80 1.80 1.80 1.81 1.81 1.81 1.80 1.80 1.80 1.80 1.80 1.80 1.80 1.80 1.80 1.80 1.80 1.80 1.80 1.80 1.80 1.80 1.80 1.80 1.80 1.80 1.80 1.79 1.79 1.79 1.79 1.79 1.79 1.79 1.79 1.79 1.79 1.79 1.79 1.79 1.79 1.79 1.79 1.79 1.79 1.79 1.79 1.79
1.79 1.79 1.79 1.79 1.79 1.79 1.79 1.79 1.79 1.79 1.79 1.79 1.79 1.79 1.79 1.79 1.79 1.80 1.80 1.80 1.80 1.80 1.80 1.80 1.80 1.80 1.80 1.80 1.80 1.80 1.80 1.80 1.80 1.80 1.80 1.80 1.80 1.80 1.80 1.80 1.80 1.80 1.80 1.80 1.80 1.80 1.80 1.80 1.80 1.80 1.80 1.80 1.80 1.80 1.80 1.80 1.80 1.80 1.80 1.80 1.80 1.80 1.80 1.79 1.79 1.79 1.79 1.79 1.79 1.79 1.79 1.79 1.79 1.79 1.79 1.79 1.79 1.79 1.79 1.79 1.79 1.79 1.79 1.79
1.79 1.79 1.79 1.79 1.79 1.79 1.79 1.79 1.79 1.79 1.79 1.79 1.79 1.79 1.79 1.79 1.79 1.80 1.80 1.80 1.80 1.80 1.80 1.80 1.80 1.80 1.80 1.80 1.80 1.80 1.80 1.80 1.80 1.80 1.80 1.80 1.80 1.80 1.80 1.80 1.80 1.80 1.80 1.80 1.80 1.80 1.80 1.80 1.80 1.80 1.80 1.80 1.80 1.80 1.80 1.80 1.80 1.80 1.80 1.80 1.80 1.80 1.80 1.79 1.79 1.79 1.79 1.79 1.79 1.79 1.79 1.79 1.79 1.79 1.79 1.79 1.79 1.79 1.79 1.79 1.79 1.79 1.79 1.79
1.79 1.79 1.79 1.79 1.79 1.79 1.79 1.79 1.79 1.79 1.79 1.79 1.79 1.79 1.79 1.79 1.79 1.80 1.80 1.80 1.80 1.80 1.80 1.80 1.80 1.80 1.80 1.80 1.80 1.80 1.80 1.80 1.80 1.80 1.80 1.80 1.80 1.80 1.80 1.80 1.80 1.80 1.80 1.80 1.80 1.80 1.80 1.80 1.80 1.80 1.80 1.80 1.80 1.80 1.80 1.80 1.80 1.80 1.80 1.80 1.80 1.80 1.80 1.79 1.79 1.79 1.79 1.79 1.79 1.79 1.79 1.79 1.79 1.79 1.79 1.79 1.79 1.79 1.79 1.79 1.79 1.79 1.79 1.79
1.79 1.79 1.79 1.79 1.79 1.79 1.79 1.79 1.79 1.79 1.79 1.79 1.79 1.79 1.79 1.79 1.79 1.80 1.80 1.80 1.80 1.80 1.80 1.80 1.80 1.80 1.80 1.80 1.80 1.80 1.80 1.80 1.80 1.80 1.80 1.80 1.80 1.80 1.80 1.80 1.80 1.80 1.80 1.80 1.80 1.80 1.80 1.80 1.80 1.80 1.80 1.80 1.80 1.80 1.80 1.80 1.80 1.80 1.80 1.80 1.80 1.80 1.80 1.79 1.79 1.79 1.79 1.79 1.79 1.79 1.79 1.79 1.79 1.79 1.79 1.79 1.79 1.79 1.79 1.79 1.79 1.79 1.79 1.79
1.79 1.79 1.79 1.79 1.79 1.79 1.79 1.79 1.79 1.79 1.79 1.79 1.79 1.79 1.79 1.79 1.79 1.80 1.80 1.80 1.80 1.80 1.80 1.80 1.80 1.80 1.80 1.80 1.80 1.80 1.80 1.80 1.80 1.80 1.80 1.80 1.80 1.80 1.80 1.80 1.80 1.80 1.80 1.80 1.80 1.80 1.80 1.80 1.80 1.80 1.80 1.80 1.80 1.80 1.80 1.80 1.80 1.80 1.80 1.80 1.80 1.80 1.80 1.79 1.79 1.79 1.79 1.79 1.79 1.79 1.79 1.79 1.79 1.79 1.79 1.79 1.79 1.79 1.79 1.79 1.79 1.79 1.79 1.79
