data/AilsaCraig_180_1_25m_ang.asc
ncols	257
nrows	257
xllcorner	3364200.000000
yllcorner	3669375.000000
cellsize	25.000000
NODATA_value	-1.000000
[rows 84 to 125 of 257, columns 94 to 187 of 257]
180 180 180 180 180 180 180 180 180 180 180 180 180 180 180 180 180 180 180 180 180 180 180 180 180 180 180 180 180 180 180 180 180 180 180 180 180 180 180 180 180 180 180 180 180 180 180 180 180 180 180 180 180 180 180 180 180 180 180 180 180 180 180 180 180 180 180 180 180 180 180 180 180 180 180 180 180 180 180 180 180 180 180 180 180 180 180 180 180 180 180 180 180 180
180 180 180 180 180 180 180 180 180 180 180 180 180 180 180 180 180 180 180 180 180 180 180 180 180 180 180 180 180 180 180 180 180 180 180 180 180 180 180 180 180 180 180 180 180 180 180 180 180 180 180 180 180 180 180 180 180 180 180 180 180 180 180 180 180 180 180 180 180 180 180 180 180 180 180 180 180 180 180 180 180 180 180 180 180 180 180 180 180 180 180 180 180 180
180 180 180 180 180 180 180 180 180 180 180 180 180 180 180 180 180 180 180 180 180 180 180 180 180 180 180 180 180 180 180 180 180 180 180 180 180 180 180 180 180 180 180 180 180 180 180 180 180 180 180 180 180 180 180 180 180 180 180 180 180 180 180 180 180 180 180 180 180 180 180 180 180 180 180 180 180 180 180 180 180 180 180 180 180 180 180 180 180 180 180 180 180 180
180 180 180 180 180 180 180 180 180 180 180 180 180 180 180 180 180 180 180 180 181 181 181 180 180 180 180 180 180 180 180 180 180 180 180 180 180 180 180 180 180 180 180 180 180 180 180 180 180 180 180 180 180 180 180 180 180 180 180 180 180 180 180 180 180 180 180 180 180 180 180 180 180 180 180 180 180 180 180 180 180 180 180 180 180 180 180 180 180 180 180 180 180 180
180 180 180 180 180 180 180 180 180 180 180 180 180 180 180 181 181 181 181 181 181 181 181 181 181 181 181 180 180 180 180 180 180 180 180 180 180 180 180 180 180 180 180 179 179 179 179 179 179 179 179 179 179 179 180 180 180 180 180 180 180 180 180 180 180 180 180 180 180 180 180 180 180 180 180 180 180 180 180 180 180 180 180 180 180 180 180 180 180 180 180 180 180 180
180 180 180 180 180 180 180 180 180 180 180 180 180 181 181 181 181 181 181 181 181 181 181 181 181 181 181 181 180 180 180 180 180 180 180 180 180 180 180 180 180 179 179 179 179 179 179 179 179 179 179 179 179 179 179 179 180 180 180 180 180 180 180 180 180 180 180 180 180 180 180 180 180 180 180 180 180 180 180 180 180 180 180 180 180 180 180 180 180 180 180 180 180 180
180 180 180 180 180 180 180 180 180 180 180 181 181 181 181 181 181 181 181 181 181 181 181 181 181 181 181 181 181 181 180 180 180 180 180 180 180 180 180 180 179 179 179 179 179 179 179 179 179 179 179 179 179 179 179 179 179 179 180 180 180 180 180 180 180 180 180 180 180 180 180 180 180 180 180 180 180 180 180 180 180 180 180 180 180 180 180 180 180 180 180 180 180 180
180 180 180 180 180 180 180 180 180 180 181 181 181 181 181 181 181 181 181 181 181 181 181 181 181 181 181 181 181 181 181 180 180 180 180 180 180 180 180 179 179 179 179 179 179 179 179 179 179 179 179 179 179 179 179 179 179 179 179 179 180 180 180 180 180 180 180 180 180 180 180 180 180 180 180 180 180 180 180 180 180 180 180 180 180 180 180 180 180 180 180 180 180 180
180 180 180 180 180 180 180 180 181 181 181 181 181 181 181 181 181 181 181 181 181 181 181 181 181 181 181 181 181 181 181 180 180 180 180 180 180 180 179 179 179 179 179 179 179 179 179 179 179 179 179 179 179 179 179 179 179 179 179 179 179 179 180 180 180 180 180 180 180 180 180 180 180 180 180 180 180 180 180 180 180 180 180 180 180 180 180 180 180 180 180 180 180 180
180 180 180 180 180 180 180 181 181 181 181 181 181 181 181 181 181 181 181 181 181 181 181 181 181 181 181 181 181 181 181 181 180 180 180 180 180 180 179 179 179 179 179 179 179 179 179 179 179 179 179 179 179 179 179 179 179 179 179 179 179 179 179 180 180 180 180 180 180 180 180 180 180 180 180 180 180 180 180 180 180 180 180 180 180 180 180 180 180 180 180 180 180 180
180 180 180 180 180 180 181 181 181 181 181 181 181 181 181 181 181 181 181 181 181 181 182 182 181 181 181 181 181 181 181 181 180 180 180 180 180 179 179 179 179 179 179 179 179 179 179 179 179 179 179 179 179 179 179 179 179 179 179 179 179 179 179 179 180 180 180 180 180 180 180 180 180 180 180 180 180 180 180 180 180 180 180 180 180 180 180 180 180 180 180 180 180 180
180 180 180 180 180 181 181 181 181 181 181 181 181 181 181 181 181 182 182 182 182 182 182 182 182 182 182 181 181 181 181 181 181 180 180 180 180 179 179 179 179 179 178 178 178 178 178 178 178 178 178 179 179 179 179 179 179 179 179 179 179 179 179 179 179 180 180 180 180 180 180 180 180 180 180 180 180 180 180 180 180 180 180 180 180 180 180 180 180 180 180 180 180 180
180 180 180 180 181 181 181 181 181 181 181 181 181 181 181 182 182 182 182 182 182 182 182 182 182 182 182 182 182 182 181 181 181 180 180 180 179 179 179 179 178 178 178 178 178 178 178 178 178 178 178 178 178 178 179 179 179 179 179 179 179 179 179 179 179 179 180 180 180 180 180 180 180 180 180 180 180 180 180 180 180 180 180 180 180 180 180 180 180 180 180 180 180 180
180 180 180 181 181 181 181 181 181 181 181 181 181 181 182 182 182 182 182 182 182 182 182 182 182 182 182 182 182 182 182 181 181 180 180 180 179 179 179 178 178 178 178 178 178 178 178 178 178 178 178 178 178 178 178 178 179 179 179 179 179 179 179 179 179 179 179 180 180 180 180 180 180 180 180 180 180 180 180 180 180 180 180 180 180 180 180 180 180 180 180 180 180 180
180 180 181 181 181 181 181 181 181 181 181 181 182 182 182 182 182 182 182 182 183 183 183 183 183 183 183 183 183 182 182 182 181 181 180 180 179 179 178 178 178 177 177 177 177 177 177 177 177 178 178 178 178 178 178 178 178 179 179 179 179 179 179 179 179 179 179 179 180 180 180 180 180 180 180 180 180 180 180 180 180 180 180 180 180 180 180 180 180 180 180 180 180 180
180 181 181 181 181 181 181 181 181 181 181 182 182 182 182 182 182 183 183 183 183 183 183 183 183 183 183 183 183 183 183 182 181 181 180 179 179 178 178 177 177 177 177 177 177 177 177 177 177 177 177 177 178 178 178 178 178 178 179 179 179 179 179 179 179 179 179 179 179 180 180 180 180 180 180 180 180 180 180 180 180 180 180 180 180 180 180 180 180 180 180 180 180 180
180 181 181 181 181 181 181 181 181 181 182 182 182 182 182 182 183 183 183 183 183 183 184 184 184 184 184 184 184 184 183 183 182 181 180 179 178 178 177 176 176 176 176 176 176 176 176 176 177 177 177 177 177 178 178 178 178 178 178 178 179 179 179 179 179 179 179 179 179 180 180 180 180 180 180 180 180 180 180 180 180 180 180 180 180 180 180 180 180 180 180 180 180 180
181 181 181 181 181 181 181 181 181 182 182 182 182 182 183 183 183 183 183 183 184 184 184 185 185 185 185 185 185 185 185 184 183 182 180 179 178 177 176 175 175 175 175 175 175 175 176 176 176 176 177 177 177 177 177 178 178 178 178 178 178 179 179 179 179 179 179 179 179 179 180 180 180 180 180 180 180 180 180 180 180 180 180 180 180 180 180 180 180 180 180 180 180 180
181 181 181 181 181 181 181 181 182 182 182 182 182 183 183 183 183 183 184 184 184 184 185 186 186 186 187 187 187 188 187 185 183 182 180 178 176 175 174 174 173 173 174 174 174 175 175 175 176 176 176 176 177 177 177 177 178 178 178 178 178 179 179 179 179 179 179 179 179 179 180 180 180 180 180 180 180 180 180 180 180 180 180 180 180 180 180 180 180 180 180 180 180 180
181 181 181 181 181 181 181 182 182 182 182 182 183 183 183 183 183 184 184 184 184 186 186 187 188 188 188 189 189 190 189 187 185 183 180 177 175 173 172 171 171 172 172 173 173 174 174 174 175 175 176 176 176 177 177 177 177 178 178 178 178 178 179 179 179 179 179 179 179 179 179 180 180 180 180 180 180 180 180 180 180 180 180 180 180 180 180 180 180 180 180 180 180 180
181 181 181 181 181 181 181 182 182 182 182 182 183 183 183 183 184 184 184 185 186 187 187 188 189 190 190 191 192 193 193 191 188 185 180 175 172 169 168 168 168 169 170 171 172 172 173 174 174 175 175 175 176 176 176 177 177 177 178 178 178 178 178 179 179 179 179 179 179 179 179 179 180 180 180 180 180 180 180 180 180 180 180 180 180 180 180 180 180 180 180 180 180 180
181 181 181 181 181 181 182 182 182 182 182 183 183 183 183 184 184 184 185 186 187 188 189 189 190 192 193 194 196 198 200 199 195 189 181 172 165 162 161 162 164 166 167 169 170 171 172 172 173 174 174 175 175 176 176 176 177 177 177 178 178 178 178 178 179 179 179 179 179 179 179 179 180 180 180 180 180 180 180 180 180 180 180 180 180 180 180 180 180 180 180 180 180 180
181 181 181 181 181 182 182 182 182 182 183 183 183 183 184 184 184 185 186 188 188 189 190 190 192 194 196 198 201 205 211 216 213 200 182 162 148 144 148 153 158 162 164 166 168 169 170 171 172 173 174 174 175 175 176 176 176 177 177 177 178 178 178 178 179 179 179 179 179 179 179 179 180 180 180 180 180 180 180 180 180 180 180 180 180 180 180 180 180 180 180 180 180 180
181 181 181 181 181 182 182 182 182 182 183 183 183 184 184 184 185 186 188 188 189 189 191 192 194 196 199 203 207 212 222 235 248 240 164 137 125 126 133 143 151 157 161 163 165 167 168 170 171 172 173 174 174 175 175 176 176 177 177 177 178 178 178 178 178 179 179 179 179 179 179 179 179 180 180 180 180 180 180 180 180 180 180 180 180 180 180 180 180 180 180 180 180 180
181 181 181 181 182 182 182 182 182 183 183 183 183 183 184 185 186 187 188 189 189 190 192 195 196 198 203 207 215 221 224 234 249 237 157 140 137 135 136 142 147 152 157 160 162 165 166 168 169 171 172 173 174 174 175 175 176 176 177 177 177 178 178 178 178 179 179 179 179 179 179 179 179 180 180 180 180 180 180 180 180 180 180 180 180 180 180 180 180 180 180 180 180 180
181 181 181 181 182 182 182 182 183 183 183 183 183 184 185 186 187 188 189 189 190 192 194 196 199 201 206 212 220 225 220 219 214 187 166 151 145 147 153 156 152 150 153 156 159 162 164 166 168 169 171 172 173 174 174 175 176 176 177 177 177 178 178 178 178 178 179 179 179 179 179 179 179 180 180 180 180 180 180 180 180 180 180 180 180 180 180 180 180 180 180 180 180 180
181 181 181 182 182 182 182 182 183 183 183 183 184 184 185 186 187 188 190 190 191 193 196 198 202 206 211 215 217 215 210 210 199 180 170 160 151 153 163 169 161 152 149 150 154 158 161 164 166 168 170 171 172 173 174 175 175 176 176 177 177 177 178 178 178 178 179 179 179 179 179 179 179 179 180 180 180 180 180 180 180 180 180 180 180 180 180 180 180 180 180 180 180 180
181 181 181 182 182 182 182 183 183 183 183 183 184 185 186 187 188 189 191 192 192 195 198 201 205 210 214 214 208 204 203 202 188 176 173 168 163 163 172 173 166 156 147 146 149 154 158 161 164 166 168 170 171 172 173 174 175 176 176 177 177 177 178 178 178 178 179 179 179 179 179 179 179 179 180 180 180 180 180 180 180 180 180 180 180 180 180 180 180 180 180 180 180 180
181 181 181 182 182 182 182 183 183 183 183 183 184 185 187 187 188 190 191 193 194 196 200 205 210 213 213 209 203 198 197 192 183 178 176 173 172 177 182 174 164 158 153 147 145 149 155 159 162 165 167 169 170 172 173 174 175 175 176 176 177 177 177 178 178 178 178 179 179 179 179 179 179 179 180 180 180 180 180 180 180 180 180 180 180 180 180 180 180 180 180 180 180 180
181 181 182 182 182 182 182 183 183 183 183 184 185 186 187 187 189 190 192 194 196 198 203 208 213 215 212 204 197 193 189 185 183 184 182 178 181 190 187 173 159 153 152 146 142 146 150 155 160 163 165 168 170 171 173 174 174 175 176 176 177 177 177 178 178 178 178 179 179 179 179 179 179 179 180 180 180 180 180 180 180 180 180 180 180 180 180 180 180 180 180 180 180 180
181 181 182 182 182 182 183 183 183 183 184 184 185 186 187 188 189 191 193 195 197 201 205 209 212 214 209 198 192 188 183 181 184 190 188 187 193 194 184 170 157 150 148 148 145 144 147 154 159 162 164 167 169 171 172 173 174 175 176 176 177 177 177 178 178 178 178 179 179 179 179 179 179 179 180 180 180 180 180 180 180 180 180 180 180 180 180 180 180 180 180 180 180 180
181 181 182 182 182 182 183 183 183 183 184 185 186 186 187 188 190 191 193 195 199 203 207 210 211 211 206 196 190 185 180 181 189 195 195 195 197 192 178 166 158 153 148 148 149 150 154 154 156 161 163 166 168 170 172 173 174 175 175 176 177 177 177 178 178 178 178 179 179 179 179 179 179 179 180 180 180 180 180 180 180 180 180 180 180 180 180 180 180 180 180 180 180 180
181 182 182 182 182 182 183 183 183 183 184 185 186 186 187 189 190 192 194 197 200 205 209 210 207 206 203 195 188 182 179 185 196 199 197 196 193 189 176 163 158 155 150 149 150 152 157 153 155 160 162 165 167 169 171 173 174 175 175 176 176 177 177 178 178 178 178 179 179 179 179 179 179 179 180 180 180 180 180 180 180 180 180 180 180 180 180 180 180 180 180 180 180 180
181 182 182 182 182 182 183 183 183 184 185 185 186 186 188 189 190 192 195 198 202 206 208 207 203 202 199 193 185 179 178 188 201 201 195 191 188 183 174 166 159 157 153 151 151 149 152 153 153 157 162 164 167 169 171 172 174 175 175 176 176 177 177 178 178 178 178 179 179 179 179 179 179 179 180 180 180 180 180 180 180 180 180 180 180 180 180 180 180 180 180 180 180 180
181 182 182 182 182 182 183 183 183 184 185 185 186 187 188 189 191 193 195 199 203 205 206 205 203 200 196 190 183 177 178 189 200 199 192 188 184 175 172 173 163 156 155 153 154 152 152 155 153 156 161 164 167 168 171 172 173 174 175 176 176 177 177 178 178 178 178 179 179 179 179 179 179 179 180 180 180 180 180 180 180 180 180 180 180 180 180 180 180 180 180 180 180 180
181 182 182 182 182 182 183 183 183 184 185 185 186 187 188 189 191 193 195 198 201 202 202 204 204 200 195 188 182 179 181 189 195 194 190 188 182 175 173 174 167 160 157 155 158 157 155 158 155 156 160 163 166 168 170 172 173 174 175 176 177 177 177 178 178 178 178 179 179 179 179 179 179 179 180 180 180 180 180 180 180 180 180 180 180 180 180 180 180 180 180 180 180 180
181 182 182 182 182 183 183 183 184 184 185 185 186 187 188 189 191 193 195 198 198 198 197 199 200 199 194 187 184 183 185 188 189 189 189 187 181 176 174 170 167 167 160 155 158 160 159 160 157 153 157 163 166 169 170 172 173 174 175 176 177 177 177 178 178 178 179 179 179 179 179 179 179 179 180 180 180 180 180 180 180 180 180 180 180 180 180 180 180 180 180 180 180 180
181 182 182 182 182 183 183 183 184 184 185 186 186 187 188 190 191 193 195 196 195 194 193 193 195 195 193 188 187 188 188 187 186 186 187 185 181 176 173 170 167 166 162 158 159 161 165 167 162 155 157 163 166 169 170 172 173 175 175 176 177 177 178 178 178 178 179 179 179 179 179 179 179 180 180 180 180 180 180 180 180 180 180 180 180 180 180 180 180 180 180 180 180 180
181 182 182 182 182 183 183 183 184 184 185 186 187 188 189 190 191 193 195 194 191 191 190 189 189 191 193 191 189 189 187 185 184 184 183 182 180 177 174 171 168 164 163 164 165 165 168 173 169 162 161 163 166 169 171 172 174 175 175 176 177 177 178 178 178 178 179 179 179 179 179 179 179 180 180 180 180 180 180 180 180 180 180 180 180 180 180 180 180 180 180 180 180 180
181 182 182 182 182 183 183 183 184 185 185 186 187 188 189 190 192 193 194 192 189 189 189 189 188 189 192 193 191 189 185 183 183 182 181 180 179 178 176 172 168 166 166 168 169 169 170 173 172 165 162 162 165 169 172 172 173 175 176 176 177 177 178 178 178 179 179 179 179 179 179 179 180 180 180 180 180 180 180 180 180 180 180 180 180 180 180 180 180 180 180 180 180 180
181 182 182 182 182 183 183 183 184 185 185 186 187 188 189 190 192 194 194 192 190 188 189 192 191 189 190 190 189 187 184 182 182 181 179 178 178 178 177 173 171 170 171 172 173 173 174 175 175 171 161 160 165 169 172 173 174 175 176 176 177 178 178 178 179 179 179 179 179 179 179 179 180 180 180 180 180 180 180 180 180 180 180 180 180 180 180 180 180 180 180 180 180 180
181 182 182 182 182 182 183 183 184 185 185 186 187 188 190 191 193 195 196 194 192 189 189 192 192 189 187 185 184 183 182 181 179 179 178 177 177 178 178 177 174 174 175 176 176 175 176 176 178 177 171 166 167 169 172 174 174 175 176 177 177 178 178 178 179 179 179 179 179 179 179 180 180 180 180 180 180 180 180 180 180 180 180 180 180 180 180 180 180 180 180 180 180 180
