data/AilsaCraig_270_1_25m_vel_10m.asc
ncols	257
nrows	257
xllcorner	3364200.000000
yllcorner	3669375.000000
cellsize	25.000000
NODATA_value	-1.000000
[rows 114 to 151 of 257, columns 84 to 167 of 257]
2.06 2.05 2.05 2.05 2.04 2.04 2.03 2.02 2.02 2.01 2.00 1.99 1.98 1.97 1.96 1.95 1.94 1.93 1.93 1.93 1.92 1.89 1.84 1.80 1.80 1.78 1.74 1.71 1.69 1.66 1.63 1.59 1.58 1.59 1.64 1.65 1.45 1.22 1.37 1.65 2.36 4.24 4.53 2.99 2.47 3.02 2.69 1.65 1.33 1.45 1.63 1.78 2.00 2.18 2.10 1.80 1.69 1.66 1.65 1.68 1.70 1.72 1.75 1.77 1.80 1.83 1.85 1.87 1.89 1.90 1.92 1.93 1.94 1.95 1.96 1.97 1.98 1.99 2.00 2.01 2.02 2.02 2.03 2.03
2.05 2.05 2.05 2.04 2.04 2.03 2.03 2.02 2.01 2.00 2.00 1.99 1.98 1.97 1.96 1.94 1.93 1.92 1.92 1.92 1.90 1.86 1.81 1.78 1.78 1.74 1.70 1.67 1.64 1.60 1.56 1.51 1.49 1.53 1.61 1.66 1.44 1.17 1.36 1.63 2.58 4.47 4.45 2.81 2.67 3.06 2.57 2.03 1.69 1.63 1.78 1.88 2.05 2.22 2.23 1.96 1.59 1.50 1.58 1.61 1.63 1.66 1.69 1.73 1.76 1.79 1.82 1.85 1.87 1.89 1.90 1.92 1.93 1.94 1.96 1.97 1.98 1.99 2.00 2.00 2.01 2.02 2.03 2.03
2.05 2.05 2.05 2.04 2.04 2.03 2.02 2.02 2.01 2.00 1.99 1.98 1.97 1.96 1.95 1.93 1.92 1.92 1.91 1.90 1.87 1.83 1.78 1.77 1.75 1.70 1.66 1.61 1.58 1.54 1.48 1.45 1.44 1.49 1.58 1.65 1.45 1.23 1.43 1.72 2.86 4.50 4.32 2.89 2.91 3.12 2.57 2.36 2.19 1.87 1.90 1.99 2.11 2.21 2.24 1.99 1.42 1.38 1.50 1.51 1.56 1.59 1.63 1.68 1.72 1.76 1.79 1.82 1.85 1.87 1.89 1.91 1.92 1.93 1.95 1.96 1.97 1.98 1.99 2.00 2.01 2.02 2.02 2.03
2.05 2.05 2.04 2.04 2.03 2.03 2.02 2.01 2.00 1.99 1.98 1.97 1.96 1.95 1.94 1.93 1.92 1.91 1.90 1.88 1.84 1.80 1.77 1.75 1.71 1.66 1.61 1.56 1.51 1.46 1.40 1.38 1.43 1.49 1.56 1.60 1.45 1.35 1.54 1.91 3.04 4.36 4.24 3.26 3.18 3.17 2.63 2.48 2.56 2.17 1.96 2.02 2.12 2.19 2.14 2.04 1.59 1.33 1.35 1.42 1.47 1.53 1.57 1.62 1.68 1.72 1.76 1.80 1.83 1.85 1.87 1.89 1.91 1.92 1.94 1.95 1.96 1.97 1.99 1.99 2.00 2.01 2.02 2.03
2.05 2.05 2.04 2.04 2.03 2.02 2.02 2.01 2.00 1.99 1.98 1.97 1.96 1.94 1.93 1.92 1.91 1.90 1.89 1.86 1.82 1.78 1.75 1.71 1.67 1.62 1.56 1.51 1.44 1.37 1.32 1.32 1.42 1.53 1.60 1.55 1.45 1.47 1.70 2.12 3.09 4.06 4.13 3.64 3.40 3.18 2.78 2.63 2.64 2.33 2.09 2.09 2.09 2.17 2.09 2.05 1.85 1.28 1.23 1.33 1.38 1.46 1.51 1.56 1.62 1.68 1.73 1.77 1.81 1.84 1.86 1.88 1.90 1.91 1.93 1.94 1.96 1.97 1.98 1.99 2.00 2.01 2.02 2.02
2.05 2.04 2.04 2.03 2.03 2.02 2.01 2.00 1.99 1.98 1.97 1.96 1.95 1.94 1.92 1.91 1.90 1.89 1.87 1.83 1.79 1.76 1.73 1.68 1.63 1.58 1.51 1.44 1.36 1.26 1.23 1.29 1.41 1.59 1.68 1.58 1.52 1.61 1.85 2.30 3.04 3.70 3.90 3.75 3.49 3.19 2.94 2.82 2.61 2.33 2.33 2.21 2.03 2.14 2.09 1.96 1.88 1.37 1.13 1.20 1.28 1.37 1.45 1.50 1.57 1.64 1.70 1.75 1.79 1.82 1.84 1.87 1.89 1.91 1.92 1.94 1.95 1.96 1.97 1.99 2.00 2.01 2.01 2.02
2.05 2.04 2.04 2.03 2.03 2.02 2.01 2.00 1.99 1.98 1.97 1.95 1.94 1.93 1.92 1.90 1.89 1.88 1.86 1.81 1.77 1.75 1.70 1.64 1.59 1.54 1.46 1.38 1.28 1.16 1.13 1.22 1.36 1.61 1.72 1.67 1.68 1.76 1.95 2.39 2.96 3.41 3.67 3.67 3.45 3.22 3.07 2.89 2.59 2.39 2.42 2.30 2.06 2.12 2.06 1.89 1.87 1.49 1.02 1.07 1.19 1.28 1.38 1.44 1.51 1.60 1.66 1.71 1.76 1.80 1.83 1.85 1.88 1.90 1.91 1.93 1.94 1.96 1.97 1.98 1.99 2.00 2.01 2.02
2.05 2.04 2.04 2.03 2.02 2.02 2.01 2.00 1.99 1.97 1.96 1.95 1.94 1.92 1.91 1.90 1.88 1.87 1.84 1.79 1.75 1.72 1.67 1.60 1.56 1.49 1.40 1.31 1.19 1.07 1.07 1.14 1.28 1.52 1.67 1.75 1.84 1.86 2.00 2.41 2.89 3.26 3.49 3.49 3.34 3.22 3.12 2.92 2.62 2.43 2.39 2.34 2.24 2.13 2.01 1.88 1.79 1.51 1.05 1.02 1.11 1.19 1.30 1.39 1.46 1.55 1.63 1.68 1.73 1.78 1.81 1.84 1.87 1.89 1.91 1.92 1.94 1.95 1.97 1.98 1.99 2.00 2.01 2.02
2.04 2.04 2.03 2.03 2.02 2.01 2.00 1.99 1.98 1.97 1.96 1.94 1.93 1.91 1.90 1.89 1.88 1.86 1.82 1.77 1.73 1.70 1.64 1.57 1.52 1.45 1.35 1.24 1.11 1.00 0.99 1.07 1.23 1.42 1.55 1.74 1.92 1.93 2.02 2.42 2.84 3.16 3.34 3.30 3.19 3.15 3.10 2.92 2.63 2.45 2.40 2.39 2.33 2.13 1.93 1.80 1.62 1.37 1.10 0.96 0.99 1.08 1.21 1.33 1.42 1.50 1.59 1.65 1.71 1.76 1.80 1.83 1.86 1.88 1.90 1.92 1.93 1.95 1.96 1.97 1.99 2.00 2.00 2.01
2.04 2.04 2.03 2.03 2.02 2.01 2.00 1.99 1.98 1.96 1.95 1.94 1.92 1.91 1.89 1.88 1.87 1.84 1.80 1.74 1.71 1.68 1.61 1.54 1.48 1.40 1.30 1.17 1.05 0.97 0.93 0.99 1.21 1.39 1.46 1.65 1.90 1.96 2.07 2.45 2.81 3.07 3.20 3.15 3.05 3.04 3.03 2.88 2.63 2.47 2.45 2.42 2.30 2.06 1.83 1.67 1.48 1.31 1.14 0.89 0.86 0.97 1.13 1.27 1.38 1.45 1.54 1.62 1.68 1.74 1.78 1.82 1.85 1.87 1.89 1.91 1.93 1.94 1.96 1.97 1.98 1.99 2.00 2.01
2.04 2.04 2.03 2.02 2.01 2.01 2.00 1.99 1.97 1.96 1.95 1.93 1.92 1.90 1.89 1.87 1.86 1.83 1.77 1.72 1.69 1.65 1.58 1.51 1.44 1.35 1.25 1.12 1.02 0.95 0.89 0.93 1.18 1.39 1.46 1.58 1.81 1.93 2.11 2.51 2.79 2.97 3.08 3.02 2.92 2.91 2.92 2.80 2.63 2.52 2.48 2.40 2.20 1.94 1.73 1.58 1.39 1.23 1.12 0.98 0.82 0.89 1.04 1.20 1.34 1.41 1.50 1.59 1.66 1.72 1.77 1.80 1.84 1.86 1.89 1.91 1.92 1.94 1.95 1.97 1.98 1.99 2.00 2.01
2.04 2.03 2.03 2.02 2.01 2.00 1.99 1.98 1.97 1.96 1.94 1.93 1.91 1.90 1.88 1.87 1.85 1.81 1.75 1.70 1.67 1.62 1.55 1.48 1.40 1.31 1.19 1.09 1.02 0.95 0.88 0.91 1.12 1.36 1.48 1.57 1.74 1.85 2.10 2.53 2.76 2.89 2.97 2.90 2.80 2.81 2.80 2.70 2.58 2.55 2.48 2.33 2.07 1.82 1.66 1.52 1.34 1.17 1.09 1.02 0.87 0.80 0.94 1.13 1.29 1.38 1.46 1.56 1.64 1.70 1.75 1.80 1.83 1.86 1.88 1.90 1.92 1.94 1.95 1.96 1.98 1.99 2.00 2.01
2.04 2.03 2.03 2.02 2.01 2.00 1.99 1.98 1.97 1.95 1.94 1.92 1.91 1.89 1.88 1.86 1.84 1.79 1.73 1.68 1.65 1.60 1.52 1.45 1.36 1.26 1.12 1.04 1.03 0.98 0.91 0.93 1.07 1.30 1.47 1.59 1.72 1.81 2.09 2.53 2.74 2.86 2.90 2.79 2.72 2.75 2.72 2.57 2.50 2.56 2.51 2.27 1.96 1.75 1.64 1.48 1.30 1.14 1.05 1.02 0.89 0.74 0.85 1.07 1.23 1.35 1.44 1.52 1.61 1.68 1.74 1.79 1.82 1.85 1.88 1.90 1.92 1.93 1.95 1.96 1.97 1.99 2.00 2.01
2.04 2.03 2.03 2.02 2.01 2.00 1.99 1.98 1.96 1.95 1.93 1.92 1.90 1.88 1.87 1.86 1.83 1.78 1.71 1.66 1.63 1.57 1.49 1.41 1.32 1.21 1.07 0.98 1.02 1.02 0.98 0.99 1.08 1.26 1.43 1.60 1.72 1.82 2.14 2.54 2.74 2.85 2.84 2.73 2.68 2.72 2.65 2.44 2.41 2.56 2.56 2.29 1.96 1.79 1.66 1.46 1.27 1.13 1.02 0.98 0.93 0.80 0.80 0.99 1.18 1.32 1.42 1.50 1.59 1.67 1.73 1.78 1.82 1.85 1.87 1.89 1.91 1.93 1.95 1.96 1.97 1.98 2.00 2.00
2.04 2.03 2.02 2.02 2.01 2.00 1.99 1.97 1.96 1.94 1.93 1.91 1.90 1.88 1.87 1.85 1.82 1.76 1.68 1.64 1.61 1.54 1.45 1.37 1.27 1.15 1.02 0.95 0.99 1.03 1.05 1.08 1.14 1.25 1.42 1.63 1.70 1.83 2.23 2.58 2.78 2.85 2.79 2.70 2.70 2.71 2.55 2.34 2.37 2.52 2.56 2.39 2.10 1.90 1.71 1.45 1.27 1.12 0.99 0.94 0.94 0.89 0.80 0.92 1.12 1.28 1.40 1.48 1.57 1.65 1.72 1.77 1.81 1.84 1.87 1.89 1.91 1.93 1.94 1.96 1.97 1.98 1.99 2.00
2.04 2.03 2.02 2.01 2.01 1.99 1.98 1.97 1.96 1.94 1.93 1.91 1.89 1.88 1.86 1.85 1.80 1.73 1.66 1.63 1.59 1.50 1.42 1.34 1.22 1.08 0.96 0.94 0.96 1.01 1.13 1.19 1.20 1.28 1.45 1.65 1.71 1.88 2.33 2.64 2.82 2.84 2.75 2.68 2.72 2.68 2.44 2.29 2.35 2.43 2.52 2.53 2.31 2.04 1.78 1.49 1.29 1.10 0.94 0.91 0.93 0.94 0.87 0.88 1.06 1.25 1.39 1.48 1.55 1.64 1.71 1.76 1.81 1.84 1.87 1.89 1.91 1.93 1.94 1.96 1.97 1.98 1.99 2.00
2.04 2.03 2.02 2.01 2.00 1.99 1.98 1.97 1.95 1.94 1.92 1.91 1.89 1.87 1.86 1.84 1.78 1.71 1.65 1.62 1.56 1.47 1.39 1.30 1.17 1.01 0.90 0.92 0.94 1.00 1.18 1.27 1.27 1.35 1.51 1.66 1.77 2.00 2.40 2.69 2.83 2.81 2.70 2.67 2.73 2.66 2.38 2.27 2.30 2.32 2.47 2.61 2.46 2.12 1.82 1.54 1.33 1.09 0.89 0.90 0.93 0.96 0.94 0.89 1.02 1.22 1.37 1.48 1.54 1.62 1.71 1.76 1.80 1.84 1.87 1.89 1.91 1.93 1.94 1.96 1.97 1.98 1.99 2.00
2.03 2.03 2.02 2.01 2.00 1.99 1.98 1.97 1.95 1.94 1.92 1.90 1.89 1.87 1.86 1.83 1.77 1.69 1.64 1.61 1.53 1.44 1.35 1.25 1.12 0.93 0.84 0.90 0.94 1.02 1.23 1.33 1.34 1.44 1.59 1.72 1.88 2.16 2.50 2.73 2.84 2.80 2.69 2.66 2.72 2.67 2.41 2.25 2.23 2.26 2.45 2.64 2.49 2.13 1.84 1.59 1.37 1.09 0.90 0.91 0.93 0.97 0.99 0.95 1.01 1.19 1.36 1.47 1.55 1.62 1.70 1.76 1.80 1.84 1.87 1.89 1.91 1.93 1.94 1.96 1.97 1.98 1.99 2.00
2.03 2.03 2.02 2.01 2.00 1.99 1.98 1.96 1.95 1.93 1.92 1.90 1.89 1.87 1.85 1.82 1.75 1.67 1.63 1.59 1.51 1.42 1.32 1.20 1.07 0.86 0.77 0.86 0.94 1.06 1.28 1.39 1.42 1.53 1.70 1.86 2.05 2.35 2.62 2.78 2.84 2.80 2.70 2.65 2.72 2.72 2.49 2.24 2.20 2.28 2.48 2.62 2.43 2.09 1.85 1.65 1.42 1.11 0.95 0.94 0.93 0.97 1.02 1.03 1.05 1.19 1.35 1.47 1.56 1.62 1.69 1.76 1.80 1.83 1.87 1.89 1.91 1.93 1.94 1.96 1.97 1.98 1.99 2.00
2.03 2.03 2.02 2.01 2.00 1.99 1.98 1.96 1.95 1.93 1.92 1.90 1.88 1.87 1.85 1.81 1.74 1.66 1.62 1.57 1.48 1.39 1.29 1.15 1.00 0.82 0.73 0.82 0.93 1.09 1.34 1.47 1.51 1.64 1.83 2.03 2.27 2.53 2.73 2.82 2.85 2.81 2.71 2.65 2.72 2.75 2.56 2.29 2.25 2.34 2.48 2.53 2.36 2.09 1.87 1.71 1.46 1.15 0.98 0.94 0.94 0.98 1.04 1.09 1.13 1.22 1.35 1.47 1.56 1.62 1.69 1.75 1.80 1.84 1.87 1.89 1.91 1.93 1.94 1.96 1.97 1.98 1.99 2.00
2.03 2.03 2.02 2.01 2.00 1.99 1.98 1.96 1.95 1.93 1.92 1.90 1.89 1.87 1.84 1.80 1.72 1.66 1.62 1.55 1.46 1.36 1.25 1.10 0.91 0.77 0.73 0.80 0.91 1.11 1.38 1.55 1.62 1.76 1.99 2.24 2.49 2.68 2.81 2.86 2.85 2.80 2.70 2.67 2.74 2.75 2.58 2.40 2.37 2.38 2.40 2.40 2.34 2.14 1.94 1.78 1.54 1.23 1.01 0.92 0.92 0.99 1.05 1.13 1.21 1.28 1.36 1.47 1.56 1.63 1.69 1.75 1.81 1.84 1.87 1.90 1.91 1.93 1.95 1.96 1.97 1.98 2.00 2.00
2.03 2.03 2.02 2.01 2.00 1.99 1.98 1.96 1.95 1.93 1.92 1.90 1.89 1.87 1.84 1.79 1.71 1.65 1.61 1.53 1.45 1.34 1.21 1.05 0.83 0.70 0.72 0.80 0.91 1.10 1.39 1.62 1.75 1.91 2.18 2.47 2.67 2.78 2.86 2.87 2.84 2.78 2.71 2.71 2.75 2.70 2.57 2.53 2.48 2.35 2.29 2.33 2.35 2.20 2.00 1.86 1.65 1.37 1.11 0.93 0.91 1.00 1.07 1.17 1.28 1.35 1.41 1.48 1.56 1.64 1.69 1.75 1.81 1.84 1.87 1.90 1.92 1.93 1.95 1.96 1.97 1.99 2.00 2.01
2.03 2.03 2.02 2.01 2.00 1.99 1.98 1.96 1.95 1.93 1.92 1.90 1.89 1.86 1.83 1.78 1.71 1.66 1.61 1.52 1.43 1.33 1.18 1.00 0.76 0.62 0.69 0.81 0.93 1.12 1.40 1.66 1.86 2.08 2.40 2.67 2.78 2.82 2.86 2.87 2.83 2.76 2.71 2.72 2.72 2.63 2.59 2.62 2.50 2.26 2.19 2.30 2.37 2.25 2.06 1.91 1.73 1.49 1.22 0.99 0.95 1.04 1.10 1.22 1.34 1.41 1.46 1.51 1.57 1.64 1.71 1.76 1.81 1.85 1.88 1.90 1.92 1.94 1.95 1.96 1.98 1.99 2.00 2.01
2.03 2.03 2.02 2.01 2.00 1.99 1.98 1.97 1.95 1.94 1.92 1.91 1.89 1.86 1.82 1.78 1.72 1.66 1.60 1.51 1.42 1.31 1.15 0.95 0.71 0.57 0.67 0.82 0.96 1.17 1.42 1.71 1.97 2.27 2.58 2.77 2.82 2.83 2.86 2.86 2.81 2.74 2.69 2.70 2.66 2.59 2.64 2.66 2.42 2.15 2.13 2.28 2.39 2.30 2.11 1.95 1.78 1.55 1.28 1.05 1.03 1.10 1.15 1.27 1.39 1.46 1.50 1.55 1.59 1.65 1.72 1.77 1.82 1.86 1.89 1.91 1.93 1.94 1.95 1.97 1.98 1.99 2.00 2.01
2.03 2.03 2.02 2.01 2.00 1.99 1.98 1.97 1.95 1.94 1.92 1.91 1.89 1.86 1.82 1.78 1.73 1.67 1.60 1.52 1.42 1.30 1.13 0.90 0.67 0.58 0.68 0.82 0.98 1.20 1.48 1.80 2.13 2.43 2.68 2.79 2.82 2.83 2.86 2.84 2.79 2.72 2.67 2.66 2.59 2.56 2.66 2.61 2.28 2.06 2.09 2.25 2.39 2.33 2.16 2.00 1.82 1.60 1.32 1.11 1.12 1.18 1.22 1.32 1.44 1.49 1.54 1.58 1.62 1.67 1.73 1.79 1.83 1.87 1.89 1.91 1.93 1.94 1.96 1.97 1.98 1.99 2.00 2.01
2.03 2.03 2.02 2.01 2.00 1.99 1.98 1.97 1.96 1.94 1.93 1.91 1.89 1.86 1.83 1.79 1.74 1.68 1.60 1.52 1.43 1.30 1.12 0.86 0.63 0.62 0.72 0.82 1.02 1.24 1.54 1.97 2.31 2.55 2.72 2.79 2.82 2.84 2.85 2.82 2.76 2.71 2.68 2.62 2.51 2.51 2.62 2.50 2.15 2.00 2.06 2.24 2.38 2.34 2.20 2.06 1.87 1.65 1.34 1.16 1.20 1.27 1.30 1.39 1.48 1.52 1.55 1.60 1.65 1.70 1.76 1.81 1.85 1.88 1.90 1.92 1.93 1.95 1.96 1.97 1.99 2.00 2.00 2.01
2.04 2.03 2.02 2.01 2.01 1.99 1.98 1.97 1.96 1.95 1.93 1.91 1.89 1.87 1.84 1.80 1.75 1.69 1.62 1.54 1.44 1.32 1.15 0.88 0.68 0.72 0.78 0.85 1.12 1.33 1.69 2.15 2.44 2.61 2.75 2.81 2.83 2.83 2.83 2.81 2.76 2.76 2.75 2.58 2.37 2.41 2.52 2.40 2.13 1.99 2.03 2.23 2.39 2.35 2.25 2.12 1.92 1.67 1.37 1.21 1.28 1.36 1.39 1.45 1.51 1.54 1.57 1.64 1.70 1.74 1.79 1.83 1.87 1.89 1.91 1.92 1.94 1.95 1.97 1.98 1.99 2.00 2.01 2.02
2.04 2.03 2.02 2.02 2.01 2.00 1.99 1.97 1.96 1.95 1.93 1.92 1.90 1.87 1.84 1.81 1.76 1.71 1.65 1.56 1.46 1.35 1.21 1.01 0.86 0.83 0.87 0.97 1.24 1.52 1.90 2.27 2.49 2.65 2.80 2.84 2.82 2.81 2.84 2.85 2.82 2.86 2.84 2.48 2.14 2.24 2.35 2.29 2.17 2.01 2.03 2.26 2.40 2.38 2.31 2.19 1.98 1.70 1.42 1.28 1.36 1.45 1.47 1.51 1.54 1.56 1.61 1.68 1.74 1.77 1.81 1.86 1.88 1.90 1.92 1.93 1.94 1.96 1.97 1.98 1.99 2.00 2.01 2.02
2.04 2.03 2.02 2.02 2.01 2.00 1.99 1.98 1.97 1.95 1.94 1.92 1.90 1.88 1.85 1.82 1.78 1.73 1.67 1.59 1.49 1.40 1.30 1.16 1.05 1.04 1.02 1.11 1.34 1.70 2.07 2.31 2.48 2.70 2.87 2.87 2.80 2.79 2.86 2.93 2.95 3.00 2.89 2.31 1.91 2.08 2.14 2.13 2.15 2.02 2.06 2.29 2.41 2.41 2.38 2.27 2.05 1.75 1.46 1.37 1.45 1.53 1.54 1.54 1.56 1.60 1.66 1.72 1.77 1.80 1.84 1.88 1.90 1.91 1.93 1.94 1.95 1.96 1.98 1.99 2.00 2.01 2.01 2.02
2.04 2.03 2.03 2.02 2.01 2.00 1.99 1.98 1.97 1.96 1.94 1.93 1.91 1.89 1.86 1.83 1.80 1.75 1.69 1.62 1.55 1.46 1.38 1.27 1.19 1.18 1.18 1.21 1.43 1.82 2.15 2.30 2.48 2.76 2.92 2.87 2.79 2.79 2.90 3.04 3.13 3.14 2.86 2.13 1.81 1.96 1.94 1.95 2.02 1.99 2.10 2.32 2.40 2.42 2.42 2.34 2.13 1.80 1.50 1.47 1.55 1.60 1.59 1.56 1.61 1.67 1.71 1.76 1.80 1.83 1.86 1.90 1.91 1.92 1.93 1.94 1.96 1.97 1.99 1.99 2.00 2.01 2.02 2.02
2.04 2.03 2.03 2.02 2.01 2.01 2.00 1.99 1.97 1.96 1.95 1.93 1.92 1.90 1.87 1.85 1.81 1.77 1.72 1.67 1.60 1.53 1.45 1.37 1.31 1.27 1.24 1.21 1.45 1.85 2.17 2.31 2.52 2.81 2.93 2.87 2.82 2.83 2.94 3.17 3.34 3.22 2.67 1.97 1.78 1.85 1.81 1.79 1.84 1.90 2.10 2.32 2.40 2.43 2.46 2.39 2.20 1.85 1.56 1.56 1.64 1.65 1.62 1.62 1.67 1.72 1.75 1.79 1.84 1.86 1.88 1.91 1.93 1.93 1.94 1.95 1.97 1.98 1.99 2.00 2.00 2.01 2.02 2.03
2.04 2.04 2.03 2.02 2.02 2.01 2.00 1.99 1.98 1.97 1.95 1.94 1.92 1.91 1.89 1.86 1.83 1.79 1.75 1.71 1.65 1.59 1.53 1.46 1.42 1.36 1.33 1.20 1.13 1.90 2.19 2.35 2.58 2.80 2.88 2.87 2.87 2.89 3.00 3.34 3.55 3.17 2.36 1.85 1.76 1.78 1.70 1.63 1.67 1.80 2.05 2.28 2.38 2.44 2.47 2.44 2.26 1.91 1.64 1.64 1.70 1.68 1.66 1.69 1.73 1.76 1.79 1.83 1.86 1.88 1.91 1.93 1.93 1.94 1.95 1.97 1.98 1.99 2.00 2.00 2.01 2.02 2.02 2.03
2.04 2.04 2.03 2.03 2.02 2.01 2.00 1.99 1.98 1.97 1.96 1.95 1.93 1.92 1.90 1.88 1.85 1.82 1.79 1.75 1.70 1.65 1.60 1.55 1.50 1.46 1.43 1.37 1.47 1.90 2.20 2.35 2.62 2.75 2.81 2.86 2.92 2.96 3.05 3.50 3.68 2.96 2.07 1.78 1.68 1.66 1.55 1.44 1.52 1.72 1.96 2.19 2.34 2.42 2.47 2.46 2.31 2.00 1.76 1.71 1.74 1.73 1.73 1.76 1.78 1.80 1.82 1.85 1.89 1.91 1.93 1.94 1.94 1.95 1.97 1.98 1.99 1.99 2.00 2.01 2.01 2.02 2.03 2.03
2.04 2.04 2.03 2.03 2.02 2.02 2.01 2.00 1.99 1.98 1.97 1.96 1.94 1.93 1.91 1.89 1.87 1.85 1.82 1.78 1.75 1.71 1.67 1.63 1.59 1.56 1.53 1.58 1.72 1.81 2.02 2.35 2.59 2.70 2.75 2.84 2.96 3.03 3.14 3.63 3.68 2.74 2.02 1.78 1.58 1.50 1.30 1.18 1.43 1.66 1.82 2.06 2.26 2.35 2.42 2.46 2.35 2.08 1.86 1.78 1.78 1.79 1.79 1.81 1.83 1.84 1.85 1.88 1.91 1.94 1.94 1.94 1.95 1.96 1.98 1.99 1.99 2.00 2.00 2.01 2.02 2.02 2.03 2.03
2.05 2.04 2.04 2.03 2.03 2.02 2.01 2.00 1.99 1.99 1.97 1.96 1.95 1.94 1.92 1.91 1.89 1.87 1.84 1.82 1.79 1.76 1.73 1.69 1.66 1.64 1.64 1.68 1.72 1.76 1.83 2.19 2.53 2.65 2.72 2.82 2.99 3.13 3.33 3.72 3.60 2.78 2.26 1.97 1.64 1.42 1.15 1.08 1.39 1.64 1.70 1.94 2.14 2.21 2.32 2.42 2.36 2.14 1.92 1.84 1.84 1.84 1.85 1.85 1.87 1.87 1.87 1.91 1.94 1.95 1.94 1.95 1.97 1.98 1.99 1.99 2.00 2.00 2.01 2.02 2.02 2.03 2.03 2.04
2.05 2.04 2.04 2.03 2.03 2.02 2.02 2.01 2.00 1.99 1.98 1.97 1.96 1.95 1.94 1.92 1.91 1.89 1.87 1.85 1.83 1.80 1.78 1.76 1.73 1.72 1.73 1.74 1.77 1.81 1.84 1.96 2.35 2.58 2.69 2.83 3.01 3.24 3.55 3.72 3.38 2.82 2.54 2.21 1.80 1.51 1.25 1.21 1.46 1.66 1.72 1.88 2.01 2.05 2.18 2.33 2.32 2.15 1.97 1.90 1.90 1.89 1.89 1.89 1.90 1.89 1.90 1.94 1.96 1.95 1.96 1.97 1.98 1.99 1.99 2.00 2.00 2.01 2.02 2.02 2.03 2.03 2.04 2.04
2.05 2.05 2.04 2.04 2.03 2.03 2.02 2.01 2.01 2.00 1.99 1.98 1.97 1.96 1.95 1.94 1.92 1.91 1.89 1.88 1.86 1.84 1.83 1.81 1.80 1.79 1.79 1.81 1.83 1.86 1.90 1.98 2.10 2.42 2.68 2.85 3.02 3.28 3.66 3.65 3.06 2.73 2.69 2.35 1.93 1.63 1.42 1.43 1.58 1.71 1.80 1.88 1.94 1.97 2.09 2.23 2.24 2.13 2.01 1.95 1.94 1.93 1.92 1.93 1.92 1.91 1.93 1.96 1.97 1.96 1.97 1.98 1.99 2.00 2.00 2.00 2.01 2.01 2.02 2.02 2.03 2.03 2.04 2.04
2.05 2.05 2.04 2.04 2.04 2.03 2.02 2.02 2.01 2.00 2.00 1.99 1.98 1.97 1.96 1.95 1.94 1.93 1.92 1.90 1.89 1.88 1.87 1.86 1.85 1.85 1.85 1.86 1.88 1.92 1.96 2.01 2.07 2.24 2.64 2.86 2.97 3.15 3.58 3.61 2.98 2.71 2.73 2.40 1.99 1.71 1.59 1.63 1.71 1.79 1.85 1.90 1.94 1.96 2.04 2.15 2.17 2.10 2.03 1.99 1.96 1.96 1.95 1.95 1.94 1.94 1.95 1.97 1.98 1.98 1.99 2.00 2.00 2.00 2.00 2.01 2.02 2.02 2.02 2.03 2.03 2.04 2.04 2.05
