data/AilsaCraig_270_1_25m_ang_5m.asc
ncols	257
nrows	257
xllcorner	3364200.000000
yllcorner	3669375.000000
cellsize	25.000000
NODATA_value	-1.000000
[rows 84 to 125 of 257, columns 94 to 187 of 257]
270 270 270 270 270 270 270 270 270 270 270 270 270 270 270 270 270 270 270 270 270 270 270 270 270 270 270 270 270 270 270 270 270 270 270 270 270 270 270 270 270 270 270 270 270 270 270 270 270 270 270 270 270 270 270 270 270 270 270 270 270 270 270 270 270 270 270 270 270 270 270 270 270 270 270 270 270 270 270 270 270 270 270 270 270 270 270 270 270 270 270 270 270 270
270 270 270 270 270 270 270 270 270 270 270 270 270 270 270 270 270 270 270 270 270 270 270 270 270 270 270 270 270 270 270 270 270 270 270 270 270 270 270 270 270 270 270 270 270 270 270 270 270 270 270 270 270 270 270 270 270 270 270 270 270 270 270 270 270 270 270 270 270 270 270 270 270 270 270 270 270 270 270 270 270 270 270 270 270 270 270 270 270 270 270 270 270 270
270 270 270 270 270 270 270 270 270 270 270 270 270 270 270 270 270 270 270 270 270 270 270 270 270 270 270 270 270 270 270 270 270 270 270 270 270 270 270 270 270 270 270 270 270 270 270 270 270 270 270 270 270 270 270 270 270 270 270 270 270 270 270 270 270 270 270 270 270 270 270 270 270 270 270 270 270 270 270 270 270 270 270 270 270 270 270 270 270 270 270 270 270 270
270 270 270 270 270 270 270 270 270 270 270 270 270 270 270 270 270 269 270 269 269 269 269 269 270 270 270 270 270 270 270 270 270 270 270 270 270 270 270 270 270 270 270 270 270 271 271 271 271 271 270 270 270 270 270 270 270 270 270 270 270 270 270 270 270 270 270 270 270 270 270 270 270 270 270 270 270 270 270 270 270 270 270 270 270 270 270 270 270 270 270 270 270 270
270 270 270 270 270 270 270 270 270 270 270 270 270 270 270 269 269 269 269 269 269 269 269 269 269 269 269 270 270 270 270 270 270 270 270 270 270 270 270 270 270 270 271 271 271 271 271 271 271 271 271 271 271 271 270 270 270 270 270 270 270 270 270 270 270 270 270 270 270 270 270 270 270 270 270 270 270 270 270 270 270 270 270 270 270 270 270 270 270 270 270 270 270 270
270 270 270 270 270 270 270 270 270 270 270 270 269 269 269 269 269 269 269 269 269 269 269 269 269 269 269 269 269 270 270 270 270 270 270 270 270 270 270 270 270 271 271 271 271 271 271 271 271 271 271 271 271 271 271 271 270 270 270 270 270 270 270 270 270 270 270 270 270 270 270 270 270 270 270 270 270 270 270 270 270 270 270 270 270 270 270 270 270 270 270 270 270 270
270 270 270 270 270 270 270 270 270 270 270 269 269 269 269 269 269 269 269 269 269 269 269 269 269 269 269 269 269 269 270 270 270 270 270 270 270 270 270 270 271 271 271 271 271 271 271 271 271 271 271 271 271 271 271 271 271 271 270 270 270 270 270 270 270 270 270 270 270 270 270 270 270 270 270 270 270 270 270 270 270 270 270 270 270 270 270 270 270 270 270 270 270 270
270 270 270 270 270 270 270 270 270 269 269 269 269 269 269 269 269 269 269 269 269 269 269 269 269 269 269 269 269 269 270 270 270 270 270 270 270 270 271 271 271 271 271 271 271 271 271 271 271 271 271 271 271 271 271 271 271 271 271 271 270 270 270 270 270 270 270 270 270 270 270 270 270 270 270 270 270 270 270 270 270 270 270 270 270 270 270 270 270 270 270 270 270 270
270 270 270 270 270 270 270 270 269 269 269 269 269 269 269 269 269 269 269 269 269 269 269 269 269 269 269 269 269 269 269 270 270 270 270 270 270 270 271 271 271 271 271 271 271 271 271 271 271 271 271 271 271 271 271 271 271 271 271 271 271 270 270 270 270 270 270 270 270 270 270 270 270 270 270 270 270 270 270 270 270 270 270 270 270 270 270 270 270 270 270 270 270 270
270 270 270 270 270 270 270 269 269 269 269 269 269 269 269 269 269 269 269 269 269 269 269 269 269 269 269 269 269 269 269 269 270 270 270 270 270 271 271 271 271 271 271 271 271 271 271 271 271 271 271 271 271 271 271 271 271 271 271 271 271 271 270 270 270 270 270 270 270 270 270 270 270 270 270 270 270 270 270 270 270 270 270 270 270 270 270 270 270 270 270 270 270 270
270 270 270 270 270 270 269 269 269 269 269 269 269 269 269 269 269 269 268 268 268 268 268 268 268 268 269 269 269 269 269 269 270 270 270 270 270 271 271 271 271 271 271 271 271 271 272 272 271 271 271 271 271 271 271 271 271 271 271 271 271 271 271 271 270 270 270 270 270 270 270 270 270 270 270 270 270 270 270 270 270 270 270 270 270 270 270 270 270 270 270 270 270 270
270 270 270 270 270 269 269 269 269 269 269 269 269 269 269 269 268 268 268 268 268 268 268 268 268 268 268 268 269 269 269 269 269 270 270 270 271 271 271 271 271 272 272 272 272 272 272 272 272 272 272 272 271 271 271 271 271 271 271 271 271 271 271 271 271 270 270 270 270 270 270 270 270 270 270 270 270 270 270 270 270 270 270 270 270 270 270 270 270 270 270 270 270 270
270 270 270 270 269 269 269 269 269 269 269 269 269 269 268 268 268 268 268 268 268 268 268 268 268 268 268 268 268 268 269 269 269 270 270 270 271 271 271 271 272 272 272 272 272 272 272 272 272 272 272 272 272 272 271 271 271 271 271 271 271 271 271 271 271 271 270 270 270 270 270 270 270 270 270 270 270 270 270 270 270 270 270 270 270 270 270 270 270 270 270 270 270 270
270 270 270 269 269 269 269 269 269 269 269 269 269 268 268 268 268 268 268 268 268 267 267 267 267 268 268 268 268 268 268 269 269 270 270 270 271 271 271 272 272 272 272 272 272 272 272 272 272 272 272 272 272 272 272 271 271 271 271 271 271 271 271 271 271 271 270 270 270 270 270 270 270 270 270 270 270 270 270 270 270 270 270 270 270 270 270 270 270 270 270 270 270 270
270 270 269 269 269 269 269 269 269 269 269 268 268 268 268 268 268 268 267 267 267 267 267 267 267 267 267 267 267 268 268 268 269 269 270 270 271 271 272 272 272 273 273 273 273 273 273 273 273 272 272 272 272 272 272 272 272 271 271 271 271 271 271 271 271 271 271 270 270 270 270 270 270 270 270 270 270 270 270 270 270 270 270 270 270 270 270 270 270 270 270 270 270 270
270 269 269 269 269 269 269 269 269 269 268 268 268 268 268 268 267 267 267 267 267 267 267 267 266 266 267 267 267 267 268 268 269 269 270 271 271 272 272 273 273 273 273 273 273 273 273 273 273 273 273 273 272 272 272 272 272 272 271 271 271 271 271 271 271 271 271 271 270 270 270 270 270 270 270 270 270 270 270 270 270 270 270 270 270 270 270 270 270 270 270 270 270 270
270 269 269 269 269 269 269 269 269 269 268 268 268 268 268 267 267 267 267 267 267 266 266 266 266 266 266 266 266 266 267 268 268 269 270 271 272 272 273 273 274 274 274 274 274 274 274 274 273 273 273 273 273 273 272 272 272 272 272 271 271 271 271 271 271 271 271 271 271 270 270 270 270 270 270 270 270 270 270 270 270 270 270 270 270 270 270 270 270 270 270 270 270 270
269 269 269 269 269 269 269 269 269 268 268 268 268 268 267 267 267 267 266 266 266 266 266 265 265 265 265 265 265 266 266 267 268 269 270 271 272 273 274 274 274 275 275 275 275 274 274 274 274 274 273 273 273 273 273 272 272 272 272 272 271 271 271 271 271 271 271 271 271 270 270 270 270 270 270 270 270 270 270 270 270 270 270 270 270 270 270 270 270 270 270 270 270 270
269 269 269 269 269 269 269 269 268 268 268 268 268 267 267 267 267 266 266 266 266 265 265 264 264 264 263 264 264 264 265 266 268 269 270 271 273 274 275 275 276 276 276 276 276 275 275 275 274 274 274 274 273 273 273 273 272 272 272 272 272 271 271 271 271 271 271 271 271 271 270 270 270 270 270 270 270 270 270 270 270 270 270 270 270 270 270 270 270 270 270 270 270 270
269 269 269 269 269 269 269 268 268 268 268 268 267 267 267 267 266 266 266 265 265 264 263 263 263 262 262 262 262 263 264 265 267 268 270 272 273 275 276 277 277 277 277 277 277 276 276 275 275 275 274 274 274 273 273 273 273 272 272 272 272 272 271 271 271 271 271 271 271 271 270 270 270 270 270 270 270 270 270 270 270 270 270 270 270 270 270 270 270 270 270 270 270 270
269 269 269 269 269 269 269 268 268 268 268 267 267 267 267 266 266 266 265 265 264 263 262 262 261 261 260 260 260 261 262 264 266 268 270 272 274 276 278 279 279 279 279 278 278 277 277 276 276 275 275 275 274 274 273 273 273 273 272 272 272 272 272 271 271 271 271 271 271 271 271 270 270 270 270 270 270 270 270 270 270 270 270 270 270 270 270 270 270 270 270 270 270 270
269 269 269 269 269 269 268 268 268 268 267 267 267 267 266 266 266 265 265 264 263 262 261 260 260 259 258 257 257 258 259 261 264 267 270 273 275 278 280 281 282 282 281 280 279 279 278 277 277 276 275 275 275 274 274 273 273 273 273 272 272 272 272 271 271 271 271 271 271 271 271 270 270 270 270 270 270 270 270 270 270 270 270 270 270 270 270 270 270 270 270 270 270 270
269 269 269 269 269 268 268 268 268 268 267 267 267 266 266 266 265 265 264 262 261 261 260 259 258 256 255 254 253 253 254 258 263 267 269 271 275 279 283 286 286 285 284 282 281 280 279 278 278 277 276 276 275 275 274 274 273 273 273 272 272 272 272 272 271 271 271 271 271 271 271 271 270 270 270 270 270 270 270 270 270 270 270 270 270 270 270 270 270 270 270 270 270 270
269 269 269 269 269 268 268 268 268 267 267 267 266 266 266 265 265 264 263 262 261 260 259 257 255 254 252 250 248 245 245 254 264 268 269 270 275 282 288 291 290 288 286 285 283 282 281 280 279 278 277 276 276 275 275 274 274 273 273 273 272 272 272 272 271 271 271 271 271 271 271 271 270 270 270 270 270 270 270 270 270 270 270 270 270 270 270 270 270 270 270 270 270 270
269 269 269 269 268 268 268 268 268 267 267 267 266 266 266 265 264 263 262 261 260 258 257 255 253 251 248 245 242 237 236 248 264 271 273 274 280 287 295 298 296 292 290 287 285 284 282 281 280 279 278 277 276 276 275 275 274 274 273 273 273 272 272 272 272 271 271 271 271 271 271 271 270 270 270 270 270 270 270 270 270 270 270 270 270 270 270 270 270 270 270 270 270 270
269 269 269 269 268 268 268 268 267 267 267 266 266 266 265 264 263 262 261 260 258 257 255 253 250 247 243 239 236 233 232 245 261 275 281 282 287 294 302 307 301 296 293 290 288 286 284 283 281 280 279 278 277 276 275 275 274 274 273 273 273 272 272 272 272 271 271 271 271 271 271 271 271 270 270 270 270 270 270 270 270 270 270 270 270 270 270 270 270 270 270 270 270 270
269 269 269 269 268 268 268 268 267 267 267 266 266 265 264 263 262 261 260 259 257 255 253 250 247 244 239 233 229 227 231 245 264 279 284 284 290 298 308 311 300 295 294 293 291 289 287 285 283 281 280 279 278 277 276 275 275 274 274 273 273 273 272 272 272 271 271 271 271 271 271 271 271 270 270 270 270 270 270 270 270 270 270 270 270 270 270 270 270 270 270 270 270 270
269 269 269 268 268 268 268 267 267 267 267 266 266 265 264 263 262 261 259 258 256 253 251 248 244 240 235 229 222 224 232 247 268 284 287 283 290 301 311 306 294 289 292 296 295 292 290 287 285 283 281 280 279 277 276 276 275 274 274 273 273 273 272 272 272 272 271 271 271 271 271 271 271 270 270 270 270 270 270 270 270 270 270 270 270 270 270 270 270 270 270 270 270 270
269 269 269 268 268 268 268 267 267 267 267 266 265 264 263 262 261 260 258 256 254 251 248 245 241 238 233 226 221 225 234 252 271 286 288 283 289 301 305 296 290 286 288 295 298 297 294 290 288 285 283 281 280 278 277 276 275 275 274 274 273 273 272 272 272 272 271 271 271 271 271 271 271 270 270 270 270 270 270 270 270 270 270 270 270 270 270 270 270 270 270 270 270 270
269 269 269 268 268 268 268 267 267 267 266 266 265 264 263 262 260 259 257 255 252 249 245 241 238 237 234 227 223 229 238 259 273 283 282 281 286 292 288 285 287 285 283 288 297 302 299 294 291 288 285 283 281 279 278 277 276 275 274 274 273 273 272 272 272 272 271 271 271 271 271 271 271 270 270 270 270 270 270 270 270 270 270 270 270 270 270 270 270 270 270 270 270 270
269 269 268 268 268 268 267 267 267 267 266 265 264 263 262 261 260 258 256 253 250 246 241 237 236 238 238 231 228 235 247 266 273 276 274 276 279 279 279 280 284 284 283 285 293 304 306 301 295 290 287 284 282 280 278 277 276 275 274 274 273 273 273 272 272 272 271 271 271 271 271 271 271 271 270 270 270 270 270 270 270 270 270 270 270 270 270 270 270 270 270 270 270 270
269 269 268 268 268 268 267 267 267 267 266 265 264 263 262 261 259 257 254 251 247 242 237 234 235 239 241 235 237 244 255 267 272 270 268 272 272 272 278 281 282 285 286 287 291 301 315 310 298 294 289 286 283 281 279 277 276 275 275 274 273 273 273 272 272 272 271 271 271 271 271 271 271 271 270 270 270 270 270 270 270 270 270 270 270 270 270 270 270 270 270 270 270 270
269 269 268 268 268 268 267 267 267 266 266 265 263 263 262 260 258 256 253 249 244 238 235 234 237 241 243 240 245 251 260 266 268 264 265 270 270 268 275 283 284 286 287 289 290 297 317 315 304 297 291 288 284 282 280 278 277 275 275 274 273 273 273 272 272 272 271 271 271 271 271 271 271 271 270 270 270 270 270 270 270 270 270 270 270 270 270 270 270 270 270 270 270 270
269 269 268 268 268 268 267 267 267 266 265 264 263 263 261 259 257 255 251 247 240 234 233 236 241 244 244 244 251 257 262 264 263 261 264 270 271 268 274 284 287 287 287 289 290 292 306 319 311 300 294 289 286 283 280 278 277 276 275 274 274 273 273 272 272 272 271 271 271 271 271 271 271 271 270 270 270 270 270 270 270 270 270 270 270 270 270 270 270 270 270 270 270 270
269 269 268 268 268 268 267 267 267 266 265 264 263 262 261 259 256 253 249 243 236 231 233 239 245 247 247 250 256 260 262 261 260 261 266 270 271 272 276 280 283 287 288 288 291 291 299 320 317 305 297 291 287 284 281 279 277 276 275 274 273 273 273 272 272 272 271 271 271 271 271 271 271 270 270 270 270 270 270 270 270 270 270 270 270 270 270 270 270 270 270 270 270 270
269 269 268 268 268 268 267 267 267 266 265 264 263 262 260 258 256 252 247 239 232 230 233 240 247 249 251 255 259 260 261 260 259 263 266 269 271 275 278 277 278 286 289 288 291 291 295 313 321 311 300 293 288 284 281 279 277 276 275 274 273 273 273 272 272 272 271 271 271 271 271 271 271 270 270 270 270 270 270 270 270 270 270 270 270 270 270 270 270 270 270 270 270 270
269 269 268 268 268 268 267 267 266 266 265 264 263 262 260 258 255 251 245 236 230 230 233 239 245 249 254 258 258 258 259 260 262 264 266 268 271 275 277 278 279 282 286 289 292 292 294 305 321 314 303 295 289 285 282 279 277 276 275 274 273 273 272 272 272 272 271 271 271 271 271 271 271 270 270 270 270 270 270 270 270 270 270 270 270 270 270 270 270 270 270 270 270 270
269 269 268 268 268 268 267 267 266 266 265 264 263 261 260 257 254 250 243 234 230 231 234 240 243 247 253 257 256 257 259 262 264 266 266 268 270 274 277 278 279 280 284 289 293 295 295 300 314 315 308 298 290 285 283 280 277 276 275 274 273 273 272 272 272 271 271 271 271 271 271 271 271 270 270 270 270 270 270 270 270 270 270 270 270 270 270 270 270 270 270 270 270 270
269 269 268 268 268 268 267 267 267 266 265 264 263 261 259 257 254 249 242 235 232 232 238 243 243 246 252 255 255 257 261 264 266 267 268 268 270 274 276 277 278 281 285 289 293 295 295 296 304 316 313 301 291 285 282 280 277 276 275 274 273 273 272 272 272 271 271 271 271 271 271 271 270 270 270 270 270 270 270 270 270 270 270 270 270 270 270 270 270 270 270 270 270 270
269 269 268 268 268 268 268 267 266 265 265 264 262 261 259 256 253 247 241 237 234 234 241 246 247 248 251 254 256 259 263 265 267 269 269 270 271 273 274 276 278 282 286 289 291 292 293 292 295 309 312 303 292 286 282 280 277 276 275 274 273 272 272 272 271 271 271 271 271 271 271 271 270 270 270 270 270 270 270 270 270 270 270 270 270 270 270 270 270 270 270 270 270 270
269 269 269 268 268 268 268 267 266 265 265 264 262 261 259 256 252 246 242 239 236 237 242 247 250 251 253 255 257 261 265 267 268 270 271 271 272 272 273 275 278 282 285 287 288 289 291 291 290 295 308 304 294 286 281 279 277 276 274 273 273 272 272 272 271 271 271 271 271 271 271 270 270 270 270 270 270 270 270 270 270 270 270 270 270 270 270 270 270 270 270 270 270 270
269 269 269 268 268 268 268 267 266 265 265 264 262 260 258 255 250 245 242 241 240 241 244 248 252 254 256 257 259 263 266 268 270 271 271 272 273 273 272 273 276 280 282 283 284 286 287 288 287 289 299 305 295 286 281 279 277 275 274 273 272 272 272 271 271 271 271 271 271 271 270 270 270 270 270 270 270 270 270 270 270 270 270 270 270 270 270 270 270 270 270 270 270 270
