data/AilsaCraig_270_1_25m_ang_20m.asc
ncols	257
nrows	257
xllcorner	3364200.000000
yllcorner	3669375.000000
cellsize	25.000000
NODATA_value	-1.000000
[rows 126 to 167 of 257, columns 94 to 187 of 257]
269 269 269 269 269 268 268 268 267 266 266 265 264 262 261 258 255 252 250 250 250 251 252 254 255 258 259 260 262 265 267 269 271 272 272 273 274 274 273 272 273 275 276 277 279 280 282 282 282 282 283 286 285 281 278 276 275 274 273 272 272 271 271 271 271 271 271 271 270 270 270 270 270 270 270 270 270 270 270 270 270 270 270 270 270 270 270 270 270 270 270 270 270 270
269 269 269 269 269 268 268 268 267 267 266 265 264 262 261 258 255 252 250 250 251 253 255 256 258 260 261 263 265 268 269 271 272 272 273 273 274 273 272 271 270 270 271 273 275 278 279 280 280 279 279 281 282 280 277 275 274 273 272 272 271 271 271 271 271 271 271 270 270 270 270 270 270 270 270 270 270 270 270 270 270 270 270 270 270 270 270 270 270 270 270 270 270 270
269 269 269 269 269 269 268 268 267 267 266 265 264 262 260 258 254 251 249 250 252 256 258 259 261 263 264 266 268 270 271 272 272 273 273 274 273 272 271 270 268 267 267 269 272 275 277 278 278 277 276 277 279 278 276 274 273 272 272 272 271 271 271 271 270 270 270 270 270 270 270 270 270 270 270 270 270 270 270 270 270 270 270 270 270 270 270 270 270 270 270 270 270 270
269 269 269 269 269 269 268 268 267 267 266 265 264 262 260 257 253 251 249 250 254 258 260 262 264 266 267 269 271 272 273 273 273 273 273 273 272 271 271 269 267 265 266 267 270 271 273 275 275 274 273 273 275 276 275 273 272 272 271 271 271 271 270 270 270 270 270 270 270 270 270 270 270 270 270 270 270 270 270 270 270 270 270 270 270 270 270 270 270 270 270 270 270 270
269 269 269 269 269 269 269 268 268 267 266 265 264 263 260 257 253 250 249 251 255 259 262 265 267 269 271 273 274 274 274 273 273 272 272 271 271 270 270 268 267 266 266 267 268 268 269 271 271 270 270 270 271 273 273 272 271 271 271 271 270 270 270 270 270 270 270 270 270 270 270 270 270 270 270 270 270 270 270 270 270 270 270 270 270 270 270 270 270 270 270 270 270 270
270 270 269 269 269 269 269 268 268 267 267 266 264 263 260 256 252 250 250 253 257 261 264 267 270 273 276 277 277 276 275 274 273 272 271 270 269 269 269 268 267 267 267 266 266 265 265 266 266 267 267 267 268 269 270 271 270 270 270 270 270 270 270 270 270 270 270 270 270 270 270 270 270 270 270 270 270 270 270 270 270 270 270 270 270 270 270 270 270 270 270 270 270 270
270 270 270 270 269 269 269 269 268 268 267 266 265 263 260 256 252 251 251 254 259 263 266 269 273 276 279 280 279 278 276 274 273 271 270 269 268 268 268 268 268 268 267 265 263 262 262 262 262 264 265 265 265 266 268 269 269 269 270 270 270 270 270 270 270 270 270 270 270 270 270 270 270 270 270 270 270 270 270 270 270 270 270 270 270 270 270 270 270 270 270 270 270 270
270 270 270 270 270 269 269 269 269 268 268 267 265 263 260 256 253 252 253 256 260 264 268 271 275 278 281 281 281 279 277 275 273 271 270 268 267 266 267 268 269 268 265 263 261 260 259 259 260 261 262 262 263 264 266 267 268 269 269 269 269 269 269 269 270 270 270 270 270 270 270 270 270 270 270 270 270 270 270 270 270 270 270 270 270 270 270 270 270 270 270 270 270 270
270 270 270 270 270 270 269 269 269 269 268 267 266 264 261 257 254 254 255 258 261 265 269 273 276 280 282 282 281 280 278 276 274 272 271 269 267 266 267 268 268 266 263 260 259 258 257 257 258 259 260 260 261 262 264 266 267 268 268 269 269 269 269 269 269 269 270 270 270 270 270 270 270 270 270 270 270 270 270 270 270 270 270 270 270 270 270 270 270 270 270 270 270 270
270 270 270 270 270 270 270 270 270 269 269 268 267 265 262 258 256 256 258 261 264 267 271 274 278 280 282 282 281 280 278 277 275 273 272 270 268 267 267 267 266 264 261 259 257 256 255 254 255 256 256 257 259 261 263 265 266 267 268 268 268 269 269 269 269 269 269 269 270 270 270 270 270 270 270 270 270 270 270 270 270 270 270 270 270 270 270 270 270 270 270 270 270 270
270 270 270 270 270 270 270 270 270 270 270 269 268 267 263 260 259 260 262 264 266 270 273 276 279 280 281 281 280 280 278 277 276 274 272 270 269 268 267 266 264 262 260 258 256 255 254 253 252 252 253 255 257 260 262 264 265 266 267 268 268 268 269 269 269 269 269 269 269 270 270 270 270 270 270 270 270 270 270 270 270 270 270 270 270 270 270 270 270 270 270 270 270 270
270 270 270 270 270 270 271 271 271 271 271 270 270 268 266 263 263 265 266 268 270 272 275 278 279 280 280 280 280 279 278 277 276 274 273 271 270 269 267 264 262 261 259 258 256 255 253 252 250 249 250 254 256 259 261 263 264 265 266 267 267 268 268 269 269 269 269 269 269 269 270 270 270 270 270 270 270 270 270 270 270 270 270 270 270 270 270 270 270 270 270 270 270 270
271 271 271 271 271 271 271 271 272 272 272 272 272 271 270 269 270 270 271 272 274 276 278 279 279 279 279 279 278 278 277 276 276 274 273 271 270 268 265 263 261 260 259 257 255 254 252 251 249 247 249 253 256 259 261 263 264 265 265 266 267 268 268 268 269 269 269 269 269 269 269 270 270 270 270 270 270 270 270 270 270 270 270 270 270 270 270 270 270 270 270 270 270 270
271 271 271 271 271 271 271 272 272 273 273 274 274 275 276 277 277 277 277 278 278 279 280 280 279 278 278 277 277 276 276 275 275 275 273 272 270 266 263 261 260 260 259 257 255 253 252 250 247 246 248 252 256 259 261 262 263 264 265 266 267 267 268 268 269 269 269 269 269 269 269 269 270 270 270 270 270 270 270 270 270 270 270 270 270 270 270 270 270 270 270 270 270 270
271 271 271 271 271 272 272 272 273 273 274 275 277 280 283 285 285 285 284 284 283 282 281 280 279 278 277 276 275 275 274 274 274 274 273 271 268 264 260 259 259 259 258 256 254 252 251 248 246 245 249 253 256 259 260 261 262 263 265 266 267 267 268 268 268 269 269 269 269 269 269 269 270 270 270 270 270 270 270 270 270 270 270 270 270 270 270 270 270 270 270 270 270 270
271 271 271 271 272 272 272 273 273 274 275 277 279 284 291 294 293 291 290 289 287 283 281 280 279 277 276 275 274 273 273 273 273 273 272 270 267 262 259 257 258 258 257 255 253 251 250 247 245 245 249 253 256 258 260 261 262 263 265 266 266 267 268 268 268 269 269 269 269 269 269 269 270 270 270 270 270 270 270 270 270 270 270 270 270 270 270 270 270 270 270 270 270 270
271 271 271 271 272 272 273 273 274 275 276 278 281 286 293 300 301 297 294 291 288 285 282 280 278 277 276 274 273 273 273 272 272 270 268 268 265 261 258 257 257 257 256 254 253 251 249 246 245 246 250 254 256 258 259 261 262 264 265 266 266 267 268 268 268 268 269 269 269 269 269 269 269 270 270 270 270 270 270 270 270 270 270 270 270 270 270 270 270 270 270 270 270 270
271 271 271 272 272 272 273 273 274 275 277 279 282 286 292 300 305 303 296 291 288 285 283 280 278 276 275 274 274 273 272 272 269 265 264 265 263 261 259 257 257 257 256 254 253 251 249 246 245 247 251 254 256 257 259 261 263 264 265 266 267 267 268 268 268 268 269 269 269 269 269 269 269 270 270 270 270 270 270 270 270 270 270 270 270 270 270 270 270 270 270 270 270 270
271 271 272 272 272 272 273 274 274 276 277 279 282 285 290 296 303 306 301 292 288 286 284 281 278 276 275 275 274 273 272 270 266 261 261 262 261 260 259 258 258 258 256 254 253 251 249 247 246 249 253 255 256 258 260 262 263 264 265 266 267 267 268 268 268 268 269 269 269 269 269 269 269 270 270 270 270 270 270 270 270 270 270 270 270 270 270 270 270 270 270 270 270 270
271 271 272 272 272 273 273 274 275 276 277 279 281 285 288 293 299 307 310 295 289 286 284 281 278 276 275 275 274 273 271 267 261 258 259 259 259 259 259 260 259 258 256 255 253 252 249 248 248 251 253 255 257 259 261 262 264 265 265 266 267 267 268 268 268 268 269 269 269 269 269 269 269 270 270 270 270 270 270 270 270 270 270 270 270 270 270 270 270 270 270 270 270 270
271 271 272 272 272 273 273 274 275 276 277 279 281 284 287 291 296 306 311 300 292 287 284 281 278 276 275 275 274 273 270 263 256 256 258 259 259 259 260 261 261 259 258 256 254 252 251 249 250 252 254 256 258 260 262 263 264 265 266 266 267 267 268 268 268 268 269 269 269 269 269 269 269 270 270 270 270 270 270 270 270 270 270 270 270 270 270 270 270 270 270 270 270 270
271 271 272 272 272 273 273 274 275 276 277 278 280 283 286 289 294 300 305 305 297 289 284 281 279 277 275 275 274 272 267 258 252 254 257 258 258 259 262 263 263 262 260 257 256 254 252 251 252 254 256 258 259 261 262 263 264 265 266 267 267 267 268 268 268 269 269 269 269 269 269 269 269 270 270 270 270 270 270 270 270 270 270 270 270 270 270 270 270 270 270 270 270 270
271 271 272 272 272 273 273 274 275 275 277 278 280 282 284 287 291 295 299 302 302 293 286 282 279 278 276 275 274 271 264 253 249 251 253 254 255 259 263 264 265 264 262 260 258 256 255 254 254 255 257 259 261 262 263 264 265 266 266 267 267 267 268 268 268 269 269 269 269 269 269 269 269 270 270 270 270 270 270 270 270 270 270 270 270 270 270 270 270 270 270 270 270 270
271 271 272 272 272 273 273 274 274 275 276 277 279 281 283 285 288 291 294 298 301 300 290 284 281 279 277 275 273 268 260 252 249 250 249 250 251 256 261 264 265 265 264 262 260 259 257 256 256 258 259 261 262 263 264 265 265 266 266 267 267 268 268 268 268 269 269 269 269 269 269 269 269 270 270 270 270 270 270 270 270 270 270 270 270 270 270 270 270 270 270 270 270 270
271 271 272 272 272 273 273 274 274 275 276 277 278 280 281 283 285 288 290 293 297 299 298 288 283 280 278 275 271 265 258 253 252 250 248 247 249 254 259 262 264 264 264 263 262 261 260 259 259 260 261 262 263 264 264 265 266 266 267 267 267 268 268 268 268 269 269 269 269 269 269 269 269 270 270 270 270 270 270 270 270 270 270 270 270 270 270 270 270 270 270 270 270 270
271 271 272 272 272 273 273 273 274 275 275 276 277 279 280 282 283 285 287 289 292 295 297 295 287 282 278 274 269 263 257 254 253 251 248 247 249 254 258 261 262 263 264 264 263 263 262 261 261 262 262 263 264 264 265 266 266 267 267 267 268 268 268 268 268 269 269 269 269 269 269 269 269 270 270 270 270 270 270 270 270 270 270 270 270 270 270 270 270 270 270 270 270 270
271 271 272 272 272 272 273 273 274 274 275 276 277 278 279 280 281 283 285 286 288 290 293 294 291 284 279 275 270 263 257 255 254 251 248 248 251 255 258 261 262 263 264 264 264 264 263 263 263 263 263 264 264 265 265 266 266 267 267 268 268 268 268 268 269 269 269 269 269 269 269 269 269 270 270 270 270 270 270 270 270 270 270 270 270 270 270 270 270 270 270 270 270 270
271 271 272 272 272 272 273 273 274 274 275 275 276 277 278 279 280 281 282 284 285 286 288 289 288 285 281 277 272 265 259 257 255 252 250 251 254 257 259 261 262 263 264 264 265 264 264 264 264 264 264 265 265 266 266 266 267 267 267 268 268 268 268 268 269 269 269 269 269 269 269 269 270 270 270 270 270 270 270 270 270 270 270 270 270 270 270 270 270 270 270 270 270 270
271 271 272 272 272 272 273 273 273 274 274 275 275 276 277 278 278 279 280 281 282 283 284 284 284 283 281 279 274 268 263 259 257 254 253 254 257 259 260 262 263 264 264 265 265 265 265 265 265 265 265 265 266 266 266 267 267 267 268 268 268 268 268 269 269 269 269 269 269 269 269 269 270 270 270 270 270 270 270 270 270 270 270 270 270 270 270 270 270 270 270 270 270 270
271 271 271 272 272 272 272 273 273 273 274 274 275 275 276 277 277 278 279 279 280 280 281 281 280 280 279 277 274 270 266 262 259 257 256 258 259 261 262 263 264 264 265 265 265 265 265 266 266 266 266 266 266 267 267 267 267 268 268 268 268 268 269 269 269 269 269 269 269 269 269 269 270 270 270 270 270 270 270 270 270 270 270 270 270 270 270 270 270 270 270 270 270 270
271 271 271 272 272 272 272 272 273 273 273 274 274 275 275 276 276 277 277 278 278 278 278 278 278 277 276 275 273 271 268 265 262 260 260 260 261 262 263 264 264 265 265 265 266 266 266 266 266 266 266 267 267 267 267 267 268 268 268 268 268 268 269 269 269 269 269 269 269 269 269 270 270 270 270 270 270 270 270 270 270 270 270 270 270 270 270 270 270 270 270 270 270 270
271 271 271 271 272 272 272 272 273 273 273 273 274 274 275 275 275 276 276 276 277 277 277 277 276 275 274 273 272 270 268 266 264 263 262 262 263 264 264 265 265 265 266 266 266 266 266 267 267 267 267 267 267 267 267 268 268 268 268 268 268 269 269 269 269 269 269 269 269 269 269 270 270 270 270 270 270 270 270 270 270 270 270 270 270 270 270 270 270 270 270 270 270 270
271 271 271 271 272 272 272 272 272 273 273 273 273 274 274 274 275 275 275 275 275 275 275 275 275 274 273 272 271 270 268 267 266 265 264 264 264 265 265 265 266 266 266 266 267 267 267 267 267 267 267 267 267 268 268 268 268 268 268 268 269 269 269 269 269 269 269 269 269 269 270 270 270 270 270 270 270 270 270 270 270 270 270 270 270 270 270 270 270 270 270 270 270 270
271 271 271 271 271 272 272 272 272 272 273 273 273 273 273 274 274 274 274 274 274 274 274 274 274 273 272 272 271 270 269 268 267 266 266 265 265 266 266 266 266 266 267 267 267 267 267 267 267 267 267 268 268 268 268 268 268 268 268 269 269 269 269 269 269 269 269 269 269 269 270 270 270 270 270 270 270 270 270 270 270 270 270 270 270 270 270 270 270 270 270 270 270 270
271 271 271 271 271 271 272 272 272 272 272 272 273 273 273 273 273 273 274 274 274 274 273 273 273 272 272 271 270 270 269 268 267 267 267 266 266 266 266 267 267 267 267 267 267 267 267 267 268 268 268 268 268 268 268 268 268 268 269 269 269 269 269 269 269 269 269 269 269 270 270 270 270 270 270 270 270 270 270 270 270 270 270 270 270 270 270 270 270 270 270 270 270 270
271 271 271 271 271 271 271 272 272 272 272 272 272 272 273 273 273 273 273 273 273 273 273 273 272 272 271 271 270 270 269 269 268 268 267 267 267 267 267 267 267 267 267 268 268 268 268 268 268 268 268 268 268 268 268 268 269 269 269 269 269 269 269 269 269 269 269 269 270 270 270 270 270 270 270 270 270 270 270 270 270 270 270 270 270 270 270 270 270 270 270 270 270 270
271 271 271 271 271 271 271 271 272 272 272 272 272 272 272 272 272 273 273 273 272 272 272 272 272 271 271 271 270 270 269 269 268 268 268 268 268 268 268 268 268 268 268 268 268 268 268 268 268 268 268 268 268 268 268 269 269 269 269 269 269 269 269 269 269 269 269 270 270 270 270 270 270 270 270 270 270 270 270 270 270 270 270 270 270 270 270 270 270 270 270 270 270 270
271 271 271 271 271 271 271 271 271 271 272 272 272 272 272 272 272 272 272 272 272 272 272 272 271 271 271 271 270 270 269 269 269 269 268 268 268 268 268 268 268 268 268 268 268 268 268 268 268 268 268 268 268 269 269 269 269 269 269 269 269 269 269 269 269 269 270 270 270 270 270 270 270 270 270 270 270 270 270 270 270 270 270 270 270 270 270 270 270 270 270 270 270 270
271 271 271 271 271 271 271 271 271 271 271 271 272 272 272 272 272 272 272 272 272 272 272 271 271 271 271 270 270 270 270 269 269 269 269 268 268 268 268 268 268 268 268 268 268 268 268 268 268 268 268 269 269 269 269 269 269 269 269 269 269 269 269 269 269 270 270 270 270 270 270 270 270 270 270 270 270 270 270 270 270 270 270 270 270 270 270 270 270 270 270 270 270 270
271 271 271 271 271 271 271 271 271 271 271 271 271 271 272 272 272 272 272 272 271 271 271 271 271 271 271 270 270 270 270 269 269 269 269 269 269 269 268 268 268 268 268 268 268 268 268 269 269 269 269 269 269 269 269 269 269 269 269 269 269 269 269 269 270 270 270 270 270 270 270 270 270 270 270 270 270 270 270 270 270 270 270 270 270 270 270 270 270 270 270 270 270 270
270 271 271 271 271 271 271 271 271 271 271 271 271 271 271 271 271 271 271 271 271 271 271 271 271 271 270 270 270 270 270 269 269 269 269 269 269 269 269 269 269 269 269 269 269 269 269 269 269 269 269 269 269 269 269 269 269 269 269 269 269 269 269 270 270 270 270 270 270 270 270 270 270 270 270 270 270 270 270 270 270 270 270 270 270 270 270 270 270 270 270 270 270 270
270 270 271 271 271 271 271 271 271 271 271 271 271 271 271 271 271 271 271 271 271 271 271 271 271 271 270 270 270 270 270 270 269 269 269 269 269 269 269 269 269 269 269 269 269 269 269 269 269 269 269 269 269 269 269 269 269 269 269 269 269 269 270 270 270 270 270 270 270 270 270 270 270 270 270 270 270 270 270 270 270 270 270 270 270 270 270 270 270 270 270 270 270 270
