data/AilsaCraig_270_1_25m_ang_1000m.asc
ncols	257
nrows	257
xllcorner	3364200.000000
yllcorner	3669375.000000
cellsize	25.000000
NODATA_value	-1.000000
[rows 126 to 167 of 257, columns 94 to 187 of 257]
268 268 268 268 267 267 266 266 265 264 264 263 261 260 257 254 250 245 244 244 247 250 251 252 253 256 257 258 259 262 265 268 270 272 274 275 277 278 277 275 277 279 280 281 282 284 285 285 285 284 286 292 292 285 281 278 277 276 274 274 273 273 273 272 272 272 272 271 271 271 271 271 271 271 271 271 271 270 270 270 270 270 270 270 270 270 270 270 270 270 270 270 270 270
269 268 268 268 267 267 267 266 266 265 264 263 262 260 257 254 249 245 244 246 250 254 257 256 256 258 260 261 263 266 268 270 272 274 275 277 278 277 275 273 273 273 274 275 277 279 281 281 282 281 280 284 288 285 280 277 276 275 274 273 273 272 272 272 271 271 271 271 271 271 271 271 271 271 271 270 270 270 270 270 270 270 270 270 270 270 270 270 270 270 270 270 270 270
269 268 268 268 268 267 267 267 266 266 265 263 262 260 258 254 249 245 245 247 252 258 261 261 260 262 264 264 267 270 272 273 274 274 276 277 277 275 274 272 269 267 267 270 273 275 276 278 279 278 277 279 283 283 279 276 275 274 273 273 272 272 271 271 271 271 271 271 271 270 270 271 270 270 270 270 270 270 270 270 270 270 270 270 270 270 270 270 270 270 270 270 270 270
269 269 269 268 268 268 267 267 267 266 265 264 262 260 257 253 247 245 246 249 254 260 263 264 265 266 268 270 271 273 274 275 275 275 275 275 275 273 273 271 267 264 265 267 270 271 273 275 275 274 273 274 278 280 277 275 273 273 272 272 271 271 271 271 271 271 271 271 271 270 270 270 270 270 270 270 270 270 270 270 270 270 270 270 270 270 270 270 270 270 270 270 270 270
269 269 269 269 268 268 268 268 267 266 266 264 263 261 257 252 247 246 248 251 256 262 265 267 269 270 273 275 276 276 276 276 275 274 274 273 272 272 271 269 266 265 266 267 267 267 269 271 271 270 270 270 272 275 275 273 272 272 271 271 271 271 270 270 270 270 270 270 270 270 270 270 270 270 270 270 270 270 270 270 270 270 270 270 270 270 270 270 270 270 270 270 270 270
269 269 269 269 269 269 268 268 268 267 266 265 263 261 257 252 247 247 250 254 259 264 268 270 273 275 278 280 280 279 278 277 275 274 272 270 269 270 269 267 266 267 267 266 265 264 265 265 265 266 266 266 267 269 271 271 270 270 270 270 270 270 270 270 270 270 270 270 270 270 270 270 270 270 270 270 270 270 270 270 270 270 270 270 270 270 270 270 270 270 270 270 270 270
270 270 270 269 269 269 269 269 268 267 267 266 264 262 258 252 248 249 253 257 261 266 270 273 276 279 282 284 283 282 280 277 275 273 270 268 267 267 266 266 268 268 267 264 263 262 261 261 262 263 263 263 263 264 267 269 269 269 269 269 269 269 269 270 270 270 270 270 270 270 270 270 270 270 270 270 270 270 270 270 270 270 270 270 270 270 270 270 270 270 270 270 270 270
270 270 270 270 270 270 269 269 269 268 268 266 265 262 258 252 251 253 255 259 263 268 272 275 278 282 285 286 285 284 281 278 275 273 270 268 265 264 265 267 269 267 264 261 260 259 258 258 260 261 260 260 260 260 263 266 268 268 268 268 269 269 269 269 269 269 269 269 270 270 270 270 270 270 270 270 270 270 270 270 270 270 270 270 270 270 270 270 270 270 270 270 270 270
270 270 270 270 270 270 270 270 270 269 269 268 266 264 259 253 253 256 259 261 264 269 273 277 280 284 287 287 286 285 282 279 276 274 271 268 265 263 265 268 267 264 261 258 256 255 255 255 257 258 257 256 256 258 261 264 266 267 267 268 268 268 268 268 269 269 269 269 269 269 270 270 270 270 270 270 270 270 270 270 270 270 270 270 270 270 270 270 270 270 270 270 270 270
270 271 271 271 271 271 271 271 270 270 270 269 268 265 261 256 256 260 263 265 267 271 275 279 282 285 287 287 286 285 283 280 278 275 273 269 266 265 266 266 264 261 259 256 255 254 252 252 252 253 253 253 254 257 260 262 265 266 267 267 267 267 268 268 268 269 269 269 269 269 269 269 269 270 270 270 270 270 270 270 270 270 270 270 270 270 270 270 270 270 270 270 270 270
271 271 271 271 271 271 271 271 271 271 271 271 270 267 264 261 262 266 268 269 271 273 277 281 283 286 287 287 286 284 283 281 279 276 273 270 268 267 266 264 262 260 257 255 254 253 252 251 250 249 249 250 253 256 259 261 263 265 266 266 267 267 267 268 268 268 268 269 269 269 269 269 269 269 269 270 270 270 270 270 270 270 270 270 270 270 270 270 270 270 270 270 270 270
271 271 271 271 272 272 272 272 272 272 273 273 272 271 268 269 271 273 274 274 275 277 280 283 284 285 285 285 284 283 282 281 279 276 273 270 269 268 265 262 260 259 257 255 253 252 251 250 248 246 245 248 251 255 258 260 262 263 264 265 266 266 267 267 268 268 268 268 269 269 269 269 269 269 269 269 269 269 270 270 270 270 270 270 270 270 270 270 270 270 270 270 270 270
271 271 271 272 272 272 273 273 273 274 274 275 276 275 275 277 280 280 279 279 279 281 284 285 285 284 284 283 283 282 281 279 278 276 273 271 270 267 263 260 259 258 257 254 252 251 250 249 246 242 243 247 250 254 257 259 261 262 263 264 265 266 266 267 267 268 268 268 268 269 269 269 269 269 269 269 269 269 269 270 270 270 270 270 270 270 270 270 270 270 270 270 270 270
272 272 272 272 272 273 273 274 274 275 276 277 279 282 284 285 286 286 285 285 285 285 286 285 284 283 283 282 281 280 279 278 277 276 274 272 269 264 260 258 258 257 256 254 252 250 249 247 244 240 242 246 250 254 257 259 260 261 262 263 265 266 266 267 267 267 268 268 268 269 269 269 269 269 269 269 269 269 269 270 270 270 270 270 270 270 270 270 270 270 270 270 270 270
272 272 272 272 273 273 274 274 275 276 278 279 282 288 294 294 292 292 291 291 290 288 287 285 284 283 282 280 279 277 277 276 276 276 274 271 267 261 257 256 256 256 255 253 251 249 248 246 241 239 242 246 250 254 257 258 259 260 262 263 264 265 266 267 267 267 268 268 268 268 269 269 269 269 269 269 269 269 269 269 269 270 270 270 270 270 270 270 270 270 270 270 270 270
272 272 273 273 273 274 274 275 276 277 279 281 285 292 301 301 299 298 296 295 293 289 286 284 283 282 280 278 277 275 275 275 275 274 273 270 265 260 255 254 255 255 254 252 250 249 247 244 240 238 243 247 251 254 255 256 258 260 262 263 264 265 266 266 267 267 267 268 268 268 268 269 269 269 269 269 269 269 269 269 269 269 270 270 270 270 270 270 270 270 270 270 270 270
272 273 273 273 273 274 275 276 277 278 280 282 286 293 302 305 304 301 298 296 292 288 285 283 282 280 279 277 276 274 274 274 273 270 270 268 264 260 256 253 254 255 253 252 250 248 246 243 239 239 244 249 251 253 254 256 259 261 262 263 264 265 266 266 267 267 267 268 268 268 268 269 269 269 269 269 269 269 269 269 269 269 269 270 270 270 270 270 270 270 270 270 270 270
272 273 273 273 274 274 275 276 277 279 281 283 287 293 300 305 304 301 298 295 291 287 285 284 281 279 278 277 275 274 274 273 269 265 267 266 263 260 257 254 255 255 253 252 250 248 246 242 239 240 246 249 251 252 254 257 259 261 262 263 264 265 266 266 267 267 267 268 268 268 268 268 269 269 269 269 269 269 269 269 269 269 269 269 270 270 270 270 270 270 270 270 270 270
272 273 273 274 274 275 275 276 277 279 281 284 287 291 297 304 308 304 298 293 290 288 287 284 280 278 277 277 276 275 274 271 265 262 263 263 261 260 258 257 257 256 254 252 251 249 246 242 240 243 247 250 250 252 255 258 260 261 262 263 264 265 266 266 266 267 267 268 268 268 268 268 268 269 269 269 269 269 269 269 269 269 269 269 269 269 269 270 270 270 270 270 270 270
273 273 273 274 274 275 276 276 278 279 281 283 286 290 295 301 309 317 316 296 291 289 287 284 280 278 277 276 276 275 273 268 262 261 262 262 260 259 258 258 259 257 255 253 251 249 246 243 242 245 249 250 251 254 257 259 260 261 263 264 264 265 266 266 266 267 267 268 268 268 268 268 268 269 269 269 269 269 269 269 269 269 269 269 269 269 269 270 270 270 270 270 270 270
273 273 273 274 275 275 276 277 278 279 281 283 286 289 293 299 305 319 321 301 293 289 287 283 280 277 276 276 276 275 270 262 258 260 262 262 261 260 260 261 261 259 256 254 252 250 247 244 244 247 249 251 253 256 258 259 261 262 263 264 264 265 266 266 267 267 267 268 268 268 268 268 268 268 269 269 269 269 269 269 269 269 269 269 269 269 269 269 269 270 270 270 270 270
273 273 274 274 275 275 276 277 278 279 281 282 285 288 291 296 302 310 311 306 297 289 286 282 280 278 277 276 276 274 267 254 252 256 260 262 261 262 263 264 264 261 258 256 253 251 249 247 247 248 250 253 255 257 259 260 261 262 263 264 265 265 266 266 267 267 267 268 268 268 268 268 268 268 269 269 269 269 269 269 269 269 269 269 269 269 269 269 269 269 270 270 270 270
273 273 274 274 275 275 276 277 278 279 280 282 284 286 289 293 298 302 306 307 304 294 285 282 280 279 277 276 276 272 262 250 248 251 254 255 256 259 263 265 265 265 262 258 255 253 251 250 249 251 253 255 257 258 260 261 262 263 264 264 265 265 266 266 267 267 267 268 268 268 268 268 268 268 269 269 269 269 269 269 269 269 269 269 269 269 269 269 269 269 269 269 270 270
273 273 274 274 275 275 276 277 277 278 280 281 283 285 287 291 294 297 301 304 306 303 291 283 281 280 278 276 274 269 259 251 249 249 249 248 248 253 260 263 264 265 264 261 259 257 254 253 252 253 255 257 258 259 261 262 262 263 264 264 265 265 266 266 267 267 267 268 268 268 268 268 268 268 269 269 269 269 269 269 269 269 269 269 269 269 269 269 269 269 269 269 269 270
273 273 274 274 274 275 276 277 277 278 279 281 282 284 286 288 291 293 296 299 302 303 300 290 283 280 278 275 271 264 257 254 252 249 247 244 244 250 257 260 262 263 263 262 261 260 257 256 255 256 257 258 259 260 261 262 263 264 264 265 265 266 266 267 267 267 267 268 268 268 268 268 268 269 269 269 269 269 269 269 269 269 269 269 269 269 269 269 269 269 269 269 269 270
273 273 274 274 274 275 276 276 277 278 279 280 281 283 284 286 288 290 292 294 297 300 301 299 289 282 278 275 270 262 254 254 253 250 246 243 245 250 255 259 260 261 262 262 262 261 260 258 258 258 259 260 261 261 262 263 263 264 264 265 266 266 266 267 267 267 267 268 268 268 268 268 268 269 269 269 269 269 269 269 269 269 269 269 269 269 269 269 269 269 269 269 269 269
273 273 273 274 274 275 275 276 277 277 278 279 280 281 283 284 285 287 289 291 292 294 297 299 295 285 279 276 271 262 255 254 253 249 246 244 247 252 256 258 260 261 262 262 263 262 261 260 260 260 260 261 262 262 263 263 264 264 265 265 266 266 266 267 267 267 267 268 268 268 268 268 268 269 269 269 269 269 269 269 269 269 269 269 269 269 269 269 269 269 269 269 269 269
273 273 273 274 274 275 275 276 276 277 278 279 279 280 281 283 284 285 286 287 289 290 291 294 293 288 283 279 273 264 258 256 254 250 247 247 251 254 257 259 260 261 262 263 263 262 262 261 261 261 261 262 262 263 263 264 264 265 265 265 266 266 267 267 267 267 267 267 268 268 268 268 268 269 269 269 269 269 269 269 269 269 269 269 269 269 269 269 269 269 269 269 269 269
273 273 273 274 274 274 275 275 276 276 277 278 279 279 280 281 282 283 284 285 285 286 287 288 287 286 285 281 276 269 263 259 255 251 250 251 254 257 258 260 261 262 262 263 263 263 262 262 262 262 262 263 263 264 264 264 265 265 265 266 266 266 267 267 267 267 267 268 268 268 268 268 268 268 269 269 269 269 269 269 269 269 269 269 269 269 269 269 269 269 269 269 269 269
273 273 273 274 274 274 274 275 275 276 277 277 278 278 279 280 280 281 282 282 283 283 284 283 283 282 281 279 277 272 267 262 258 254 253 255 257 259 260 261 262 263 263 263 263 263 263 263 263 263 263 263 264 264 264 265 265 265 266 266 266 267 267 267 267 267 268 268 268 268 268 268 268 268 269 269 269 269 269 269 269 269 269 269 269 269 269 269 269 269 269 269 269 269
273 273 273 274 274 274 274 275 275 276 276 277 277 278 278 279 279 280 280 280 281 281 281 281 280 279 278 276 275 272 269 265 261 258 257 258 259 261 262 262 263 263 263 263 263 263 263 264 264 264 264 264 264 265 265 265 265 266 266 266 266 267 267 267 267 267 268 268 268 268 268 268 268 268 269 269 269 269 269 269 269 269 269 269 269 269 269 269 269 269 269 269 269 269
273 273 273 273 274 274 274 274 275 275 276 276 276 277 277 278 278 278 279 279 279 279 279 278 278 277 276 274 273 271 268 266 263 262 261 261 261 262 263 263 263 263 264 264 264 264 264 264 264 264 264 265 265 265 265 266 266 266 266 266 267 267 267 267 267 268 268 268 268 268 268 268 268 269 269 269 269 269 269 269 269 269 269 269 269 269 269 269 269 269 269 269 269 269
273 273 273 273 274 274 274 274 274 275 275 275 276 276 277 277 277 277 277 278 278 278 277 277 276 275 274 273 272 270 268 267 265 264 263 263 263 263 264 264 264 264 264 264 264 264 265 265 265 265 265 265 265 266 266 266 266 266 266 267 267 267 267 267 268 268 268 268 268 268 268 268 268 269 269 269 269 269 269 269 269 269 269 269 269 269 269 269 269 269 269 269 269 269
273 273 273 273 273 274 274 274 274 274 275 275 275 276 276 276 276 276 276 276 276 276 276 276 275 274 273 272 271 270 269 267 266 265 265 264 264 264 264 264 264 265 265 265 265 265 265 265 265 265 265 265 266 266 266 266 266 266 267 267 267 267 267 268 268 268 268 268 268 268 268 268 269 269 269 269 269 269 269 269 269 269 269 269 269 269 269 269 269 269 269 269 269 269
273 273 273 273 273 273 274 274 274 274 274 274 275 275 275 275 276 276 276 276 276 275 275 275 274 274 273 272 271 270 269 268 267 266 266 265 265 265 265 265 265 265 265 265 265 265 265 265 265 265 266 266 266 266 266 266 266 267 267 267 267 267 268 268 268 268 268 268 268 268 268 269 269 269 269 269 269 269 269 269 269 269 269 269 269 269 269 269 269 269 269 269 269 269
272 273 273 273 273 273 273 274 274 274 274 274 274 274 275 275 275 275 275 275 275 275 274 274 274 273 272 272 271 270 269 268 268 267 267 266 266 266 266 266 266 266 266 266 266 266 266 266 266 266 266 266 266 267 267 267 267 267 267 267 267 268 268 268 268 268 268 268 268 268 268 269 269 269 269 269 269 269 269 269 269 269 269 269 269 269 269 269 269 269 269 269 269 269
272 272 273 273 273 273 273 273 273 274 274 274 274 274 274 274 274 274 274 274 274 274 274 273 273 273 272 271 271 270 269 269 268 268 267 267 266 266 266 266 266 266 266 266 266 266 266 266 266 266 266 267 267 267 267 267 267 267 267 267 268 268 268 268 268 268 268 268 268 268 269 269 269 269 269 269 269 269 269 269 269 269 269 269 269 269 269 269 269 269 269 269 269 269
272 272 272 273 273 273 273 273 273 273 273 274 274 274 274 274 274 274 274 274 274 274 273 273 273 272 272 271 271 270 270 269 268 268 268 267 267 267 267 267 267 266 266 266 266 266 266 267 267 267 267 267 267 267 267 267 267 267 268 268 268 268 268 268 268 268 268 268 268 269 269 269 269 269 269 269 269 269 269 269 269 269 269 269 269 269 269 269 269 269 269 269 269 269
272 272 272 273 273 273 273 273 273 273 273 273 273 273 273 273 273 273 273 273 273 273 273 273 272 272 272 271 271 270 270 269 269 268 268 268 267 267 267 267 267 267 267 267 267 267 267 267 267 267 267 267 267 267 267 267 267 268 268 268 268 268 268 268 268 268 268 268 269 269 269 269 269 269 269 269 269 269 269 269 269 269 269 269 269 269 269 269 269 269 269 269 269 269
272 272 272 272 272 273 273 273 273 273 273 273 273 273 273 273 273 273 273 273 273 273 273 272 272 272 271 271 271 270 270 269 269 269 268 268 268 268 268 267 267 267 267 267 267 267 267 267 267 267 267 267 267 267 267 267 268 268 268 268 268 268 268 268 268 268 268 269 269 269 269 269 269 269 269 269 269 269 269 269 269 269 269 269 269 269 269 269 269 269 269 269 269 269
272 272 272 272 272 272 272 273 273 273 273 273 273 273 273 273 273 273 273 273 272 272 272 272 272 272 271 271 271 270 270 270 269 269 269 268 268 268 268 268 268 268 268 267 267 268 268 268 268 268 268 268 267 267 267 268 268 268 268 268 268 268 268 268 268 268 269 269 269 269 269 269 269 269 269 269 269 269 269 269 269 269 269 269 269 269 269 269 269 269 269 269 269 269
272 272 272 272 272 272 272 272 272 273 273 273 273 273 273 273 273 272 272 272 272 272 272 272 272 271 271 271 271 270 270 270 269 269 269 269 269 268 268 268 268 268 268 268 268 268 268 268 268 268 268 268 268 268 268 268 268 268 268 268 268 268 268 268 268 269 269 269 269 269 269 269 269 269 269 269 269 269 269 269 269 269 269 269 269 269 269 269 269 269 269 269 269 269
