data/AilsaCraig_270_1_25m_vel_5m.asc
ncols	257
nrows	257
xllcorner	3364200.000000
yllcorner	3669375.000000
cellsize	25.000000
NODATA_value	-1.000000
[rows 76 to 113 of 257, columns 84 to 167 of 257]
1.17 1.17 1.17 1.17 1.17 1.17 1.17 1.17 1.17 1.17 1.17 1.17 1.17 1.17 1.17 1.17 1.17 1.17 1.17 1.17 1.17 1.17 1.17 1.17 1.17 1.17 1.17 1.17 1.17 1.17 1.17 1.17 1.17 1.17 1.17 1.17 1.17 1.17 1.17 1.17 1.17 1.17 1.17 1.17 1.17 1.17 1.17 1.17 1.17 1.17 1.17 1.17 1.17 1.17 1.17 1.17 1.17 1.17 1.17 1.17 1.17 1.17 1.17 1.17 1.17 1.17 1.17 1.17 1.17 1.17 1.17 1.17 1.17 1.17 1.17 1.17 1.17 1.17 1.17 1.17 1.17 1.17 1.17 1.17
1.17 1.17 1.17 1.17 1.17 1.17 1.17 1.17 1.17 1.17 1.17 1.17 1.17 1.17 1.17 1.17 1.17 1.17 1.17 1.17 1.17 1.17 1.17 1.17 1.17 1.17 1.17 1.17 1.17 1.17 1.17 1.17 1.17 1.17 1.17 1.17 1.17 1.17 1.17 1.17 1.17 1.17 1.17 1.17 1.17 1.17 1.17 1.17 1.17 1.17 1.17 1.17 1.17 1.17 1.17 1.17 1.17 1.17 1.17 1.17 1.17 1.17 1.17 1.17 1.17 1.17 1.17 1.17 1.17 1.17 1.17 1.17 1.17 1.17 1.17 1.17 1.17 1.17 1.17 1.17 1.17 1.17 1.17 1.17
1.17 1.17 1.17 1.17 1.17 1.17 1.17 1.17 1.17 1.17 1.17 1.17 1.17 1.17 1.17 1.17 1.17 1.17 1.17 1.17 1.17 1.17 1.17 1.17 1.17 1.17 1.17 1.17 1.17 1.17 1.17 1.17 1.17 1.17 1.17 1.17 1.17 1.17 1.17 1.17 1.17 1.17 1.17 1.17 1.17 1.17 1.17 1.17 1.17 1.17 1.17 1.17 1.17 1.17 1.17 1.17 1.17 1.17 1.17 1.17 1.17 1.17 1.17 1.17 1.17 1.17 1.17 1.17 1.17 1.17 1.17 1.17 1.17 1.17 1.17 1.17 1.17 1.17 1.17 1.17 1.17 1.17 1.17 1.17
1.17 1.17 1.17 1.17 1.17 1.17 1.17 1.17 1.17 1.17 1.17 1.17 1.17 1.17 1.17 1.17 1.17 1.17 1.17 1.17 1.17 1.17 1.17 1.17 1.17 1.17 1.17 1.17 1.17 1.17 1.17 1.17 1.17 1.17 1.17 1.17 1.17 1.17 1.17 1.17 1.17 1.17 1.17 1.17 1.17 1.17 1.17 1.17 1.17 1.17 1.17 1.17 1.17 1.17 1.17 1.17 1.17 1.17 1.17 1.17 1.17 1.17 1.17 1.17 1.17 1.17 1.17 1.17 1.17 1.17 1.17 1.17 1.17 1.17 1.17 1.17 1.17 1.17 1.17 1.17 1.17 1.17 1.17 1.17
1.17 1.17 1.17 1.17 1.17 1.17 1.17 1.17 1.17 1.17 1.17 1.17 1.17 1.17 1.17 1.17 1.17 1.17 1.17 1.17 1.17 1.17 1.17 1.17 1.17 1.17 1.17 1.17 1.17 1.17 1.17 1.17 1.17 1.17 1.17 1.17 1.17 1.17 1.17 1.17 1.17 1.17 1.17 1.17 1.17 1.17 1.17 1.17 1.17 1.17 1.17 1.17 1.17 1.17 1.17 1.17 1.17 1.17 1.17 1.17 1.17 1.17 1.17 1.17 1.17 1.17 1.17 1.17 1.17 1.17 1.17 1.17 1.17 1.17 1.17 1.17 1.17 1.17 1.17 1.17 1.17 1.17 1.17 1.17
1.17 1.17 1.17 1.17 1.17 1.17 1.17 1.17 1.17 1.17 1.17 1.17 1.17 1.17 1.17 1.17 1.17 1.17 1.17 1.17 1.17 1.17 1.17 1.17 1.17 1.17 1.17 1.17 1.17 1.17 1.17 1.17 1.17 1.17 1.17 1.17 1.17 1.17 1.17 1.17 1.17 1.17 1.17 1.17 1.17 1.17 1.17 1.17 1.17 1.17 1.17 1.17 1.17 1.17 1.17 1.17 1.17 1.17 1.17 1.17 1.17 1.17 1.17 1.17 1.17 1.17 1.17 1.17 1.17 1.17 1.17 1.17 1.17 1.17 1.17 1.17 1.17 1.17 1.17 1.17 1.17 1.17 1.17 1.17
1.17 1.17 1.17 1.17 1.17 1.17 1.17 1.17 1.17 1.17 1.17 1.17 1.17 1.17 1.17 1.17 1.17 1.17 1.17 1.17 1.17 1.17 1.17 1.17 1.17 1.17 1.17 1.17 1.17 1.17 1.17 1.17 1.17 1.17 1.17 1.17 1.17 1.17 1.17 1.17 1.17 1.17 1.17 1.17 1.17 1.17 1.17 1.17 1.17 1.17 1.17 1.17 1.17 1.17 1.17 1.17 1.17 1.17 1.17 1.17 1.17 1.17 1.17 1.17 1.17 1.17 1.17 1.17 1.17 1.17 1.17 1.17 1.17 1.17 1.17 1.17 1.17 1.17 1.17 1.17 1.17 1.17 1.17 1.17
1.17 1.17 1.17 1.17 1.17 1.17 1.17 1.17 1.17 1.17 1.17 1.17 1.17 1.17 1.17 1.17 1.17 1.17 1.17 1.17 1.17 1.17 1.17 1.17 1.17 1.17 1.17 1.17 1.17 1.17 1.17 1.17 1.17 1.17 1.17 1.17 1.17 1.17 1.17 1.17 1.17 1.17 1.17 1.17 1.17 1.17 1.17 1.17 1.17 1.17 1.17 1.17 1.17 1.17 1.17 1.17 1.17 1.17 1.17 1.17 1.17 1.17 1.17 1.17 1.17 1.17 1.17 1.17 1.17 1.17 1.17 1.17 1.17 1.17 1.17 1.17 1.17 1.17 1.17 1.17 1.17 1.17 1.17 1.17
1.17 1.17 1.17 1.17 1.17 1.17 1.17 1.17 1.17 1.17 1.17 1.17 1.17 1.17 1.17 1.17 1.17 1.17 1.17 1.17 1.17 1.17 1.17 1.17 1.17 1.17 1.17 1.17 1.17 1.17 1.17 1.17 1.17 1.17 1.17 1.17 1.17 1.17 1.17 1.17 1.17 1.17 1.17 1.17 1.17 1.17 1.17 1.17 1.17 1.17 1.17 1.17 1.17 1.17 1.17 1.17 1.17 1.17 1.17 1.17 1.17 1.17 1.17 1.17 1.17 1.17 1.17 1.17 1.17 1.17 1.17 1.17 1.17 1.17 1.17 1.17 1.17 1.17 1.17 1.17 1.17 1.17 1.17 1.17
1.17 1.17 1.17 1.17 1.17 1.17 1.17 1.17 1.17 1.17 1.17 1.17 1.17 1.17 1.17 1.17 1.17 1.17 1.17 1.17 1.17 1.17 1.17 1.17 1.17 1.17 1.17 1.17 1.17 1.17 1.17 1.17 1.17 1.17 1.17 1.17 1.17 1.17 1.17 1.17 1.17 1.17 1.17 1.18 1.18 1.18 1.17 1.17 1.17 1.17 1.17 1.17 1.17 1.17 1.17 1.17 1.17 1.17 1.17 1.17 1.17 1.17 1.17 1.17 1.17 1.17 1.17 1.17 1.17 1.17 1.17 1.17 1.17 1.17 1.17 1.17 1.17 1.17 1.17 1.17 1.17 1.17 1.17 1.17
1.17 1.17 1.17 1.17 1.17 1.17 1.17 1.17 1.17 1.17 1.17 1.17 1.17 1.17 1.17 1.17 1.17 1.17 1.17 1.17 1.17 1.17 1.17 1.17 1.17 1.17 1.17 1.17 1.17 1.17 1.17 1.17 1.17 1.17 1.17 1.17 1.17 1.17 1.17 1.18 1.18 1.18 1.18 1.18 1.18 1.18 1.18 1.18 1.18 1.18 1.17 1.17 1.17 1.17 1.17 1.17 1.17 1.17 1.17 1.17 1.17 1.17 1.17 1.17 1.17 1.17 1.17 1.17 1.17 1.17 1.17 1.17 1.17 1.17 1.17 1.17 1.17 1.17 1.17 1.17 1.17 1.17 1.17 1.17
1.17 1.17 1.17 1.17 1.17 1.17 1.17 1.17 1.17 1.17 1.17 1.17 1.17 1.17 1.17 1.17 1.17 1.17 1.17 1.17 1.17 1.17 1.17 1.17 1.17 1.17 1.17 1.17 1.17 1.17 1.17 1.17 1.17 1.17 1.17 1.17 1.17 1.17 1.18 1.18 1.18 1.18 1.18 1.18 1.18 1.18 1.18 1.18 1.18 1.18 1.18 1.17 1.17 1.17 1.17 1.17 1.17 1.17 1.17 1.17 1.17 1.17 1.17 1.17 1.17 1.17 1.17 1.17 1.17 1.17 1.17 1.17 1.17 1.17 1.17 1.17 1.17 1.17 1.17 1.17 1.17 1.17 1.17 1.17
1.17 1.17 1.17 1.17 1.17 1.17 1.17 1.17 1.17 1.17 1.17 1.17 1.17 1.17 1.17 1.17 1.17 1.17 1.17 1.17 1.17 1.17 1.17 1.17 1.17 1.17 1.17 1.17 1.17 1.17 1.17 1.17 1.17 1.17 1.17 1.17 1.18 1.18 1.18 1.18 1.18 1.18 1.18 1.18 1.18 1.18 1.18 1.18 1.18 1.18 1.18 1.18 1.17 1.17 1.17 1.17 1.17 1.17 1.17 1.17 1.17 1.17 1.17 1.17 1.17 1.17 1.17 1.17 1.17 1.17 1.17 1.17 1.17 1.17 1.17 1.17 1.17 1.17 1.17 1.17 1.17 1.17 1.17 1.17
1.17 1.17 1.17 1.17 1.17 1.17 1.17 1.17 1.17 1.17 1.17 1.17 1.17 1.17 1.17 1.17 1.17 1.17 1.17 1.17 1.17 1.17 1.17 1.17 1.17 1.17 1.17 1.17 1.17 1.17 1.17 1.17 1.17 1.17 1.17 1.18 1.18 1.18 1.18 1.18 1.18 1.18 1.18 1.18 1.18 1.18 1.18 1.18 1.18 1.18 1.18 1.18 1.18 1.17 1.17 1.17 1.17 1.17 1.17 1.17 1.17 1.17 1.17 1.17 1.17 1.17 1.17 1.17 1.17 1.17 1.17 1.17 1.17 1.17 1.17 1.17 1.17 1.17 1.17 1.17 1.17 1.17 1.17 1.17
1.17 1.17 1.17 1.17 1.17 1.17 1.17 1.17 1.17 1.17 1.17 1.17 1.17 1.17 1.17 1.17 1.17 1.17 1.17 1.17 1.17 1.16 1.16 1.17 1.17 1.17 1.17 1.17 1.17 1.17 1.17 1.17 1.17 1.17 1.17 1.18 1.18 1.18 1.18 1.18 1.18 1.18 1.18 1.18 1.18 1.18 1.18 1.18 1.18 1.18 1.18 1.18 1.18 1.18 1.17 1.17 1.17 1.17 1.17 1.17 1.17 1.17 1.17 1.17 1.17 1.17 1.17 1.17 1.17 1.17 1.17 1.17 1.17 1.17 1.17 1.17 1.17 1.17 1.17 1.17 1.17 1.17 1.17 1.17
1.17 1.17 1.17 1.17 1.17 1.17 1.17 1.17 1.17 1.17 1.17 1.17 1.17 1.17 1.17 1.17 1.16 1.16 1.16 1.16 1.16 1.16 1.16 1.16 1.16 1.16 1.17 1.17 1.17 1.17 1.17 1.17 1.17 1.17 1.17 1.18 1.18 1.18 1.18 1.18 1.18 1.18 1.18 1.19 1.19 1.18 1.18 1.18 1.18 1.18 1.18 1.18 1.18 1.18 1.17 1.17 1.17 1.17 1.17 1.17 1.17 1.17 1.17 1.17 1.16 1.16 1.16 1.16 1.16 1.16 1.16 1.16 1.16 1.17 1.17 1.17 1.17 1.17 1.17 1.17 1.17 1.17 1.17 1.17
1.17 1.17 1.17 1.17 1.17 1.17 1.17 1.17 1.17 1.17 1.17 1.17 1.17 1.17 1.16 1.16 1.16 1.16 1.16 1.16 1.16 1.16 1.16 1.16 1.16 1.16 1.16 1.17 1.17 1.17 1.17 1.17 1.17 1.17 1.18 1.18 1.18 1.18 1.18 1.18 1.19 1.19 1.19 1.19 1.19 1.19 1.19 1.19 1.19 1.18 1.18 1.18 1.18 1.18 1.18 1.17 1.17 1.17 1.17 1.17 1.17 1.17 1.16 1.16 1.16 1.16 1.16 1.16 1.16 1.16 1.16 1.16 1.16 1.16 1.16 1.17 1.17 1.17 1.17 1.17 1.17 1.17 1.17 1.17
1.17 1.17 1.17 1.17 1.17 1.17 1.17 1.17 1.17 1.17 1.17 1.17 1.16 1.16 1.16 1.16 1.16 1.16 1.16 1.16 1.16 1.16 1.16 1.16 1.16 1.16 1.16 1.16 1.17 1.17 1.17 1.17 1.17 1.17 1.18 1.18 1.18 1.18 1.19 1.19 1.19 1.19 1.19 1.19 1.19 1.19 1.19 1.19 1.19 1.19 1.18 1.18 1.18 1.18 1.18 1.17 1.17 1.17 1.17 1.17 1.17 1.16 1.16 1.16 1.16 1.16 1.16 1.16 1.16 1.16 1.16 1.16 1.16 1.16 1.16 1.16 1.16 1.17 1.17 1.17 1.17 1.17 1.17 1.17
1.17 1.17 1.17 1.17 1.17 1.17 1.17 1.17 1.17 1.17 1.17 1.16 1.16 1.16 1.16 1.16 1.16 1.16 1.16 1.16 1.16 1.16 1.16 1.16 1.16 1.16 1.16 1.16 1.16 1.17 1.17 1.17 1.17 1.18 1.18 1.18 1.18 1.19 1.19 1.19 1.19 1.19 1.20 1.20 1.20 1.20 1.19 1.19 1.19 1.19 1.19 1.18 1.18 1.18 1.18 1.17 1.17 1.17 1.17 1.17 1.17 1.16 1.16 1.16 1.16 1.16 1.16 1.16 1.16 1.16 1.16 1.16 1.16 1.16 1.16 1.16 1.16 1.16 1.16 1.17 1.17 1.17 1.17 1.17
1.17 1.17 1.17 1.17 1.17 1.17 1.17 1.17 1.17 1.16 1.16 1.16 1.16 1.16 1.16 1.16 1.16 1.16 1.16 1.16 1.16 1.16 1.16 1.16 1.16 1.16 1.16 1.16 1.16 1.17 1.17 1.17 1.17 1.18 1.18 1.18 1.19 1.19 1.19 1.19 1.20 1.20 1.20 1.20 1.20 1.20 1.20 1.20 1.20 1.19 1.19 1.19 1.18 1.18 1.18 1.17 1.17 1.17 1.17 1.17 1.16 1.16 1.16 1.16 1.16 1.16 1.16 1.16 1.16 1.16 1.16 1.16 1.16 1.16 1.16 1.16 1.16 1.16 1.16 1.16 1.17 1.17 1.17 1.17
1.17 1.17 1.17 1.17 1.17 1.17 1.17 1.17 1.16 1.16 1.16 1.16 1.16 1.16 1.16 1.16 1.16 1.16 1.16 1.16 1.16 1.16 1.16 1.16 1.16 1.16 1.16 1.16 1.16 1.16 1.17 1.17 1.17 1.18 1.18 1.18 1.19 1.19 1.20 1.20 1.20 1.21 1.21 1.21 1.21 1.21 1.21 1.20 1.20 1.20 1.19 1.19 1.19 1.18 1.18 1.17 1.17 1.17 1.17 1.16 1.16 1.16 1.16 1.16 1.16 1.16 1.16 1.16 1.16 1.16 1.16 1.16 1.16 1.16 1.16 1.16 1.16 1.16 1.16 1.16 1.16 1.17 1.17 1.17
1.17 1.17 1.17 1.17 1.17 1.17 1.17 1.16 1.16 1.16 1.16 1.16 1.16 1.16 1.16 1.16 1.16 1.16 1.16 1.15 1.15 1.15 1.15 1.15 1.15 1.15 1.16 1.16 1.16 1.16 1.17 1.17 1.17 1.18 1.18 1.19 1.19 1.19 1.20 1.20 1.21 1.21 1.21 1.22 1.22 1.22 1.21 1.21 1.21 1.20 1.20 1.19 1.19 1.18 1.18 1.18 1.17 1.17 1.17 1.16 1.16 1.16 1.16 1.16 1.16 1.16 1.15 1.16 1.16 1.16 1.16 1.16 1.16 1.16 1.16 1.16 1.16 1.16 1.16 1.16 1.16 1.16 1.16 1.17
1.17 1.17 1.17 1.17 1.17 1.17 1.16 1.16 1.16 1.16 1.16 1.16 1.16 1.16 1.16 1.16 1.16 1.15 1.15 1.15 1.15 1.15 1.15 1.15 1.15 1.15 1.15 1.15 1.16 1.16 1.16 1.17 1.17 1.17 1.18 1.19 1.19 1.20 1.20 1.21 1.22 1.22 1.22 1.22 1.23 1.22 1.22 1.22 1.21 1.21 1.20 1.20 1.19 1.19 1.18 1.17 1.17 1.17 1.16 1.16 1.16 1.16 1.15 1.15 1.15 1.15 1.15 1.15 1.15 1.15 1.15 1.16 1.16 1.16 1.16 1.16 1.16 1.16 1.16 1.16 1.16 1.16 1.16 1.16
1.17 1.17 1.17 1.17 1.17 1.16 1.16 1.16 1.16 1.16 1.16 1.16 1.16 1.16 1.16 1.15 1.15 1.15 1.15 1.15 1.15 1.15 1.15 1.15 1.15 1.15 1.15 1.15 1.16 1.16 1.16 1.17 1.17 1.17 1.18 1.19 1.20 1.20 1.21 1.22 1.23 1.23 1.24 1.24 1.24 1.24 1.23 1.23 1.22 1.21 1.21 1.20 1.19 1.19 1.18 1.17 1.17 1.17 1.16 1.16 1.16 1.15 1.15 1.15 1.15 1.15 1.15 1.15 1.15 1.15 1.15 1.15 1.15 1.16 1.16 1.16 1.16 1.16 1.16 1.16 1.16 1.16 1.16 1.16
1.17 1.17 1.17 1.17 1.16 1.16 1.16 1.16 1.16 1.16 1.16 1.16 1.16 1.16 1.15 1.15 1.15 1.15 1.15 1.15 1.15 1.14 1.14 1.14 1.14 1.15 1.15 1.15 1.15 1.15 1.16 1.16 1.17 1.17 1.18 1.19 1.20 1.20 1.21 1.23 1.24 1.25 1.25 1.25 1.25 1.25 1.25 1.24 1.23 1.22 1.21 1.20 1.20 1.19 1.18 1.17 1.17 1.16 1.16 1.16 1.15 1.15 1.15 1.15 1.15 1.15 1.15 1.15 1.15 1.15 1.15 1.15 1.15 1.15 1.15 1.16 1.16 1.16 1.16 1.16 1.16 1.16 1.16 1.16
1.17 1.17 1.17 1.16 1.16 1.16 1.16 1.16 1.16 1.16 1.16 1.16 1.15 1.15 1.15 1.15 1.15 1.15 1.14 1.14 1.14 1.14 1.14 1.14 1.14 1.14 1.14 1.14 1.15 1.15 1.16 1.16 1.16 1.16 1.18 1.19 1.20 1.21 1.22 1.24 1.25 1.26 1.27 1.27 1.27 1.27 1.27 1.26 1.25 1.23 1.22 1.21 1.20 1.19 1.18 1.17 1.16 1.16 1.16 1.15 1.15 1.15 1.15 1.14 1.14 1.14 1.14 1.14 1.14 1.15 1.15 1.15 1.15 1.15 1.15 1.15 1.15 1.16 1.16 1.16 1.16 1.16 1.16 1.16
1.17 1.17 1.16 1.16 1.16 1.16 1.16 1.16 1.16 1.16 1.16 1.15 1.15 1.15 1.15 1.15 1.15 1.14 1.14 1.14 1.14 1.14 1.14 1.14 1.14 1.14 1.14 1.14 1.15 1.15 1.15 1.16 1.15 1.16 1.18 1.19 1.20 1.21 1.23 1.25 1.27 1.29 1.29 1.30 1.30 1.30 1.29 1.28 1.26 1.24 1.23 1.21 1.20 1.19 1.17 1.17 1.16 1.15 1.15 1.15 1.15 1.14 1.14 1.14 1.14 1.14 1.14 1.14 1.14 1.14 1.14 1.14 1.15 1.15 1.15 1.15 1.15 1.15 1.16 1.16 1.16 1.16 1.16 1.16
1.17 1.16 1.16 1.16 1.16 1.16 1.16 1.16 1.16 1.16 1.15 1.15 1.15 1.15 1.15 1.14 1.14 1.14 1.14 1.14 1.13 1.13 1.13 1.13 1.13 1.13 1.13 1.14 1.14 1.14 1.15 1.14 1.14 1.15 1.17 1.19 1.20 1.22 1.24 1.26 1.30 1.32 1.33 1.33 1.34 1.33 1.32 1.30 1.28 1.26 1.24 1.21 1.20 1.18 1.17 1.16 1.15 1.15 1.15 1.14 1.14 1.14 1.14 1.14 1.13 1.13 1.14 1.14 1.14 1.14 1.14 1.14 1.14 1.15 1.15 1.15 1.15 1.15 1.15 1.16 1.16 1.16 1.16 1.16
1.17 1.16 1.16 1.16 1.16 1.16 1.16 1.16 1.16 1.15 1.15 1.15 1.15 1.15 1.14 1.14 1.14 1.14 1.13 1.13 1.13 1.13 1.13 1.13 1.13 1.13 1.13 1.13 1.14 1.14 1.13 1.13 1.14 1.14 1.16 1.18 1.20 1.22 1.25 1.28 1.32 1.36 1.38 1.38 1.38 1.37 1.36 1.34 1.31 1.28 1.24 1.21 1.19 1.17 1.16 1.15 1.15 1.14 1.14 1.14 1.13 1.13 1.13 1.13 1.13 1.13 1.13 1.13 1.13 1.13 1.14 1.14 1.14 1.14 1.14 1.15 1.15 1.15 1.15 1.15 1.16 1.16 1.16 1.16
1.16 1.16 1.16 1.16 1.16 1.16 1.16 1.16 1.15 1.15 1.15 1.15 1.15 1.14 1.14 1.14 1.13 1.13 1.13 1.13 1.12 1.12 1.12 1.12 1.12 1.12 1.12 1.12 1.13 1.12 1.11 1.11 1.13 1.13 1.15 1.17 1.19 1.23 1.27 1.31 1.36 1.41 1.44 1.45 1.44 1.43 1.42 1.39 1.35 1.30 1.25 1.21 1.18 1.17 1.15 1.14 1.14 1.13 1.13 1.13 1.13 1.12 1.12 1.12 1.12 1.12 1.13 1.13 1.13 1.13 1.13 1.13 1.14 1.14 1.14 1.14 1.15 1.15 1.15 1.15 1.15 1.16 1.16 1.16
1.16 1.16 1.16 1.16 1.16 1.16 1.16 1.16 1.15 1.15 1.15 1.15 1.14 1.14 1.14 1.13 1.13 1.13 1.12 1.12 1.12 1.12 1.12 1.11 1.11 1.11 1.11 1.11 1.11 1.10 1.09 1.10 1.11 1.12 1.13 1.15 1.18 1.22 1.27 1.34 1.43 1.52 1.55 1.52 1.49 1.50 1.50 1.48 1.41 1.32 1.25 1.20 1.17 1.15 1.14 1.13 1.12 1.12 1.12 1.12 1.12 1.12 1.11 1.12 1.12 1.12 1.12 1.12 1.12 1.12 1.13 1.13 1.13 1.13 1.14 1.14 1.14 1.15 1.15 1.15 1.15 1.15 1.16 1.16
1.16 1.16 1.16 1.16 1.16 1.16 1.16 1.15 1.15 1.15 1.15 1.14 1.14 1.14 1.13 1.13 1.13 1.12 1.12 1.12 1.11 1.11 1.11 1.11 1.11 1.11 1.10 1.10 1.09 1.08 1.08 1.09 1.10 1.10 1.11 1.13 1.16 1.20 1.25 1.34 1.53 1.74 1.72 1.58 1.53 1.56 1.62 1.62 1.50 1.34 1.23 1.18 1.15 1.13 1.12 1.11 1.11 1.11 1.11 1.11 1.10 1.10 1.11 1.11 1.11 1.11 1.11 1.11 1.12 1.12 1.12 1.13 1.13 1.13 1.13 1.14 1.14 1.14 1.15 1.15 1.15 1.15 1.15 1.16
1.16 1.16 1.16 1.16 1.16 1.16 1.15 1.15 1.15 1.15 1.14 1.14 1.14 1.13 1.13 1.13 1.12 1.12 1.11 1.11 1.11 1.10 1.11 1.10 1.10 1.09 1.08 1.08 1.08 1.07 1.07 1.07 1.07 1.08 1.09 1.10 1.12 1.17 1.24 1.28 1.52 1.96 2.00 1.69 1.63 1.65 1.78 1.78 1.59 1.33 1.18 1.15 1.12 1.11 1.10 1.09 1.09 1.09 1.09 1.09 1.09 1.09 1.09 1.10 1.10 1.10 1.11 1.11 1.11 1.11 1.12 1.12 1.12 1.13 1.13 1.13 1.14 1.14 1.14 1.15 1.15 1.15 1.15 1.16
1.16 1.16 1.16 1.16 1.16 1.15 1.15 1.15 1.15 1.14 1.14 1.14 1.13 1.13 1.13 1.12 1.12 1.11 1.11 1.11 1.10 1.10 1.10 1.10 1.09 1.08 1.06 1.06 1.06 1.05 1.05 1.05 1.05 1.04 1.05 1.07 1.08 1.11 1.22 1.25 1.46 2.07 2.30 2.08 1.80 1.77 1.88 1.87 1.59 1.21 1.10 1.11 1.08 1.08 1.08 1.07 1.07 1.07 1.07 1.07 1.07 1.08 1.08 1.08 1.09 1.09 1.10 1.10 1.10 1.11 1.11 1.12 1.12 1.12 1.13 1.13 1.13 1.14 1.14 1.14 1.15 1.15 1.15 1.15
1.16 1.16 1.16 1.16 1.16 1.15 1.15 1.15 1.15 1.14 1.14 1.13 1.13 1.13 1.12 1.12 1.11 1.11 1.10 1.10 1.10 1.10 1.09 1.08 1.07 1.06 1.05 1.05 1.04 1.04 1.03 1.02 1.02 1.01 1.02 1.02 1.03 1.05 1.15 1.27 1.56 2.10 2.48 2.24 1.84 1.82 1.92 1.81 1.39 0.95 0.95 1.05 1.05 1.06 1.06 1.06 1.05 1.05 1.05 1.05 1.06 1.06 1.07 1.07 1.08 1.08 1.09 1.09 1.10 1.10 1.10 1.11 1.11 1.12 1.12 1.13 1.13 1.13 1.14 1.14 1.14 1.15 1.15 1.15
1.16 1.16 1.16 1.16 1.15 1.15 1.15 1.15 1.14 1.14 1.14 1.13 1.13 1.12 1.12 1.11 1.11 1.10 1.10 1.09 1.09 1.09 1.08 1.07 1.05 1.04 1.04 1.03 1.02 1.02 1.00 0.99 0.99 0.98 0.98 0.98 0.98 0.97 1.04 1.21 1.56 2.16 2.62 2.26 1.72 1.79 1.91 1.63 1.06 0.75 0.85 1.02 1.08 1.07 1.04 1.04 1.03 1.02 1.02 1.03 1.04 1.04 1.05 1.06 1.06 1.07 1.08 1.08 1.09 1.09 1.10 1.10 1.11 1.11 1.12 1.12 1.13 1.13 1.14 1.14 1.14 1.15 1.15 1.15
1.16 1.16 1.16 1.16 1.15 1.15 1.15 1.14 1.14 1.14 1.13 1.13 1.12 1.12 1.11 1.11 1.10 1.10 1.09 1.09 1.09 1.09 1.07 1.05 1.03 1.03 1.02 1.00 1.00 0.99 0.98 0.96 0.96 0.94 0.94 0.94 0.92 0.89 0.91 1.13 1.47 2.21 2.66 2.14 1.51 1.77 1.85 1.32 0.74 0.68 0.82 1.01 1.13 1.07 1.04 1.03 1.00 0.99 1.00 1.00 1.01 1.02 1.03 1.04 1.05 1.06 1.06 1.07 1.08 1.09 1.09 1.10 1.10 1.11 1.11 1.12 1.12 1.13 1.13 1.14 1.14 1.14 1.15 1.15
1.16 1.16 1.16 1.15 1.15 1.15 1.15 1.14 1.14 1.13 1.13 1.13 1.12 1.11 1.11 1.10 1.10 1.09 1.09 1.08 1.09 1.07 1.05 1.03 1.02 1.02 1.00 0.98 0.97 0.96 0.95 0.93 0.92 0.92 0.93 0.92 0.85 0.78 0.83 1.03 1.36 2.30 2.66 1.91 1.37 1.76 1.72 0.96 0.64 0.72 0.84 1.01 1.13 1.13 1.09 1.00 0.95 0.97 0.97 0.97 0.99 0.99 1.01 1.02 1.03 1.04 1.05 1.06 1.07 1.08 1.08 1.09 1.10 1.10 1.11 1.11 1.12 1.12 1.13 1.13 1.14 1.14 1.14 1.15
