data/AilsaCraig_315_1_25m_vel.asc
ncols	257
nrows	257
xllcorner	3364200.000000
yllcorner	3669375.000000
cellsize	25.000000
NODATA_value	-1.000000
[rows 114 to 151 of 257, columns 84 to 167 of 257]
0.98 0.98 0.98 0.98 0.98 0.97 0.97 0.97 0.96 0.96 0.95 0.94 0.94 0.93 0.92 0.91 0.90 0.89 0.88 0.87 0.87 0.86 0.83 0.78 0.76 0.73 0.71 0.66 0.60 0.56 0.49 0.41 0.31 0.23 0.20 0.20 0.24 0.29 0.35 0.50 0.79 1.81 1.99 1.22 1.07 1.34 1.10 0.63 0.57 0.71 0.85 0.95 1.10 1.26 1.29 1.22 1.23 1.19 1.13 1.11 1.09 1.07 1.05 1.04 1.03 1.03 1.02 1.01 1.01 1.01 1.00 1.00 1.00 1.00 0.99 0.99 0.99 0.99 0.99 0.99 0.99 0.99 0.99 0.99
0.98 0.98 0.98 0.98 0.97 0.97 0.97 0.96 0.96 0.95 0.95 0.94 0.93 0.92 0.92 0.91 0.89 0.88 0.88 0.87 0.86 0.84 0.80 0.77 0.75 0.73 0.69 0.63 0.59 0.53 0.45 0.36 0.27 0.21 0.22 0.27 0.33 0.36 0.46 0.64 1.00 1.93 1.86 0.96 0.97 1.18 0.89 0.74 0.74 0.82 0.96 1.06 1.22 1.35 1.40 1.39 1.26 1.15 1.14 1.11 1.09 1.07 1.05 1.04 1.03 1.03 1.02 1.01 1.01 1.01 1.00 1.00 1.00 0.99 0.99 0.99 0.99 0.99 0.99 0.99 0.99 0.99 0.99 0.99
0.98 0.98 0.98 0.98 0.97 0.97 0.97 0.96 0.96 0.95 0.95 0.94 0.93 0.92 0.91 0.90 0.89 0.88 0.88 0.87 0.86 0.83 0.79 0.76 0.74 0.72 0.67 0.61 0.57 0.50 0.41 0.32 0.25 0.24 0.30 0.38 0.42 0.43 0.55 0.74 1.17 1.89 1.66 0.88 0.99 1.15 0.91 0.89 0.96 0.99 1.10 1.16 1.29 1.39 1.42 1.33 1.09 1.12 1.16 1.10 1.09 1.07 1.05 1.04 1.03 1.02 1.02 1.01 1.01 1.00 1.00 1.00 1.00 0.99 0.99 0.99 0.99 0.99 0.99 0.99 0.99 0.99 0.99 0.99
0.98 0.98 0.98 0.98 0.97 0.97 0.97 0.96 0.96 0.95 0.94 0.94 0.93 0.92 0.91 0.90 0.89 0.88 0.87 0.87 0.84 0.81 0.78 0.76 0.73 0.70 0.64 0.60 0.54 0.46 0.37 0.30 0.29 0.32 0.40 0.46 0.48 0.52 0.67 0.86 1.27 1.75 1.50 0.99 1.10 1.20 1.00 0.99 1.17 1.15 1.16 1.22 1.30 1.38 1.35 1.32 1.17 1.12 1.12 1.10 1.09 1.07 1.06 1.04 1.03 1.02 1.01 1.01 1.01 1.00 1.00 1.00 0.99 0.99 0.99 0.99 0.99 0.99 0.99 0.99 0.99 0.99 0.99 0.99
0.98 0.98 0.98 0.98 0.97 0.97 0.96 0.96 0.95 0.95 0.94 0.93 0.93 0.92 0.91 0.90 0.89 0.88 0.87 0.86 0.83 0.80 0.78 0.75 0.73 0.68 0.63 0.59 0.52 0.44 0.36 0.32 0.34 0.38 0.45 0.49 0.52 0.62 0.77 0.94 1.26 1.55 1.41 1.19 1.25 1.25 1.13 1.17 1.31 1.19 1.17 1.28 1.31 1.40 1.37 1.38 1.36 1.13 1.12 1.13 1.09 1.08 1.05 1.04 1.02 1.02 1.01 1.01 1.00 1.00 1.00 0.99 0.99 0.99 0.99 0.99 0.99 0.99 0.99 0.99 0.99 0.99 0.99 0.99
0.98 0.98 0.98 0.97 0.97 0.97 0.96 0.96 0.95 0.95 0.94 0.93 0.92 0.91 0.90 0.89 0.88 0.88 0.87 0.85 0.82 0.79 0.77 0.75 0.71 0.66 0.62 0.57 0.50 0.43 0.39 0.39 0.41 0.45 0.51 0.54 0.61 0.73 0.84 0.97 1.19 1.37 1.37 1.35 1.33 1.26 1.25 1.34 1.31 1.17 1.29 1.38 1.34 1.44 1.45 1.38 1.38 1.21 1.13 1.11 1.08 1.07 1.05 1.03 1.02 1.02 1.01 1.01 1.00 1.00 0.99 0.99 0.99 0.99 0.99 0.99 0.99 0.99 0.99 0.99 0.99 0.99 0.99 0.99
0.98 0.98 0.98 0.97 0.97 0.97 0.96 0.96 0.95 0.94 0.94 0.93 0.92 0.91 0.90 0.89 0.88 0.88 0.86 0.84 0.81 0.79 0.77 0.74 0.70 0.65 0.62 0.56 0.49 0.44 0.42 0.45 0.50 0.55 0.59 0.62 0.71 0.80 0.85 0.93 1.11 1.26 1.37 1.40 1.33 1.29 1.33 1.36 1.29 1.27 1.37 1.37 1.34 1.47 1.47 1.41 1.45 1.28 1.05 1.06 1.08 1.07 1.04 1.03 1.02 1.01 1.01 1.00 0.99 0.99 0.99 0.99 0.99 0.98 0.98 0.98 0.98 0.98 0.98 0.98 0.99 0.99 0.99 0.99
0.98 0.98 0.98 0.97 0.97 0.97 0.96 0.96 0.95 0.94 0.94 0.93 0.92 0.91 0.90 0.89 0.88 0.87 0.86 0.84 0.81 0.79 0.76 0.72 0.68 0.65 0.60 0.54 0.48 0.46 0.48 0.50 0.55 0.61 0.66 0.69 0.76 0.80 0.80 0.90 1.06 1.24 1.39 1.40 1.33 1.33 1.38 1.39 1.35 1.34 1.37 1.38 1.45 1.55 1.54 1.50 1.48 1.33 1.15 1.12 1.12 1.07 1.04 1.02 1.01 1.01 1.00 0.99 0.99 0.99 0.99 0.98 0.98 0.98 0.98 0.98 0.98 0.98 0.98 0.98 0.98 0.98 0.99 0.99
0.98 0.98 0.98 0.97 0.97 0.97 0.96 0.96 0.95 0.94 0.93 0.93 0.92 0.91 0.90 0.89 0.88 0.87 0.86 0.83 0.80 0.78 0.75 0.71 0.68 0.64 0.59 0.53 0.48 0.48 0.51 0.53 0.56 0.62 0.66 0.70 0.75 0.76 0.78 0.91 1.10 1.28 1.39 1.39 1.35 1.37 1.41 1.43 1.38 1.36 1.41 1.51 1.60 1.60 1.55 1.50 1.36 1.21 1.16 1.16 1.11 1.05 1.03 1.01 1.01 1.00 0.99 0.98 0.98 0.98 0.98 0.98 0.98 0.98 0.98 0.98 0.98 0.98 0.98 0.98 0.98 0.98 0.98 0.99
0.98 0.98 0.98 0.97 0.97 0.96 0.96 0.95 0.95 0.94 0.93 0.93 0.92 0.91 0.90 0.89 0.88 0.87 0.86 0.83 0.80 0.77 0.74 0.71 0.67 0.63 0.57 0.52 0.49 0.49 0.50 0.52 0.55 0.59 0.61 0.66 0.72 0.75 0.81 0.99 1.18 1.30 1.38 1.38 1.37 1.40 1.44 1.44 1.40 1.41 1.50 1.60 1.64 1.57 1.48 1.42 1.31 1.19 1.10 1.01 0.99 1.00 1.01 1.01 0.99 0.98 0.98 0.98 0.98 0.98 0.98 0.97 0.97 0.98 0.98 0.98 0.98 0.98 0.98 0.98 0.98 0.98 0.98 0.98
0.98 0.98 0.98 0.97 0.97 0.96 0.96 0.95 0.95 0.94 0.93 0.92 0.92 0.91 0.90 0.89 0.88 0.87 0.85 0.82 0.79 0.77 0.74 0.70 0.66 0.62 0.56 0.50 0.48 0.47 0.47 0.49 0.53 0.57 0.60 0.66 0.74 0.82 0.91 1.09 1.25 1.33 1.39 1.40 1.39 1.42 1.46 1.45 1.42 1.46 1.55 1.61 1.58 1.48 1.39 1.33 1.26 1.19 1.14 1.08 1.00 1.02 1.02 0.99 0.98 0.97 0.98 0.97 0.97 0.97 0.97 0.97 0.97 0.97 0.97 0.97 0.97 0.98 0.98 0.98 0.98 0.98 0.98 0.98
0.98 0.98 0.98 0.97 0.97 0.96 0.96 0.95 0.95 0.94 0.93 0.92 0.91 0.91 0.90 0.89 0.88 0.87 0.85 0.81 0.79 0.77 0.74 0.69 0.65 0.60 0.55 0.50 0.48 0.45 0.44 0.47 0.52 0.59 0.66 0.73 0.82 0.90 0.99 1.18 1.30 1.37 1.43 1.44 1.42 1.45 1.50 1.49 1.46 1.48 1.54 1.54 1.45 1.34 1.27 1.23 1.17 1.13 1.10 1.10 1.10 1.05 0.99 0.97 0.97 0.97 0.96 0.96 0.96 0.96 0.96 0.97 0.97 0.97 0.97 0.97 0.97 0.97 0.97 0.98 0.98 0.98 0.98 0.98
0.98 0.98 0.97 0.97 0.97 0.96 0.96 0.95 0.95 0.94 0.93 0.92 0.91 0.91 0.90 0.89 0.88 0.87 0.84 0.81 0.79 0.76 0.73 0.68 0.65 0.59 0.54 0.50 0.47 0.45 0.45 0.48 0.55 0.65 0.73 0.80 0.89 0.95 1.05 1.24 1.34 1.42 1.47 1.45 1.43 1.48 1.52 1.48 1.42 1.43 1.45 1.40 1.28 1.19 1.16 1.14 1.09 1.06 1.03 1.01 0.98 0.95 0.96 0.97 0.95 0.95 0.95 0.95 0.95 0.95 0.96 0.96 0.96 0.96 0.96 0.97 0.97 0.97 0.97 0.97 0.98 0.98 0.98 0.98
0.98 0.98 0.97 0.97 0.97 0.96 0.96 0.95 0.95 0.94 0.93 0.92 0.92 0.91 0.90 0.89 0.88 0.87 0.84 0.81 0.79 0.76 0.72 0.68 0.64 0.58 0.53 0.48 0.47 0.47 0.48 0.52 0.59 0.68 0.75 0.85 0.94 0.98 1.11 1.30 1.40 1.47 1.47 1.42 1.42 1.48 1.46 1.35 1.30 1.33 1.34 1.26 1.13 1.10 1.11 1.07 1.02 1.00 0.99 0.97 0.94 0.94 0.95 0.94 0.94 0.93 0.94 0.94 0.94 0.95 0.95 0.95 0.96 0.96 0.96 0.96 0.97 0.97 0.97 0.97 0.97 0.98 0.98 0.98
0.98 0.98 0.97 0.97 0.97 0.96 0.96 0.95 0.95 0.94 0.93 0.93 0.92 0.91 0.90 0.90 0.89 0.87 0.84 0.81 0.78 0.76 0.72 0.68 0.63 0.58 0.52 0.49 0.49 0.50 0.52 0.57 0.64 0.70 0.77 0.88 0.95 1.00 1.18 1.36 1.45 1.49 1.44 1.38 1.41 1.44 1.33 1.20 1.21 1.25 1.20 1.11 1.06 1.10 1.12 1.07 1.04 1.03 1.00 0.96 0.95 0.95 0.93 0.93 0.93 0.92 0.93 0.93 0.94 0.94 0.94 0.95 0.95 0.95 0.96 0.96 0.96 0.97 0.97 0.97 0.97 0.98 0.98 0.98
0.98 0.98 0.98 0.97 0.97 0.96 0.96 0.95 0.95 0.94 0.93 0.93 0.92 0.91 0.91 0.90 0.89 0.87 0.83 0.80 0.79 0.76 0.72 0.68 0.63 0.58 0.55 0.53 0.52 0.52 0.56 0.63 0.68 0.72 0.80 0.90 0.96 1.06 1.28 1.42 1.49 1.49 1.41 1.36 1.39 1.37 1.22 1.14 1.16 1.13 1.06 1.06 1.10 1.16 1.16 1.12 1.10 1.09 1.02 0.96 0.93 0.92 0.93 0.92 0.91 0.91 0.91 0.91 0.92 0.93 0.93 0.94 0.95 0.95 0.95 0.96 0.96 0.96 0.97 0.97 0.97 0.97 0.98 0.98
0.98 0.98 0.98 0.97 0.97 0.96 0.96 0.95 0.95 0.94 0.94 0.93 0.92 0.91 0.91 0.90 0.89 0.86 0.83 0.81 0.79 0.76 0.72 0.68 0.63 0.59 0.56 0.54 0.52 0.54 0.59 0.65 0.70 0.76 0.85 0.95 1.06 1.21 1.40 1.51 1.54 1.49 1.40 1.35 1.36 1.30 1.17 1.13 1.11 1.03 1.04 1.15 1.22 1.23 1.20 1.15 1.13 1.08 0.99 0.95 0.94 0.93 0.91 0.89 0.89 0.89 0.89 0.90 0.91 0.92 0.93 0.94 0.94 0.94 0.95 0.95 0.96 0.96 0.96 0.97 0.97 0.97 0.97 0.98
0.98 0.98 0.98 0.97 0.97 0.97 0.96 0.96 0.95 0.94 0.94 0.93 0.93 0.92 0.91 0.91 0.90 0.86 0.83 0.82 0.80 0.76 0.72 0.68 0.64 0.59 0.57 0.55 0.55 0.57 0.61 0.68 0.74 0.82 0.91 1.03 1.18 1.35 1.52 1.59 1.57 1.48 1.39 1.34 1.31 1.25 1.17 1.14 1.08 1.05 1.15 1.30 1.32 1.25 1.18 1.12 1.08 1.01 0.94 0.93 0.92 0.91 0.90 0.88 0.87 0.87 0.88 0.89 0.90 0.91 0.92 0.93 0.93 0.94 0.94 0.95 0.95 0.96 0.96 0.96 0.97 0.97 0.97 0.98
0.98 0.98 0.98 0.97 0.97 0.97 0.96 0.96 0.95 0.95 0.94 0.93 0.93 0.92 0.92 0.91 0.90 0.87 0.84 0.82 0.80 0.76 0.73 0.69 0.64 0.59 0.56 0.57 0.59 0.61 0.65 0.71 0.78 0.86 0.97 1.11 1.27 1.46 1.60 1.63 1.57 1.47 1.37 1.29 1.27 1.26 1.21 1.13 1.10 1.15 1.31 1.40 1.29 1.14 1.04 0.99 0.94 0.89 0.89 0.90 0.89 0.87 0.85 0.84 0.83 0.84 0.86 0.88 0.89 0.90 0.91 0.92 0.93 0.94 0.94 0.95 0.95 0.95 0.96 0.96 0.97 0.97 0.97 0.98
0.98 0.98 0.98 0.97 0.97 0.97 0.96 0.96 0.95 0.95 0.94 0.94 0.93 0.93 0.93 0.92 0.90 0.87 0.84 0.83 0.81 0.77 0.74 0.70 0.65 0.60 0.58 0.59 0.63 0.66 0.70 0.76 0.82 0.91 1.04 1.21 1.39 1.57 1.65 1.65 1.58 1.48 1.35 1.28 1.29 1.30 1.21 1.14 1.18 1.31 1.40 1.34 1.15 1.00 0.91 0.86 0.81 0.79 0.81 0.83 0.82 0.81 0.79 0.79 0.80 0.82 0.84 0.86 0.88 0.89 0.91 0.92 0.93 0.93 0.94 0.94 0.95 0.95 0.96 0.96 0.96 0.97 0.97 0.97
0.98 0.98 0.98 0.97 0.97 0.97 0.96 0.96 0.96 0.95 0.95 0.94 0.94 0.93 0.93 0.92 0.90 0.87 0.86 0.84 0.82 0.78 0.75 0.71 0.67 0.66 0.65 0.65 0.66 0.70 0.75 0.82 0.88 0.98 1.13 1.32 1.51 1.64 1.68 1.66 1.58 1.47 1.35 1.31 1.34 1.31 1.21 1.20 1.30 1.38 1.33 1.17 1.04 0.95 0.90 0.87 0.83 0.80 0.78 0.78 0.77 0.77 0.75 0.76 0.78 0.81 0.84 0.86 0.87 0.88 0.90 0.91 0.92 0.93 0.93 0.94 0.95 0.95 0.96 0.96 0.96 0.97 0.97 0.97
0.98 0.98 0.98 0.98 0.97 0.97 0.97 0.96 0.96 0.95 0.95 0.95 0.94 0.94 0.94 0.93 0.90 0.88 0.87 0.86 0.83 0.80 0.77 0.73 0.70 0.69 0.68 0.68 0.70 0.74 0.80 0.89 0.96 1.07 1.24 1.46 1.62 1.68 1.68 1.65 1.56 1.47 1.39 1.38 1.38 1.30 1.21 1.27 1.35 1.30 1.16 1.06 1.00 0.94 0.90 0.89 0.87 0.86 0.85 0.81 0.76 0.73 0.72 0.73 0.77 0.81 0.83 0.85 0.86 0.88 0.89 0.90 0.91 0.92 0.93 0.94 0.94 0.95 0.95 0.96 0.96 0.97 0.97 0.97
0.98 0.98 0.98 0.98 0.97 0.97 0.97 0.96 0.96 0.96 0.95 0.95 0.95 0.95 0.94 0.92 0.91 0.89 0.88 0.87 0.85 0.83 0.80 0.76 0.71 0.69 0.70 0.73 0.77 0.82 0.88 0.96 1.06 1.19 1.40 1.60 1.69 1.68 1.66 1.63 1.57 1.50 1.45 1.42 1.37 1.27 1.26 1.33 1.29 1.14 1.04 1.01 0.98 0.92 0.89 0.87 0.85 0.84 0.83 0.78 0.72 0.70 0.70 0.73 0.77 0.80 0.83 0.85 0.87 0.87 0.88 0.90 0.91 0.92 0.93 0.94 0.94 0.95 0.95 0.96 0.96 0.96 0.97 0.97
0.98 0.98 0.98 0.98 0.98 0.97 0.97 0.97 0.96 0.96 0.96 0.96 0.95 0.95 0.94 0.93 0.92 0.91 0.90 0.89 0.87 0.86 0.84 0.80 0.76 0.75 0.80 0.87 0.91 0.95 1.00 1.08 1.20 1.38 1.57 1.68 1.68 1.65 1.65 1.63 1.59 1.53 1.47 1.43 1.36 1.29 1.33 1.35 1.19 1.03 0.97 0.97 0.95 0.91 0.87 0.84 0.80 0.78 0.74 0.70 0.68 0.68 0.68 0.72 0.77 0.81 0.83 0.85 0.86 0.86 0.87 0.89 0.91 0.92 0.93 0.93 0.94 0.94 0.95 0.96 0.96 0.96 0.97 0.97
0.98 0.98 0.98 0.98 0.98 0.97 0.97 0.97 0.97 0.96 0.96 0.96 0.96 0.95 0.94 0.94 0.93 0.93 0.92 0.91 0.90 0.89 0.88 0.86 0.87 0.92 0.97 1.03 1.06 1.09 1.15 1.24 1.42 1.59 1.69 1.70 1.67 1.67 1.67 1.65 1.59 1.52 1.48 1.45 1.39 1.36 1.40 1.32 1.10 0.97 0.95 0.95 0.95 0.90 0.84 0.80 0.76 0.73 0.68 0.64 0.63 0.64 0.67 0.72 0.78 0.81 0.83 0.84 0.84 0.84 0.86 0.89 0.91 0.92 0.92 0.93 0.94 0.94 0.95 0.95 0.96 0.96 0.97 0.97
0.98 0.98 0.98 0.98 0.98 0.98 0.97 0.97 0.97 0.97 0.97 0.96 0.96 0.96 0.95 0.95 0.95 0.94 0.93 0.93 0.92 0.93 0.93 0.94 0.97 1.04 1.13 1.17 1.21 1.28 1.35 1.49 1.66 1.75 1.76 1.74 1.72 1.71 1.68 1.63 1.57 1.53 1.55 1.55 1.48 1.44 1.42 1.26 1.03 0.94 0.92 0.93 0.92 0.87 0.81 0.76 0.73 0.67 0.61 0.59 0.60 0.63 0.67 0.73 0.78 0.79 0.79 0.79 0.80 0.83 0.86 0.89 0.90 0.91 0.92 0.93 0.94 0.94 0.95 0.95 0.96 0.96 0.97 0.97
0.99 0.98 0.98 0.98 0.98 0.98 0.98 0.97 0.97 0.97 0.97 0.97 0.96 0.96 0.96 0.96 0.96 0.95 0.95 0.95 0.96 0.96 0.98 1.03 1.13 1.23 1.24 1.26 1.38 1.47 1.59 1.74 1.82 1.81 1.80 1.79 1.75 1.69 1.64 1.59 1.55 1.57 1.65 1.61 1.48 1.41 1.33 1.14 0.97 0.91 0.89 0.89 0.88 0.82 0.77 0.73 0.69 0.62 0.56 0.55 0.58 0.63 0.68 0.73 0.75 0.73 0.72 0.75 0.79 0.82 0.86 0.88 0.90 0.91 0.92 0.93 0.93 0.94 0.95 0.95 0.96 0.96 0.97 0.97
0.99 0.99 0.98 0.98 0.98 0.98 0.98 0.98 0.98 0.97 0.97 0.97 0.97 0.97 0.97 0.97 0.96 0.96 0.97 0.97 0.98 1.00 1.02 1.11 1.26 1.39 1.40 1.41 1.49 1.59 1.75 1.84 1.81 1.78 1.79 1.77 1.69 1.61 1.57 1.56 1.56 1.63 1.69 1.52 1.30 1.23 1.12 0.98 0.90 0.84 0.82 0.83 0.82 0.77 0.73 0.69 0.64 0.57 0.52 0.52 0.55 0.61 0.67 0.70 0.69 0.67 0.70 0.75 0.80 0.83 0.86 0.88 0.90 0.91 0.92 0.92 0.93 0.94 0.95 0.95 0.96 0.96 0.97 0.97
0.99 0.99 0.98 0.98 0.98 0.98 0.98 0.98 0.98 0.98 0.98 0.98 0.98 0.97 0.97 0.97 0.97 0.98 0.98 0.99 1.00 1.02 1.05 1.12 1.21 1.34 1.50 1.52 1.54 1.64 1.75 1.75 1.69 1.72 1.75 1.68 1.58 1.52 1.51 1.54 1.58 1.67 1.64 1.28 1.08 1.05 0.93 0.83 0.78 0.72 0.73 0.75 0.74 0.71 0.68 0.64 0.58 0.52 0.48 0.49 0.54 0.60 0.64 0.65 0.63 0.66 0.72 0.77 0.81 0.84 0.86 0.89 0.90 0.91 0.91 0.92 0.93 0.94 0.95 0.96 0.96 0.96 0.97 0.97
0.99 0.99 0.99 0.98 0.98 0.98 0.98 0.98 0.98 0.98 0.98 0.98 0.98 0.98 0.98 0.98 0.98 0.99 0.99 1.00 1.01 1.04 1.07 1.11 1.17 1.24 1.28 1.46 1.56 1.62 1.65 1.61 1.60 1.68 1.68 1.58 1.49 1.46 1.47 1.53 1.61 1.67 1.48 1.03 0.91 0.88 0.75 0.69 0.63 0.60 0.64 0.68 0.67 0.64 0.62 0.58 0.52 0.46 0.43 0.46 0.54 0.60 0.61 0.59 0.62 0.68 0.74 0.79 0.82 0.84 0.87 0.89 0.90 0.90 0.91 0.92 0.93 0.94 0.95 0.95 0.96 0.96 0.97 0.97
0.99 0.99 0.99 0.99 0.99 0.98 0.98 0.98 0.98 0.98 0.98 0.98 0.98 0.98 0.99 0.99 0.99 1.00 1.00 1.01 1.03 1.05 1.08 1.12 1.16 1.19 1.18 1.14 1.32 1.51 1.55 1.55 1.59 1.67 1.63 1.52 1.45 1.43 1.46 1.57 1.68 1.61 1.21 0.82 0.75 0.72 0.63 0.58 0.54 0.53 0.58 0.62 0.60 0.58 0.57 0.53 0.48 0.41 0.40 0.47 0.55 0.56 0.54 0.57 0.64 0.71 0.76 0.80 0.82 0.85 0.88 0.89 0.89 0.90 0.91 0.92 0.94 0.95 0.95 0.95 0.96 0.96 0.97 0.97
0.99 0.99 0.99 0.99 0.99 0.99 0.99 0.99 0.99 0.99 0.99 0.99 0.99 0.99 0.99 0.99 1.00 1.00 1.01 1.02 1.04 1.06 1.08 1.11 1.15 1.17 1.19 1.08 0.99 1.42 1.56 1.56 1.62 1.64 1.57 1.48 1.43 1.43 1.45 1.61 1.73 1.44 0.92 0.68 0.63 0.61 0.55 0.49 0.46 0.47 0.52 0.55 0.54 0.54 0.53 0.50 0.45 0.39 0.40 0.47 0.50 0.50 0.53 0.60 0.68 0.73 0.77 0.80 0.83 0.86 0.88 0.89 0.89 0.90 0.92 0.93 0.94 0.95 0.95 0.95 0.96 0.96 0.97 0.97
0.99 0.99 0.99 0.99 0.99 0.99 0.99 0.99 0.99 0.99 0.99 0.99 0.99 0.99 1.00 1.00 1.00 1.01 1.02 1.03 1.04 1.06 1.08 1.11 1.14 1.16 1.17 1.20 1.33 1.52 1.57 1.56 1.61 1.58 1.51 1.45 1.43 1.43 1.44 1.65 1.71 1.20 0.73 0.61 0.56 0.53 0.44 0.37 0.35 0.40 0.45 0.49 0.50 0.50 0.49 0.48 0.43 0.39 0.41 0.44 0.46 0.50 0.57 0.65 0.71 0.75 0.77 0.81 0.85 0.87 0.88 0.88 0.89 0.91 0.93 0.94 0.94 0.94 0.95 0.95 0.96 0.96 0.97 0.97
0.99 0.99 0.99 0.99 0.99 0.99 0.99 0.99 0.99 0.99 0.99 0.99 0.99 1.00 1.00 1.00 1.01 1.01 1.02 1.03 1.05 1.06 1.08 1.11 1.13 1.16 1.19 1.28 1.40 1.40 1.46 1.51 1.55 1.51 1.44 1.42 1.43 1.44 1.47 1.70 1.64 0.98 0.67 0.59 0.52 0.46 0.33 0.22 0.26 0.35 0.39 0.44 0.48 0.48 0.47 0.46 0.43 0.40 0.40 0.42 0.48 0.55 0.62 0.69 0.73 0.75 0.79 0.83 0.86 0.87 0.87 0.88 0.90 0.92 0.93 0.93 0.94 0.94 0.95 0.96 0.96 0.96 0.97 0.97
0.99 0.99 0.99 0.99 0.99 0.99 0.99 0.99 0.99 0.99 0.99 0.99 1.00 1.00 1.00 1.01 1.01 1.02 1.02 1.03 1.05 1.06 1.08 1.10 1.12 1.15 1.19 1.24 1.26 1.26 1.29 1.41 1.46 1.43 1.38 1.40 1.42 1.45 1.54 1.68 1.44 0.88 0.68 0.60 0.51 0.40 0.26 0.18 0.26 0.35 0.36 0.43 0.47 0.46 0.46 0.47 0.46 0.43 0.42 0.47 0.55 0.61 0.67 0.72 0.74 0.77 0.81 0.85 0.86 0.87 0.87 0.89 0.92 0.93 0.93 0.93 0.94 0.95 0.95 0.96 0.96 0.97 0.97 0.97
0.99 0.99 0.99 0.99 0.99 0.99 0.99 0.99 0.99 0.99 0.99 1.00 1.00 1.00 1.00 1.01 1.01 1.02 1.03 1.04 1.05 1.06 1.08 1.09 1.11 1.14 1.17 1.20 1.24 1.27 1.26 1.29 1.38 1.37 1.36 1.39 1.42 1.48 1.58 1.56 1.21 0.85 0.74 0.63 0.48 0.35 0.23 0.20 0.30 0.37 0.39 0.45 0.47 0.45 0.48 0.51 0.51 0.48 0.48 0.54 0.61 0.66 0.71 0.73 0.76 0.80 0.83 0.85 0.86 0.87 0.88 0.91 0.92 0.92 0.93 0.93 0.94 0.95 0.95 0.96 0.96 0.97 0.97 0.97
0.99 0.99 0.99 0.99 0.99 0.99 0.99 0.99 0.99 0.99 1.00 1.00 1.00 1.00 1.00 1.01 1.01 1.02 1.03 1.04 1.05 1.06 1.07 1.09 1.11 1.13 1.15 1.18 1.20 1.22 1.24 1.26 1.27 1.33 1.37 1.39 1.42 1.45 1.54 1.42 1.01 0.81 0.79 0.63 0.46 0.32 0.23 0.25 0.34 0.40 0.44 0.47 0.48 0.48 0.52 0.56 0.56 0.54 0.56 0.61 0.66 0.70 0.73 0.76 0.79 0.81 0.84 0.86 0.87 0.88 0.90 0.92 0.92 0.92 0.93 0.94 0.94 0.95 0.96 0.96 0.96 0.97 0.97 0.97
0.99 0.99 0.99 0.99 0.99 0.99 0.99 0.99 0.99 0.99 1.00 1.00 1.00 1.00 1.01 1.01 1.01 1.02 1.03 1.03 1.04 1.05 1.07 1.08 1.10 1.11 1.13 1.15 1.17 1.19 1.21 1.23 1.23 1.26 1.39 1.41 1.38 1.35 1.43 1.34 0.91 0.80 0.80 0.62 0.44 0.30 0.26 0.32 0.39 0.44 0.48 0.50 0.52 0.54 0.58 0.62 0.62 0.62 0.64 0.67 0.71 0.73 0.76 0.78 0.81 0.83 0.85 0.87 0.88 0.90 0.91 0.91 0.92 0.93 0.93 0.94 0.95 0.95 0.96 0.96 0.97 0.97 0.97 0.98
