data/AilsaCraig_225_1_25m_vel.asc
ncols	257
nrows	257
xllcorner	3364200.000000
yllcorner	3669375.000000
cellsize	25.000000
NODATA_value	-1.000000
[rows 114 to 151 of 257, columns 84 to 167 of 257]
0.99 0.99 0.99 0.99 0.99 0.99 0.99 0.99 0.99 0.99 0.99 0.99 0.99 0.99 0.99 0.99 1.00 1.00 1.00 1.00 1.00 1.00 1.00 1.01 1.02 1.02 1.03 1.04 1.05 1.06 1.08 1.09 1.12 1.15 1.18 1.18 1.03 0.94 1.05 1.18 1.34 1.93 2.01 1.28 1.16 1.34 1.14 0.71 0.54 0.49 0.43 0.41 0.48 0.52 0.37 0.17 0.18 0.29 0.41 0.49 0.56 0.61 0.67 0.71 0.75 0.78 0.81 0.84 0.86 0.87 0.89 0.90 0.91 0.92 0.92 0.93 0.94 0.94 0.95 0.95 0.96 0.96 0.97 0.97
0.99 0.99 0.99 0.99 0.99 0.99 0.99 0.99 0.99 0.99 0.99 0.99 0.99 0.99 0.99 0.99 0.99 1.00 1.00 1.00 1.00 1.00 1.00 1.01 1.02 1.02 1.03 1.04 1.05 1.07 1.08 1.09 1.11 1.15 1.19 1.21 1.07 0.92 1.01 1.11 1.32 2.02 2.01 1.24 1.27 1.41 1.15 0.89 0.64 0.54 0.51 0.46 0.47 0.52 0.49 0.31 0.16 0.21 0.35 0.45 0.52 0.59 0.64 0.69 0.73 0.77 0.80 0.83 0.85 0.87 0.88 0.90 0.91 0.91 0.92 0.93 0.94 0.94 0.95 0.95 0.96 0.96 0.97 0.97
0.99 0.99 0.99 0.99 0.99 0.99 0.99 0.99 0.99 0.99 0.99 0.99 0.99 0.99 0.99 0.99 0.99 1.00 1.00 1.00 1.00 1.00 1.00 1.01 1.01 1.02 1.03 1.04 1.06 1.07 1.10 1.12 1.11 1.13 1.19 1.22 1.12 0.98 1.02 1.08 1.36 2.08 2.03 1.30 1.36 1.42 1.13 1.06 0.83 0.58 0.55 0.52 0.49 0.49 0.51 0.39 0.18 0.21 0.29 0.40 0.49 0.56 0.61 0.67 0.72 0.76 0.79 0.82 0.84 0.86 0.88 0.89 0.90 0.91 0.92 0.93 0.94 0.94 0.95 0.95 0.96 0.96 0.97 0.97
0.99 0.99 0.99 0.99 0.99 0.99 0.99 0.99 0.99 0.99 0.99 0.99 0.99 0.99 0.99 0.99 0.99 0.99 0.99 0.99 0.99 0.99 1.00 1.00 1.01 1.01 1.03 1.04 1.06 1.08 1.09 1.12 1.17 1.17 1.17 1.19 1.12 1.03 1.03 1.07 1.37 2.06 2.09 1.54 1.47 1.41 1.10 1.08 1.02 0.70 0.58 0.56 0.55 0.52 0.50 0.45 0.25 0.23 0.25 0.36 0.46 0.54 0.60 0.65 0.70 0.75 0.78 0.81 0.84 0.86 0.88 0.89 0.90 0.91 0.92 0.93 0.94 0.94 0.95 0.95 0.96 0.96 0.97 0.97
0.99 0.99 0.99 0.99 0.99 0.99 0.99 0.99 0.99 0.99 0.99 0.99 0.99 0.99 0.99 0.99 0.99 0.99 0.99 0.99 0.99 0.99 0.99 1.00 1.01 1.01 1.02 1.03 1.05 1.09 1.11 1.13 1.18 1.20 1.16 1.12 1.07 1.04 1.04 1.09 1.38 1.95 2.08 1.78 1.58 1.43 1.17 1.06 1.05 0.89 0.69 0.58 0.58 0.58 0.52 0.51 0.39 0.27 0.30 0.35 0.44 0.53 0.59 0.64 0.69 0.74 0.77 0.81 0.83 0.86 0.87 0.89 0.90 0.91 0.92 0.93 0.93 0.94 0.95 0.95 0.96 0.96 0.97 0.97
0.99 0.99 0.99 0.99 0.99 0.99 0.99 0.99 0.99 0.99 0.99 0.99 0.99 0.99 0.99 0.99 0.99 0.99 0.99 0.99 0.99 0.99 0.99 1.00 1.00 1.01 1.01 1.03 1.04 1.06 1.13 1.19 1.24 1.29 1.26 1.15 1.08 1.05 1.06 1.14 1.40 1.77 1.93 1.83 1.65 1.46 1.27 1.13 1.03 0.96 0.91 0.72 0.61 0.62 0.59 0.58 0.49 0.34 0.36 0.36 0.43 0.51 0.59 0.64 0.68 0.73 0.77 0.80 0.83 0.85 0.87 0.89 0.90 0.91 0.92 0.93 0.93 0.94 0.95 0.95 0.96 0.96 0.96 0.97
0.99 0.99 0.99 0.99 0.99 0.99 0.99 0.99 0.99 0.99 0.99 0.99 0.99 0.99 0.99 0.99 0.99 0.99 0.98 0.98 0.99 0.99 0.99 0.99 0.99 1.00 1.00 1.01 1.04 1.05 1.08 1.17 1.27 1.38 1.38 1.28 1.17 1.10 1.11 1.22 1.42 1.63 1.75 1.75 1.64 1.49 1.34 1.19 1.04 0.94 0.95 0.87 0.70 0.64 0.63 0.64 0.62 0.47 0.37 0.37 0.43 0.50 0.58 0.64 0.67 0.72 0.76 0.80 0.83 0.85 0.87 0.89 0.90 0.91 0.92 0.93 0.94 0.94 0.95 0.95 0.96 0.96 0.96 0.97
0.99 0.99 0.99 0.99 0.99 0.99 0.99 0.99 0.99 0.99 0.98 0.98 0.98 0.98 0.98 0.99 0.99 0.99 0.98 0.98 0.99 0.99 0.98 0.98 0.99 0.99 0.99 1.00 1.01 1.04 1.08 1.14 1.21 1.33 1.41 1.39 1.29 1.17 1.16 1.28 1.43 1.55 1.64 1.64 1.59 1.51 1.39 1.23 1.07 0.98 0.93 0.90 0.83 0.73 0.68 0.67 0.70 0.65 0.52 0.47 0.46 0.50 0.57 0.64 0.68 0.71 0.76 0.80 0.82 0.85 0.87 0.89 0.90 0.91 0.92 0.93 0.94 0.94 0.95 0.95 0.96 0.96 0.96 0.97
0.99 0.99 0.99 0.99 0.99 0.99 0.99 0.99 0.98 0.98 0.98 0.98 0.98 0.98 0.98 0.99 0.98 0.98 0.98 0.98 0.98 0.98 0.98 0.98 0.98 0.98 0.98 0.99 0.99 0.99 1.04 1.10 1.14 1.20 1.28 1.35 1.34 1.23 1.20 1.31 1.44 1.52 1.57 1.53 1.50 1.48 1.42 1.29 1.13 1.03 0.98 0.94 0.90 0.85 0.80 0.73 0.71 0.70 0.61 0.55 0.51 0.52 0.57 0.64 0.70 0.72 0.76 0.80 0.82 0.85 0.87 0.89 0.90 0.91 0.92 0.93 0.94 0.94 0.95 0.95 0.96 0.96 0.97 0.97
0.99 0.99 0.99 0.99 0.99 0.99 0.98 0.98 0.98 0.98 0.98 0.98 0.98 0.98 0.98 0.98 0.98 0.98 0.97 0.97 0.98 0.98 0.97 0.97 0.97 0.97 0.97 0.97 0.97 0.96 0.96 1.01 1.07 1.09 1.09 1.19 1.30 1.28 1.26 1.35 1.43 1.49 1.52 1.47 1.41 1.42 1.41 1.33 1.21 1.11 1.06 1.01 0.95 0.90 0.87 0.82 0.76 0.76 0.70 0.53 0.49 0.51 0.58 0.64 0.70 0.73 0.75 0.79 0.82 0.85 0.87 0.89 0.90 0.92 0.92 0.93 0.94 0.94 0.95 0.95 0.96 0.96 0.97 0.97
0.99 0.99 0.99 0.99 0.99 0.98 0.98 0.98 0.98 0.98 0.98 0.98 0.98 0.98 0.98 0.98 0.98 0.97 0.97 0.97 0.98 0.97 0.97 0.97 0.97 0.96 0.96 0.95 0.93 0.90 0.89 0.92 1.01 1.07 1.05 1.09 1.24 1.30 1.32 1.39 1.42 1.45 1.47 1.42 1.37 1.37 1.38 1.35 1.29 1.21 1.13 1.07 1.01 0.95 0.91 0.88 0.84 0.82 0.82 0.73 0.57 0.56 0.60 0.65 0.71 0.74 0.76 0.79 0.83 0.85 0.87 0.89 0.91 0.92 0.93 0.93 0.94 0.95 0.95 0.95 0.96 0.96 0.97 0.97
0.99 0.99 0.99 0.99 0.98 0.98 0.98 0.98 0.98 0.98 0.98 0.98 0.98 0.98 0.98 0.98 0.98 0.97 0.97 0.97 0.97 0.97 0.96 0.97 0.96 0.96 0.96 0.96 0.94 0.87 0.83 0.84 0.94 1.07 1.10 1.10 1.17 1.24 1.30 1.39 1.41 1.41 1.41 1.37 1.35 1.35 1.37 1.36 1.38 1.35 1.24 1.14 1.05 0.99 0.93 0.88 0.85 0.82 0.84 0.84 0.74 0.64 0.61 0.65 0.70 0.75 0.77 0.79 0.83 0.85 0.87 0.90 0.91 0.92 0.93 0.94 0.94 0.95 0.95 0.96 0.96 0.96 0.97 0.97
0.99 0.99 0.99 0.98 0.98 0.98 0.98 0.98 0.98 0.98 0.98 0.98 0.98 0.98 0.98 0.98 0.97 0.97 0.96 0.97 0.97 0.96 0.96 0.96 0.96 0.95 0.95 0.96 0.97 0.91 0.83 0.81 0.88 1.01 1.09 1.11 1.13 1.15 1.22 1.34 1.37 1.37 1.35 1.31 1.30 1.32 1.34 1.35 1.43 1.48 1.39 1.23 1.09 1.01 0.93 0.87 0.83 0.81 0.80 0.82 0.76 0.65 0.63 0.66 0.71 0.76 0.79 0.80 0.83 0.86 0.88 0.90 0.91 0.92 0.93 0.94 0.94 0.95 0.95 0.96 0.96 0.96 0.97 0.97
0.99 0.99 0.99 0.98 0.98 0.98 0.98 0.98 0.98 0.98 0.98 0.98 0.97 0.97 0.98 0.97 0.97 0.96 0.96 0.97 0.97 0.96 0.96 0.96 0.95 0.95 0.93 0.92 0.96 0.95 0.88 0.83 0.84 0.92 1.01 1.07 1.09 1.11 1.17 1.26 1.30 1.31 1.29 1.25 1.23 1.25 1.27 1.28 1.36 1.49 1.50 1.36 1.18 1.05 0.94 0.86 0.81 0.79 0.79 0.82 0.81 0.72 0.66 0.67 0.72 0.77 0.81 0.82 0.84 0.86 0.88 0.90 0.91 0.93 0.93 0.94 0.95 0.95 0.96 0.96 0.96 0.97 0.97 0.97
0.99 0.99 0.98 0.98 0.98 0.98 0.98 0.98 0.98 0.98 0.97 0.97 0.97 0.97 0.97 0.97 0.96 0.96 0.96 0.96 0.96 0.95 0.95 0.95 0.95 0.95 0.94 0.93 0.96 0.99 0.95 0.88 0.84 0.86 0.93 1.00 1.02 1.05 1.14 1.20 1.23 1.25 1.23 1.20 1.19 1.19 1.18 1.19 1.26 1.39 1.51 1.47 1.30 1.15 1.02 0.91 0.85 0.83 0.83 0.85 0.87 0.82 0.71 0.69 0.73 0.78 0.82 0.83 0.84 0.86 0.89 0.90 0.92 0.93 0.94 0.94 0.95 0.95 0.96 0.96 0.96 0.97 0.97 0.97
0.99 0.98 0.98 0.98 0.98 0.98 0.98 0.98 0.98 0.97 0.97 0.97 0.97 0.97 0.97 0.97 0.96 0.95 0.95 0.96 0.96 0.95 0.95 0.95 0.94 0.95 0.97 0.98 0.98 1.00 0.99 0.93 0.87 0.85 0.89 0.97 0.98 1.00 1.13 1.20 1.22 1.22 1.20 1.19 1.19 1.17 1.11 1.12 1.18 1.28 1.44 1.50 1.38 1.25 1.15 1.05 0.97 0.93 0.91 0.90 0.90 0.88 0.81 0.74 0.75 0.79 0.83 0.85 0.86 0.87 0.90 0.91 0.92 0.93 0.94 0.95 0.95 0.96 0.96 0.96 0.97 0.97 0.97 0.97
0.99 0.98 0.98 0.98 0.98 0.98 0.98 0.98 0.97 0.97 0.97 0.97 0.97 0.97 0.97 0.96 0.95 0.95 0.95 0.95 0.95 0.94 0.95 0.94 0.94 0.94 0.95 0.98 0.97 0.98 1.01 0.96 0.89 0.86 0.88 0.94 0.96 0.99 1.10 1.19 1.25 1.24 1.22 1.21 1.24 1.21 1.10 1.09 1.14 1.20 1.36 1.47 1.42 1.33 1.27 1.19 1.11 1.03 0.98 0.96 0.95 0.94 0.89 0.79 0.77 0.81 0.84 0.87 0.88 0.88 0.90 0.91 0.92 0.94 0.94 0.95 0.96 0.96 0.96 0.96 0.97 0.97 0.97 0.97
0.98 0.98 0.98 0.98 0.98 0.98 0.98 0.97 0.97 0.97 0.97 0.97 0.97 0.97 0.96 0.96 0.95 0.94 0.95 0.95 0.94 0.94 0.94 0.94 0.93 0.93 0.95 0.98 0.98 0.98 1.01 0.98 0.91 0.88 0.88 0.89 0.91 0.95 1.03 1.13 1.22 1.25 1.24 1.24 1.30 1.29 1.17 1.11 1.14 1.20 1.31 1.42 1.42 1.39 1.37 1.31 1.21 1.11 1.02 0.99 0.98 0.99 0.96 0.88 0.81 0.82 0.85 0.87 0.89 0.89 0.90 0.92 0.93 0.94 0.95 0.95 0.96 0.96 0.96 0.97 0.97 0.97 0.97 0.98
0.98 0.98 0.98 0.98 0.98 0.98 0.98 0.97 0.97 0.97 0.97 0.97 0.96 0.96 0.96 0.95 0.94 0.94 0.94 0.94 0.93 0.93 0.93 0.93 0.93 0.90 0.91 0.98 1.00 1.00 1.03 1.00 0.92 0.89 0.88 0.86 0.85 0.89 0.96 1.05 1.15 1.21 1.22 1.25 1.32 1.37 1.27 1.17 1.17 1.21 1.30 1.40 1.43 1.39 1.35 1.30 1.20 1.10 1.04 1.02 1.01 1.00 0.99 0.94 0.85 0.82 0.85 0.88 0.90 0.91 0.91 0.93 0.94 0.94 0.95 0.96 0.96 0.96 0.97 0.97 0.97 0.97 0.97 0.98
0.98 0.98 0.98 0.98 0.98 0.98 0.97 0.97 0.97 0.97 0.97 0.96 0.96 0.96 0.96 0.95 0.94 0.94 0.94 0.94 0.93 0.93 0.93 0.92 0.94 0.91 0.89 0.94 1.00 1.04 1.07 1.03 0.95 0.92 0.91 0.88 0.86 0.87 0.93 0.99 1.07 1.15 1.19 1.23 1.31 1.39 1.36 1.28 1.23 1.23 1.30 1.40 1.44 1.38 1.31 1.25 1.15 1.03 0.98 0.98 0.99 1.00 0.99 0.98 0.92 0.86 0.85 0.88 0.91 0.92 0.92 0.93 0.94 0.95 0.96 0.96 0.96 0.97 0.97 0.97 0.97 0.97 0.98 0.98
0.98 0.98 0.98 0.98 0.98 0.97 0.97 0.97 0.97 0.97 0.96 0.96 0.96 0.96 0.95 0.94 0.93 0.93 0.93 0.93 0.92 0.92 0.92 0.92 0.93 0.95 0.95 0.96 0.98 1.04 1.10 1.08 1.01 0.97 0.95 0.92 0.89 0.89 0.92 0.96 1.01 1.08 1.14 1.19 1.27 1.36 1.39 1.37 1.31 1.27 1.31 1.40 1.47 1.43 1.37 1.32 1.22 1.09 0.97 0.94 0.97 1.00 1.00 1.00 0.97 0.91 0.87 0.88 0.91 0.93 0.93 0.94 0.95 0.96 0.96 0.97 0.97 0.97 0.97 0.97 0.97 0.98 0.98 0.98
0.98 0.98 0.98 0.98 0.98 0.97 0.97 0.97 0.97 0.96 0.96 0.96 0.96 0.95 0.95 0.94 0.93 0.93 0.93 0.92 0.92 0.92 0.91 0.91 0.92 0.94 0.96 0.95 0.96 1.02 1.10 1.13 1.07 1.03 1.01 0.98 0.94 0.93 0.94 0.96 0.98 1.02 1.07 1.13 1.21 1.29 1.35 1.36 1.33 1.30 1.33 1.43 1.50 1.48 1.44 1.42 1.37 1.27 1.15 1.05 1.01 1.01 1.01 1.01 1.00 0.97 0.92 0.90 0.91 0.94 0.95 0.95 0.96 0.96 0.96 0.97 0.97 0.97 0.97 0.98 0.98 0.98 0.98 0.98
0.98 0.98 0.98 0.98 0.97 0.97 0.97 0.97 0.96 0.96 0.96 0.96 0.95 0.95 0.94 0.93 0.92 0.92 0.92 0.91 0.91 0.90 0.90 0.90 0.88 0.89 0.93 0.96 0.98 1.03 1.11 1.16 1.14 1.11 1.09 1.06 1.01 0.98 0.97 0.98 0.98 1.00 1.03 1.08 1.16 1.21 1.26 1.31 1.30 1.28 1.33 1.44 1.54 1.52 1.46 1.44 1.41 1.35 1.25 1.15 1.07 1.04 1.02 1.03 1.03 1.01 0.98 0.95 0.93 0.94 0.96 0.96 0.96 0.97 0.97 0.97 0.97 0.98 0.98 0.98 0.98 0.98 0.98 0.98
0.98 0.98 0.98 0.98 0.97 0.97 0.97 0.97 0.96 0.96 0.96 0.96 0.95 0.95 0.94 0.93 0.92 0.91 0.91 0.90 0.90 0.90 0.89 0.91 0.90 0.89 0.95 1.01 1.06 1.09 1.13 1.19 1.19 1.18 1.17 1.16 1.11 1.05 1.03 1.02 1.01 1.00 1.01 1.06 1.11 1.15 1.22 1.27 1.25 1.25 1.31 1.42 1.53 1.54 1.49 1.45 1.40 1.34 1.25 1.16 1.11 1.08 1.04 1.04 1.04 1.03 1.02 0.99 0.97 0.96 0.97 0.97 0.97 0.97 0.98 0.98 0.98 0.98 0.98 0.98 0.98 0.98 0.98 0.98
0.98 0.98 0.98 0.98 0.97 0.97 0.97 0.97 0.96 0.96 0.96 0.95 0.95 0.94 0.93 0.92 0.91 0.90 0.90 0.89 0.88 0.88 0.88 0.91 0.94 0.97 1.01 1.07 1.12 1.14 1.18 1.22 1.23 1.24 1.25 1.24 1.21 1.16 1.12 1.09 1.07 1.04 1.03 1.06 1.11 1.15 1.22 1.26 1.23 1.25 1.31 1.42 1.53 1.55 1.51 1.47 1.41 1.34 1.25 1.18 1.15 1.10 1.06 1.05 1.05 1.05 1.04 1.03 1.01 0.99 0.98 0.98 0.98 0.98 0.98 0.98 0.98 0.98 0.98 0.98 0.98 0.98 0.98 0.98
0.98 0.98 0.98 0.97 0.97 0.97 0.97 0.96 0.96 0.96 0.95 0.95 0.94 0.94 0.93 0.92 0.91 0.89 0.88 0.87 0.87 0.86 0.86 0.89 0.93 0.98 1.04 1.08 1.14 1.18 1.23 1.28 1.28 1.28 1.31 1.32 1.30 1.27 1.24 1.20 1.16 1.12 1.08 1.08 1.13 1.21 1.30 1.32 1.27 1.27 1.32 1.43 1.54 1.56 1.53 1.49 1.43 1.35 1.25 1.18 1.17 1.14 1.09 1.06 1.06 1.05 1.04 1.03 1.01 1.00 0.99 0.99 0.98 0.98 0.98 0.98 0.98 0.98 0.98 0.98 0.98 0.98 0.98 0.99
0.98 0.98 0.98 0.97 0.97 0.97 0.97 0.96 0.96 0.96 0.95 0.95 0.94 0.93 0.93 0.91 0.90 0.89 0.87 0.85 0.85 0.84 0.83 0.85 0.93 1.01 1.02 1.04 1.11 1.15 1.21 1.28 1.30 1.31 1.32 1.34 1.34 1.34 1.33 1.30 1.25 1.21 1.15 1.09 1.11 1.22 1.37 1.44 1.39 1.33 1.35 1.46 1.56 1.58 1.56 1.52 1.44 1.36 1.26 1.18 1.18 1.17 1.12 1.08 1.06 1.04 1.03 1.02 1.01 1.00 0.99 0.99 0.99 0.99 0.99 0.99 0.98 0.99 0.99 0.99 0.99 0.99 0.99 0.99
0.98 0.98 0.98 0.97 0.97 0.97 0.97 0.96 0.96 0.95 0.95 0.94 0.94 0.93 0.92 0.91 0.89 0.88 0.86 0.84 0.82 0.81 0.79 0.77 0.84 0.97 1.03 1.03 1.04 1.06 1.07 1.15 1.23 1.27 1.29 1.30 1.32 1.34 1.37 1.36 1.32 1.28 1.22 1.09 1.02 1.13 1.29 1.42 1.46 1.40 1.39 1.50 1.58 1.61 1.61 1.57 1.48 1.37 1.27 1.19 1.17 1.16 1.12 1.08 1.06 1.04 1.02 1.01 1.01 1.01 1.00 1.00 1.00 0.99 0.99 0.99 0.99 0.99 0.99 0.99 0.99 0.99 0.99 0.99
0.98 0.98 0.98 0.97 0.97 0.97 0.96 0.96 0.96 0.95 0.95 0.94 0.94 0.93 0.92 0.91 0.89 0.87 0.85 0.83 0.80 0.78 0.75 0.69 0.65 0.72 0.92 1.00 0.96 0.94 0.92 0.95 1.04 1.15 1.22 1.24 1.25 1.28 1.33 1.37 1.34 1.30 1.25 1.08 0.96 1.06 1.16 1.27 1.40 1.38 1.39 1.50 1.57 1.61 1.64 1.60 1.51 1.39 1.27 1.21 1.18 1.15 1.12 1.08 1.06 1.05 1.03 1.02 1.02 1.01 1.00 1.00 1.00 1.00 1.00 0.99 0.99 0.99 0.99 0.99 0.99 0.99 0.99 0.99
0.98 0.98 0.98 0.97 0.97 0.97 0.96 0.96 0.96 0.95 0.95 0.94 0.93 0.93 0.91 0.90 0.89 0.87 0.84 0.81 0.78 0.75 0.71 0.66 0.57 0.53 0.55 0.75 0.88 0.85 0.84 0.84 0.90 1.02 1.13 1.17 1.18 1.21 1.27 1.33 1.34 1.30 1.24 1.07 0.95 1.01 1.05 1.11 1.24 1.29 1.36 1.48 1.54 1.58 1.62 1.61 1.53 1.38 1.25 1.21 1.19 1.16 1.13 1.09 1.06 1.05 1.03 1.02 1.02 1.01 1.01 1.01 1.00 1.00 1.00 1.00 0.99 0.99 0.99 0.99 0.99 0.99 0.99 0.99
0.98 0.98 0.98 0.97 0.97 0.97 0.96 0.96 0.95 0.95 0.94 0.94 0.93 0.92 0.91 0.90 0.88 0.86 0.84 0.81 0.77 0.73 0.69 0.62 0.54 0.43 0.39 0.39 0.51 0.73 0.78 0.84 0.86 0.97 1.07 1.12 1.13 1.14 1.20 1.29 1.35 1.30 1.18 1.01 0.93 0.96 0.96 0.99 1.08 1.17 1.30 1.44 1.51 1.55 1.60 1.60 1.53 1.37 1.22 1.20 1.19 1.16 1.12 1.09 1.07 1.05 1.04 1.03 1.02 1.02 1.01 1.01 1.01 1.00 1.00 1.00 0.99 0.99 0.99 0.99 0.99 0.99 0.99 0.99
0.98 0.98 0.98 0.97 0.97 0.97 0.96 0.96 0.95 0.95 0.94 0.94 0.93 0.92 0.91 0.90 0.88 0.86 0.83 0.80 0.77 0.72 0.67 0.60 0.52 0.43 0.34 0.30 0.26 0.53 0.73 0.80 0.88 0.95 1.05 1.10 1.12 1.13 1.16 1.29 1.37 1.26 1.05 0.92 0.88 0.90 0.89 0.88 0.94 1.05 1.20 1.36 1.45 1.51 1.56 1.58 1.53 1.36 1.21 1.17 1.17 1.14 1.11 1.09 1.07 1.05 1.04 1.03 1.02 1.02 1.01 1.01 1.01 1.00 1.00 1.00 1.00 0.99 0.99 0.99 0.99 0.99 0.99 0.99
0.98 0.98 0.98 0.97 0.97 0.97 0.96 0.96 0.95 0.95 0.94 0.94 0.93 0.92 0.91 0.90 0.88 0.86 0.83 0.80 0.77 0.72 0.66 0.60 0.53 0.43 0.32 0.25 0.26 0.37 0.60 0.74 0.84 0.94 1.00 1.10 1.13 1.15 1.16 1.32 1.42 1.17 0.90 0.78 0.73 0.76 0.73 0.72 0.80 0.92 1.07 1.24 1.36 1.45 1.51 1.55 1.52 1.36 1.21 1.15 1.14 1.13 1.10 1.08 1.06 1.05 1.03 1.03 1.02 1.02 1.01 1.01 1.01 1.00 1.00 1.00 1.00 1.00 0.99 0.99 0.99 0.99 0.99 0.99
0.98 0.98 0.98 0.97 0.97 0.97 0.96 0.96 0.95 0.95 0.94 0.94 0.93 0.92 0.91 0.90 0.88 0.86 0.84 0.81 0.77 0.73 0.67 0.61 0.53 0.45 0.35 0.25 0.19 0.16 0.33 0.62 0.76 0.87 0.96 1.05 1.13 1.17 1.19 1.38 1.47 1.17 0.91 0.74 0.61 0.56 0.49 0.47 0.66 0.79 0.88 1.07 1.23 1.33 1.42 1.50 1.48 1.34 1.21 1.15 1.13 1.11 1.09 1.07 1.06 1.05 1.03 1.02 1.02 1.02 1.01 1.01 1.01 1.00 1.00 1.00 1.00 1.00 1.00 0.99 0.99 0.99 0.99 0.99
0.98 0.98 0.98 0.97 0.97 0.97 0.96 0.96 0.95 0.95 0.94 0.94 0.93 0.92 0.91 0.90 0.88 0.86 0.84 0.81 0.78 0.74 0.69 0.63 0.56 0.48 0.39 0.27 0.12 0.05 0.06 0.37 0.67 0.79 0.89 1.00 1.09 1.19 1.24 1.43 1.53 1.32 1.11 0.90 0.69 0.57 0.43 0.39 0.59 0.73 0.74 0.90 1.06 1.15 1.28 1.39 1.40 1.31 1.19 1.14 1.12 1.10 1.09 1.07 1.06 1.04 1.03 1.02 1.02 1.02 1.02 1.01 1.01 1.00 1.00 1.00 1.00 1.00 1.00 0.99 0.99 0.99 0.99 0.99
0.98 0.98 0.98 0.97 0.97 0.97 0.96 0.96 0.95 0.95 0.94 0.94 0.93 0.92 0.91 0.90 0.88 0.87 0.85 0.82 0.79 0.75 0.71 0.65 0.59 0.52 0.43 0.34 0.22 0.06 0.06 0.11 0.44 0.70 0.81 0.93 1.05 1.19 1.33 1.47 1.46 1.35 1.26 1.08 0.87 0.72 0.59 0.52 0.62 0.72 0.74 0.83 0.92 0.98 1.10 1.25 1.30 1.26 1.17 1.13 1.11 1.09 1.08 1.06 1.06 1.04 1.03 1.02 1.02 1.02 1.01 1.01 1.01 1.00 1.00 1.00 1.00 1.00 1.00 1.00 0.99 0.99 0.99 0.99
0.98 0.98 0.98 0.97 0.97 0.97 0.96 0.96 0.96 0.95 0.94 0.94 0.93 0.92 0.91 0.90 0.89 0.87 0.85 0.83 0.80 0.77 0.73 0.68 0.62 0.56 0.49 0.41 0.31 0.21 0.11 0.16 0.24 0.50 0.74 0.87 1.00 1.17 1.43 1.51 1.31 1.27 1.31 1.16 0.98 0.84 0.73 0.70 0.73 0.77 0.80 0.84 0.88 0.91 1.00 1.13 1.19 1.18 1.14 1.11 1.09 1.08 1.07 1.06 1.05 1.04 1.02 1.02 1.02 1.02 1.01 1.01 1.01 1.01 1.00 1.00 1.00 1.00 1.00 1.00 0.99 0.99 0.99 0.99
0.98 0.98 0.98 0.97 0.97 0.97 0.96 0.96 0.96 0.95 0.95 0.94 0.93 0.92 0.92 0.90 0.89 0.88 0.86 0.84 0.81 0.78 0.75 0.71 0.66 0.61 0.54 0.48 0.40 0.33 0.26 0.20 0.25 0.35 0.59 0.80 0.94 1.09 1.41 1.55 1.33 1.27 1.33 1.19 1.04 0.91 0.84 0.81 0.82 0.83 0.86 0.89 0.91 0.92 0.96 1.05 1.11 1.11 1.10 1.09 1.07 1.06 1.06 1.05 1.04 1.03 1.02 1.02 1.02 1.02 1.01 1.01 1.01 1.00 1.00 1.00 1.00 1.00 1.00 1.00 1.00 0.99 0.99 0.99
