data/AilsaCraig_270_1_25m_ang.asc
ncols	257
nrows	257
xllcorner	3364200.000000
yllcorner	3669375.000000
cellsize	25.000000
NODATA_value	-1.000000
[rows 126 to 167 of 257, columns 94 to 187 of 257]
269 269 268 268 268 268 267 267 266 264 264 262 260 257 254 249 241 232 230 232 234 241 246 249 253 257 260 261 262 265 268 271 272 273 273 273 274 274 271 270 272 276 278 279 281 284 286 288 289 287 293 315 308 293 284 280 278 276 274 273 273 272 272 271 271 271 271 271 271 271 270 270 270 270 270 270 270 270 270 270 270 270 270 270 270 270 270 270 270 270 270 270 270 270
269 269 269 268 268 268 268 267 266 265 264 262 260 257 253 248 238 230 230 234 239 248 253 255 256 260 262 263 266 269 271 273 274 274 274 275 276 274 271 269 268 269 270 272 276 280 282 283 285 283 282 296 306 294 283 278 276 275 274 273 272 272 271 271 271 271 271 271 271 270 270 270 270 270 270 270 270 270 270 270 270 270 270 270 270 270 270 270 270 270 270 270 270 270
269 269 269 268 268 268 268 267 266 265 264 262 260 257 253 245 235 228 231 234 242 254 259 260 260 264 265 266 269 272 273 274 274 274 275 276 276 273 272 270 266 263 263 267 271 275 278 281 281 280 278 282 296 292 283 278 275 275 274 272 272 271 271 271 271 271 271 270 270 270 270 270 270 270 270 270 270 270 270 270 270 270 270 270 270 270 270 270 270 270 270 270 270 270
269 269 269 269 269 268 268 267 266 265 264 262 260 257 252 243 231 227 231 235 246 257 262 264 266 267 269 271 273 274 275 275 274 274 274 275 274 273 272 270 264 261 262 265 268 270 273 278 278 275 273 274 281 288 281 276 274 273 273 271 271 271 271 271 270 270 270 270 270 270 270 270 270 270 270 270 270 270 270 270 270 270 270 270 270 270 270 270 270 270 270 270 270 270
269 269 269 269 269 269 268 267 266 266 264 262 260 256 251 240 228 228 232 238 250 259 264 268 270 271 274 277 276 276 276 275 274 273 272 272 271 272 271 268 264 263 264 266 266 266 269 272 271 269 268 269 272 279 278 274 272 271 271 271 271 271 270 270 270 270 270 270 270 270 270 270 270 270 270 270 270 270 270 270 270 270 270 270 270 270 270 270 270 270 270 270 270 270
269 269 269 269 269 269 268 267 267 266 265 263 260 256 250 237 225 229 235 242 253 261 267 271 274 276 279 280 280 278 276 274 273 272 270 268 269 270 269 266 266 267 267 266 264 263 264 264 263 264 264 263 264 269 273 272 271 270 271 271 270 270 270 270 270 270 270 270 270 270 270 270 270 270 270 270 270 270 270 270 270 270 270 270 270 270 270 270 270 270 270 270 270 270
270 270 269 269 269 269 269 268 267 266 265 263 261 257 249 234 222 231 238 246 256 263 269 273 276 280 283 284 283 280 277 274 272 271 269 267 267 268 267 268 270 270 268 264 262 261 260 258 258 259 259 259 259 261 266 270 269 269 269 270 269 269 270 270 270 270 270 270 270 270 270 270 270 270 270 270 270 270 270 270 270 270 270 270 270 270 270 270 270 270 270 270 270 270
270 270 270 270 270 269 269 268 268 267 266 264 261 257 248 233 224 235 242 250 258 265 270 275 278 283 286 286 284 282 278 275 273 271 270 268 265 265 267 271 273 270 264 260 259 258 256 255 257 257 255 254 254 256 261 266 268 268 268 269 269 269 269 269 269 269 270 270 270 270 270 270 270 270 270 270 270 270 270 270 270 270 270 270 270 270 270 270 270 270 270 270 270 270
270 270 270 270 270 269 269 269 268 268 266 265 262 257 246 230 228 238 247 254 260 266 272 276 280 284 287 287 285 283 280 277 274 273 272 269 265 265 269 272 272 266 261 257 255 253 251 250 252 253 251 250 250 253 258 263 267 268 268 268 269 269 269 269 269 269 269 269 270 270 270 270 270 270 270 270 270 270 270 270 270 270 270 270 270 270 270 270 270 270 270 270 270 270
270 270 270 270 270 270 269 269 269 268 267 266 264 259 245 230 234 244 253 258 263 268 273 278 281 285 287 287 285 283 281 278 277 276 274 270 267 268 270 270 267 263 259 256 254 252 249 246 245 244 243 245 247 251 256 261 264 267 267 267 268 268 268 269 269 269 269 269 269 269 270 270 270 270 270 270 270 270 270 270 270 270 270 270 270 270 270 270 270 270 270 270 270 270
270 270 270 270 270 270 270 270 270 270 269 268 266 262 249 232 242 254 261 264 267 271 275 279 283 285 286 286 284 283 281 280 279 277 275 271 270 271 270 267 264 262 258 255 254 252 249 246 243 237 236 241 244 250 255 259 262 265 266 267 267 268 268 268 269 269 269 269 269 269 269 270 270 270 270 270 270 270 270 270 270 270 270 270 270 270 270 270 270 270 270 270 270 270
271 271 271 271 270 270 271 271 271 271 271 270 269 265 254 244 255 264 268 270 271 274 278 281 283 284 284 284 283 282 281 280 279 277 275 273 273 271 268 264 262 261 258 255 253 251 249 246 241 233 233 239 243 250 255 258 261 263 265 266 266 267 268 268 268 269 269 269 269 269 269 269 270 270 270 270 270 270 270 270 270 270 270 270 270 270 270 270 270 270 270 270 270 270
271 271 271 271 271 271 272 272 272 272 273 273 273 269 263 266 273 274 274 275 276 278 281 283 283 282 281 281 281 281 280 279 278 277 275 274 273 270 265 262 261 260 258 255 252 250 248 245 238 229 232 238 243 251 255 258 260 261 263 264 265 266 267 268 268 269 269 269 269 269 269 269 269 270 270 270 270 270 270 270 270 270 270 270 270 270 270 270 270 270 270 270 270 270
271 271 271 271 271 272 272 273 273 274 275 276 278 281 283 288 289 285 283 282 282 283 284 284 282 280 280 279 279 278 277 277 278 279 277 275 272 266 261 260 260 260 258 254 251 249 247 243 235 228 232 238 245 251 256 258 258 259 261 263 265 266 267 268 268 268 268 269 269 269 269 269 269 270 270 270 270 270 270 270 270 270 270 270 270 270 270 270 270 270 270 270 270 270
271 271 271 271 272 272 272 273 274 276 277 279 283 294 311 306 301 297 292 291 289 286 284 282 281 280 278 277 276 275 275 276 278 279 279 276 270 262 257 257 258 258 256 252 250 248 246 241 232 227 233 240 246 252 255 256 257 259 261 263 265 266 267 267 268 268 268 269 269 269 269 269 269 270 270 270 270 270 270 270 270 270 270 270 270 270 270 270 270 270 270 270 270 270
271 271 272 272 272 272 273 274 275 277 279 281 286 301 320 322 313 307 299 296 293 287 283 281 280 278 276 274 273 273 274 275 276 277 278 275 268 261 256 254 256 257 255 251 249 247 244 238 230 227 235 243 248 252 253 254 257 260 262 264 265 266 267 267 268 268 268 268 269 269 269 269 269 269 270 270 270 270 270 270 270 270 270 270 270 270 270 270 270 270 270 270 270 270
271 271 272 272 272 273 274 275 276 277 280 283 289 300 317 323 319 310 303 298 293 287 283 281 279 277 275 274 273 272 273 275 273 270 274 272 266 262 256 253 255 256 254 251 249 246 242 237 229 230 238 245 249 250 251 254 258 260 262 264 265 266 267 267 268 268 268 268 269 269 269 269 269 269 270 270 270 270 270 270 270 270 270 270 270 270 270 270 270 270 270 270 270 270
271 272 272 272 273 273 274 275 276 278 281 285 290 298 309 319 317 315 304 298 291 287 285 282 278 275 274 274 274 273 274 274 269 263 269 268 263 262 257 254 256 256 253 251 249 246 242 236 229 233 241 246 248 248 252 256 259 261 263 264 265 266 267 267 267 268 268 268 269 269 269 269 269 269 269 270 270 270 270 270 270 270 270 270 270 270 270 270 270 270 270 270 270 270
271 272 272 272 273 273 274 275 276 278 281 285 289 296 304 314 321 315 309 296 290 288 287 283 278 275 274 275 275 275 274 271 264 260 264 263 260 260 257 256 257 255 252 251 249 246 242 236 231 237 244 247 247 249 254 257 259 261 263 264 265 266 267 267 267 268 268 269 269 269 269 269 269 269 269 270 270 270 270 270 270 270 270 270 270 270 270 270 270 270 270 270 270 270
272 272 272 273 273 274 274 275 277 279 281 284 289 294 301 309 319 328 327 301 292 289 287 283 278 275 275 275 276 275 272 266 258 257 261 261 259 258 257 258 258 256 253 251 249 246 242 236 235 241 245 246 248 252 256 258 260 262 263 264 266 266 267 267 267 268 268 269 269 269 269 269 269 269 269 270 270 270 270 270 270 270 270 270 270 270 270 270 270 270 270 270 270 270
272 272 272 273 273 274 274 275 277 278 281 283 287 292 298 305 313 328 331 308 296 290 286 282 279 276 275 275 276 276 269 259 254 257 261 261 258 257 258 260 259 257 254 252 249 247 243 238 239 243 246 248 251 255 258 260 261 263 264 265 266 266 266 267 268 268 268 268 269 269 269 269 269 269 269 270 270 270 270 270 270 270 270 270 270 270 270 270 270 270 270 270 270 270
272 272 272 273 273 274 274 275 277 278 280 283 286 290 295 301 308 317 319 312 302 291 286 282 279 277 276 275 276 276 266 250 249 252 258 260 258 258 262 263 262 260 257 254 251 248 245 242 242 244 247 251 254 257 259 261 262 263 264 266 266 266 266 267 268 268 268 268 269 269 269 269 269 269 269 270 270 270 270 270 270 270 270 270 270 270 270 270 270 270 270 270 270 270
272 272 272 273 273 274 274 275 276 278 279 282 284 288 292 297 303 308 312 315 311 299 287 282 280 278 277 276 277 274 260 245 243 245 249 249 246 253 263 264 266 266 262 257 254 251 249 246 245 247 251 254 256 258 260 261 262 264 265 266 266 266 267 268 268 268 268 268 269 269 269 269 269 269 269 270 270 270 270 270 270 270 270 270 270 270 270 270 270 270 270 270 270 270
272 272 272 273 273 274 274 275 276 277 279 281 283 286 289 293 297 302 307 312 316 312 294 285 281 280 278 277 275 269 256 247 245 243 241 239 236 244 257 262 265 267 264 260 258 256 253 250 249 251 254 256 258 260 261 262 263 265 265 265 266 267 267 268 268 268 268 268 269 269 269 269 269 269 269 270 270 270 270 270 270 270 270 270 270 270 270 270 270 270 270 270 270 270
272 272 272 273 273 274 274 275 276 277 278 280 282 284 287 290 293 297 301 304 311 314 309 293 285 282 279 276 271 262 253 251 249 243 239 235 232 241 253 258 261 263 263 262 261 259 256 253 253 255 257 258 260 261 262 263 264 265 265 266 266 267 267 268 268 268 268 269 269 269 269 269 269 269 269 270 270 270 270 270 270 270 270 270 270 270 270 270 270 270 270 270 270 270
272 272 272 273 273 274 274 275 276 276 278 279 280 282 284 287 290 293 296 299 302 307 311 307 292 284 279 275 270 259 249 251 250 244 238 232 234 243 252 256 259 260 261 262 262 261 259 257 257 258 259 260 261 262 263 264 265 265 266 266 267 267 268 268 268 268 268 269 269 269 269 269 269 269 270 270 270 270 270 270 270 270 270 270 270 270 270 270 270 270 270 270 270 270
272 272 272 273 273 273 274 274 275 276 277 278 279 281 283 285 287 289 291 294 297 299 303 307 302 288 280 277 272 260 249 251 250 244 237 234 240 247 252 256 258 260 261 262 263 262 261 260 260 260 261 262 262 263 264 265 265 266 266 267 267 267 268 268 268 268 268 269 269 269 269 269 269 269 270 270 270 270 270 270 270 270 270 270 270 270 270 270 270 270 270 270 270 270
272 272 272 272 273 273 274 274 275 276 276 277 278 280 281 282 284 286 288 290 291 293 295 299 299 291 286 281 274 263 255 253 250 244 239 240 245 250 254 256 258 260 262 263 263 263 262 262 262 262 262 263 263 264 265 265 266 266 267 267 267 268 268 268 268 268 269 269 269 269 269 269 269 269 270 270 270 270 270 270 270 270 270 270 270 270 270 270 270 270 270 270 270 270
272 272 272 272 273 273 273 274 275 275 276 277 277 278 280 281 282 283 285 286 287 289 289 291 290 289 288 284 278 269 261 256 252 246 243 246 250 253 256 258 260 261 263 263 263 263 263 263 263 263 263 264 264 265 265 266 266 267 267 267 267 268 268 268 268 268 269 269 269 269 269 269 269 270 270 270 270 270 270 270 270 270 270 270 270 270 270 270 270 270 270 270 270 270
271 272 272 272 273 273 273 274 274 275 275 276 277 277 278 279 280 281 282 283 284 285 285 285 284 284 283 281 279 274 267 260 254 249 248 251 254 256 258 260 262 263 263 263 263 264 264 264 264 264 264 265 265 265 266 266 267 267 267 267 268 268 268 268 268 269 269 269 269 269 269 269 269 270 270 270 270 270 270 270 270 270 270 270 270 270 270 270 270 270 270 270 270 270
271 272 272 272 272 273 273 273 274 274 275 275 276 277 277 278 279 279 280 281 281 282 282 282 281 280 278 277 275 272 268 263 258 254 254 255 257 259 260 262 262 263 263 263 264 265 265 265 265 265 265 265 266 266 266 267 267 267 267 268 268 268 268 268 269 269 269 269 269 269 269 269 269 270 270 270 270 270 270 270 270 270 270 270 270 270 270 270 270 270 270 270 270 270
271 271 272 272 272 272 273 273 273 274 274 275 275 276 276 277 277 278 278 279 279 279 279 279 278 277 276 275 272 270 268 265 262 260 259 259 259 261 262 262 263 264 264 264 265 265 266 265 265 266 266 266 266 266 267 267 267 267 268 268 268 268 268 268 269 269 269 269 269 269 269 269 270 270 270 270 270 270 270 270 270 270 270 270 270 270 270 270 270 270 270 270 270 270
271 271 272 272 272 272 273 273 273 273 274 274 275 275 275 276 276 277 277 277 277 277 277 277 276 276 274 273 271 270 268 266 264 263 262 262 262 262 263 263 264 264 264 265 266 266 266 266 266 266 266 266 267 267 267 267 267 268 268 268 268 268 268 269 269 269 269 269 269 269 269 269 270 270 270 270 270 270 270 270 270 270 270 270 270 270 270 270 270 270 270 270 270 270
271 271 271 272 272 272 272 273 273 273 273 274 274 274 275 275 275 276 276 276 276 276 276 276 275 274 273 272 271 270 268 267 266 264 264 264 264 264 264 265 265 265 265 266 266 266 266 266 266 266 267 267 267 267 267 267 268 268 268 268 268 268 269 269 269 269 269 269 269 269 269 270 270 270 270 270 270 270 270 270 270 270 270 270 270 270 270 270 270 270 270 270 270 270
271 271 271 271 272 272 272 272 273 273 273 273 274 274 274 274 275 275 275 275 275 275 275 274 274 273 272 272 271 270 268 267 266 266 265 265 265 265 265 265 265 266 266 266 267 267 267 267 267 267 267 267 267 267 267 268 268 268 268 268 268 269 269 269 269 269 269 269 269 269 270 270 270 270 270 270 270 270 270 270 270 270 270 270 270 270 270 270 270 270 270 270 270 270
271 271 271 271 272 272 272 272 272 273 273 273 273 273 274 274 274 274 274 274 274 274 274 273 273 273 272 271 270 270 269 268 267 267 266 266 266 266 266 266 266 266 267 267 267 267 267 267 267 267 267 267 267 268 268 268 268 268 268 268 269 269 269 269 269 269 269 269 269 269 270 270 270 270 270 270 270 270 270 270 270 270 270 270 270 270 270 270 270 270 270 270 270 270
271 271 271 271 271 272 272 272 272 272 272 273 273 273 273 273 273 273 274 273 273 273 273 273 272 272 271 271 270 270 269 268 268 267 267 267 267 267 267 267 267 267 267 267 267 267 267 267 267 267 267 268 268 268 268 268 268 268 268 269 269 269 269 269 269 269 269 269 269 270 270 270 270 270 270 270 270 270 270 270 270 270 270 270 270 270 270 270 270 270 270 270 270 270
271 271 271 271 271 271 272 272 272 272 272 272 272 273 273 273 273 273 273 273 273 273 273 272 272 272 271 271 270 270 269 269 268 268 268 267 267 267 267 267 267 267 267 267 267 267 267 267 268 268 268 268 268 268 268 268 268 269 269 269 269 269 269 269 269 269 269 269 270 270 270 270 270 270 270 270 270 270 270 270 270 270 270 270 270 270 270 270 270 270 270 270 270 270
271 271 271 271 271 271 271 271 272 272 272 272 272 272 272 272 272 273 273 272 272 272 272 272 272 271 271 271 270 270 269 269 269 268 268 268 268 268 268 268 268 268 268 268 268 268 268 268 268 268 268 268 268 268 268 269 269 269 269 269 269 269 269 269 269 269 269 270 270 270 270 270 270 270 270 270 270 270 270 270 270 270 270 270 270 270 270 270 270 270 270 270 270 270
271 271 271 271 271 271 271 271 271 272 272 272 272 272 272 272 272 272 272 272 272 272 272 272 271 271 271 270 270 270 270 269 269 269 268 268 268 268 268 268 268 268 268 268 268 268 268 268 268 268 268 268 268 268 269 269 269 269 269 269 269 269 269 269 269 269 270 270 270 270 270 270 270 270 270 270 270 270 270 270 270 270 270 270 270 270 270 270 270 270 270 270 270 270
271 271 271 271 271 271 271 271 271 271 271 272 272 272 272 272 272 272 272 272 272 272 271 271 271 271 271 270 270 270 270 269 269 269 269 268 268 268 268 268 268 268 268 268 268 268 268 268 268 268 268 269 269 269 269 269 269 269 269 269 269 269 269 269 269 270 270 270 270 270 270 270 270 270 270 270 270 270 270 270 270 270 270 270 270 270 270 270 270 270 270 270 270 270
271 271 271 271 271 271 271 271 271 271 271 271 271 271 272 272 272 272 272 271 271 271 271 271 271 271 271 270 270 270 270 269 269 269 269 269 269 268 269 268 268 268 268 268 268 268 268 268 268 269 269 269 269 269 269 269 269 269 269 269 269 269 269 269 270 270 270 270 270 270 270 270 270 270 270 270 270 270 270 270 270 270 270 270 270 270 270 270 270 270 270 270 270 270
