data/AilsaCraig_315_1_25m_ang_2m.asc
ncols	257
nrows	257
xllcorner	3364200.000000
yllcorner	3669375.000000
cellsize	25.000000
NODATA_value	-1.000000
[rows 126 to 167 of 257, columns 94 to 187 of 257]
317 317 318 318 318 319 319 319 320 322 322 323 325 327 329 332 336 341 343 343 342 338 333 330 328 325 322 320 316 312 311 311 311 312 313 314 316 319 321 320 320 322 325 327 328 330 333 335 337 338 339 339 334 331 329 327 325 324 322 321 320 320 319 319 318 318 318 317 317 317 316 316 316 316 316 316 316 316 315 315 315 315 315 315 315 315 315 315 315 315 315 315 315 315
317 318 318 318 318 319 319 320 321 322 323 324 326 328 330 334 339 343 345 345 343 338 333 328 326 323 321 320 315 312 311 311 311 312 313 314 316 320 321 320 320 322 324 324 325 328 331 333 336 337 338 338 335 332 329 327 326 324 323 321 321 320 319 319 318 318 318 317 317 317 317 316 316 316 316 316 316 316 315 315 315 315 315 315 315 315 315 315 315 315 315 315 315 315
317 318 318 318 319 319 319 320 322 323 323 325 327 329 332 336 342 346 346 346 343 338 332 328 325 322 321 319 315 312 311 310 311 312 312 312 315 319 319 319 319 320 321 321 323 327 330 332 335 338 338 337 336 333 330 328 326 325 323 322 321 320 319 319 318 318 318 317 317 317 317 316 316 316 316 316 316 316 315 315 315 315 315 315 315 315 315 315 315 315 315 315 315 315
317 318 318 319 319 319 320 321 322 323 324 326 328 330 333 339 345 347 347 347 341 336 332 328 325 322 321 320 316 313 311 310 311 311 311 311 314 316 317 317 316 315 318 321 324 328 330 334 338 339 338 338 337 335 331 329 327 325 323 322 321 320 319 319 318 318 318 317 317 317 317 316 316 316 316 316 316 316 315 315 315 315 315 315 315 315 315 315 315 315 315 315 315 315
318 318 318 319 319 319 320 321 323 324 325 326 329 331 335 341 347 349 348 346 339 334 332 328 325 323 322 320 316 314 312 311 312 312 310 310 313 315 315 315 314 313 316 321 326 330 333 336 341 340 339 338 338 336 333 329 327 325 324 322 321 320 319 319 318 318 318 317 317 317 317 316 316 316 316 316 316 316 315 315 315 315 315 315 315 315 315 315 315 315 315 315 315 315
318 318 318 319 319 320 320 322 323 324 325 327 330 333 337 343 349 350 349 345 337 333 331 327 324 322 321 318 315 313 312 311 312 312 311 310 312 315 316 316 314 314 318 324 329 332 335 339 342 341 340 340 338 337 334 330 327 325 324 322 321 320 320 319 318 318 318 317 317 317 317 316 316 316 316 316 316 316 315 315 315 315 315 315 315 315 315 315 315 315 315 315 315 315
318 318 318 319 319 320 321 322 323 324 326 328 331 334 339 345 351 351 349 344 337 333 330 326 323 321 319 316 313 311 310 310 311 311 311 310 313 316 317 317 316 316 320 325 329 332 335 340 342 341 341 340 339 337 334 330 327 325 324 323 321 320 320 319 318 318 318 317 317 317 317 316 316 316 316 316 316 316 315 315 315 315 315 315 315 315 315 315 315 315 315 315 315 315
318 318 319 319 319 320 321 322 324 325 327 329 332 336 342 349 352 351 349 344 337 332 329 326 322 320 317 315 312 310 309 309 310 311 311 311 313 316 318 318 318 318 320 324 326 328 332 336 339 340 341 340 339 337 334 330 327 325 324 323 321 320 320 319 318 318 318 317 317 317 317 316 316 316 316 316 316 316 315 315 315 315 315 315 315 315 315 315 315 315 315 315 315 315
318 318 319 319 319 320 321 323 324 325 327 330 333 337 344 351 354 352 348 344 337 333 329 325 321 318 316 314 311 310 309 308 309 311 311 311 314 317 318 319 319 319 320 322 325 326 329 333 335 338 340 340 339 337 333 330 327 325 324 322 321 320 319 319 318 318 318 317 317 317 317 316 316 316 316 316 316 316 315 315 315 315 315 315 315 315 315 315 315 315 315 315 315 315
318 318 319 319 320 320 321 323 324 326 328 331 334 339 346 352 354 352 348 343 338 333 329 325 321 317 315 313 311 309 308 308 309 310 310 311 314 316 317 319 320 320 319 322 325 327 330 334 337 339 341 340 339 336 332 330 327 325 324 322 321 320 319 319 318 318 318 317 317 317 317 316 316 316 316 316 316 316 315 315 315 315 315 315 315 315 315 315 315 315 315 315 315 315
318 318 319 319 320 320 321 323 324 326 329 331 335 341 348 354 355 352 349 344 338 334 330 325 321 317 315 313 311 310 309 309 310 310 309 311 312 313 315 319 321 320 319 321 324 327 331 335 339 343 343 340 338 335 331 329 327 325 324 322 321 320 319 319 318 318 318 317 317 317 316 316 316 316 316 316 316 316 315 315 315 315 315 315 315 315 315 315 315 315 315 315 315 315
318 318 319 319 320 320 322 323 324 326 329 332 336 343 351 356 355 352 350 345 339 334 330 325 321 318 316 314 312 311 310 310 310 310 310 311 312 312 314 319 321 320 319 320 323 326 330 334 339 345 344 340 337 334 330 328 327 326 324 323 321 320 319 319 318 318 317 317 317 317 316 316 316 316 316 316 316 315 315 315 315 315 315 315 315 315 315 315 315 315 315 315 315 315
318 318 318 319 320 320 321 323 324 326 329 332 336 344 352 356 353 351 349 345 340 334 329 324 321 318 317 315 314 312 311 311 311 311 312 313 312 311 315 320 321 320 319 320 323 325 329 333 339 345 343 339 336 332 329 328 327 325 324 323 321 320 319 318 318 318 317 317 317 317 316 316 316 316 316 316 316 315 315 315 315 315 315 315 315 315 315 315 315 315 315 315 315 315
318 318 318 319 320 320 321 323 324 326 328 331 336 344 351 352 350 349 347 344 339 333 328 324 321 319 318 317 315 314 313 312 312 313 315 316 314 313 317 321 322 321 319 319 322 324 327 332 339 344 342 337 334 330 328 327 326 325 323 322 320 319 319 318 318 318 317 317 317 317 316 316 316 316 316 316 316 315 315 315 315 315 315 315 315 315 315 315 315 315 315 315 315 315
318 318 318 319 319 320 321 322 324 326 328 331 334 341 348 349 348 347 343 341 336 330 325 322 320 318 317 316 315 314 313 313 312 314 318 318 316 316 320 322 323 321 319 319 321 323 326 331 339 343 339 335 332 329 327 326 325 323 322 321 320 319 318 318 318 317 317 317 317 316 316 316 316 316 316 316 316 315 315 315 315 315 315 315 315 315 315 315 315 315 315 315 315 315
318 318 318 319 319 320 321 322 323 325 327 329 332 336 340 344 347 345 340 336 330 325 322 320 318 316 315 315 314 313 313 312 311 314 319 318 316 318 321 323 324 321 318 318 320 321 324 331 338 341 336 332 330 328 326 325 324 322 321 320 319 319 318 318 318 317 317 317 317 316 316 316 316 316 316 316 316 315 315 315 315 315 315 315 315 315 315 315 315 315 315 315 315 315
317 318 318 319 319 320 321 321 323 324 326 328 330 332 332 334 340 341 337 331 324 320 318 316 314 313 312 313 312 311 311 310 309 312 318 316 315 317 319 323 323 319 317 317 318 319 323 330 337 338 333 329 328 326 325 324 322 321 320 319 319 318 318 318 317 317 317 317 316 316 316 316 316 316 316 316 315 315 315 315 315 315 315 315 315 315 315 315 315 315 315 315 315 315
317 318 318 318 319 319 320 321 322 323 324 326 328 329 328 326 325 333 333 327 321 317 315 313 310 309 310 310 310 309 308 306 305 310 317 314 313 315 316 320 320 316 315 315 315 316 320 328 335 334 329 327 326 326 324 322 321 320 319 319 318 318 318 317 317 317 317 316 316 316 316 316 316 316 316 316 315 315 315 315 315 315 315 315 315 315 315 315 315 315 315 315 315 315
317 317 318 318 319 319 320 320 321 322 323 324 326 326 326 324 322 322 327 324 319 317 315 311 308 307 307 308 307 306 304 301 301 308 313 310 311 313 315 317 316 313 311 311 311 313 316 324 331 330 326 325 325 324 322 321 320 319 319 318 318 318 317 317 317 317 317 316 316 316 316 316 316 316 316 315 315 315 315 315 315 315 315 315 315 315 315 315 315 315 315 315 315 315
317 317 318 318 318 319 319 320 321 321 322 323 324 324 324 324 323 325 330 322 318 317 314 310 307 306 305 306 305 303 298 295 296 304 307 307 308 312 314 314 311 308 307 308 308 309 313 321 326 325 323 323 322 321 320 320 319 319 318 318 317 317 317 317 317 317 316 316 316 316 316 316 316 316 316 315 315 315 315 315 315 315 315 315 315 315 315 315 315 315 315 315 315 315
317 317 317 318 318 318 319 319 320 320 321 322 322 323 323 323 323 328 330 321 317 315 312 309 307 305 305 304 304 300 293 288 290 296 300 301 303 308 309 308 306 304 303 303 304 305 309 316 321 321 320 320 320 320 319 319 318 318 317 317 317 317 317 317 316 316 316 316 316 316 316 316 316 316 315 315 315 315 315 315 315 315 315 315 315 315 315 315 315 315 315 315 315 315
317 317 317 317 318 318 318 319 319 320 320 321 321 321 322 322 322 323 321 317 315 313 309 307 306 305 304 303 303 298 290 282 285 288 291 291 293 298 299 299 299 299 299 300 300 302 305 311 316 318 318 318 319 318 318 318 318 317 317 317 317 317 317 316 316 316 316 316 316 316 316 316 316 316 315 315 315 315 315 315 315 315 315 315 315 315 315 315 315 315 315 315 315 315
317 317 317 317 317 318 318 318 319 319 319 320 320 320 320 320 320 319 317 315 315 311 307 305 304 304 303 302 301 295 285 278 281 284 287 287 287 293 293 292 294 294 294 295 297 298 302 308 313 316 316 317 317 317 317 317 317 317 317 317 317 316 316 316 316 316 316 316 316 316 316 316 316 315 315 315 315 315 315 315 315 315 315 315 315 315 315 315 315 315 315 315 315 315
316 317 317 317 317 317 318 318 318 318 319 319 319 319 319 319 318 318 317 315 315 314 307 304 303 303 301 299 296 289 280 277 279 282 285 287 290 294 293 292 294 294 294 294 296 298 301 306 312 314 315 316 316 317 317 317 317 316 316 316 316 316 316 316 316 316 316 316 316 316 316 316 315 315 315 315 315 315 315 315 315 315 315 315 315 315 315 315 315 315 315 315 315 315
316 316 317 317 317 317 317 317 318 318 318 318 318 318 318 317 317 316 315 314 314 313 311 305 302 301 300 297 291 283 278 279 279 280 283 286 290 294 295 296 297 297 297 298 299 300 303 307 311 313 314 315 316 316 316 316 316 316 316 316 316 316 316 316 316 316 316 316 316 316 316 315 315 315 315 315 315 315 315 315 315 315 315 315 315 315 315 315 315 315 315 315 315 315
316 316 316 317 317 317 317 317 317 317 317 317 317 317 317 317 316 315 314 313 312 312 311 310 303 299 297 295 289 281 278 281 281 280 283 286 291 294 297 298 299 300 301 303 303 303 305 308 311 313 314 315 315 316 316 316 316 316 316 316 316 316 316 316 316 316 316 316 316 316 315 315 315 315 315 315 315 315 315 315 315 315 315 315 315 315 315 315 315 315 315 315 315 315
316 316 316 316 316 317 317 317 317 317 317 317 317 316 316 316 315 315 314 313 312 310 310 310 305 298 294 293 289 281 277 280 280 280 282 287 293 296 299 300 301 302 304 305 306 306 308 309 311 313 314 314 315 315 316 316 316 316 316 316 316 316 316 316 316 316 316 316 315 315 315 315 315 315 315 315 315 315 315 315 315 315 315 315 315 315 315 315 315 315 315 315 315 315
316 316 316 316 316 316 316 316 316 316 316 316 316 316 316 315 315 314 313 312 311 310 308 308 304 297 293 292 288 281 277 278 278 278 283 289 295 298 301 302 304 305 306 308 308 309 309 311 312 313 314 314 315 315 315 316 315 315 315 316 316 316 316 316 316 316 315 315 315 315 315 315 315 315 315 315 315 315 315 315 315 315 315 315 315 315 315 315 315 315 315 315 315 315
316 316 316 316 316 316 316 316 316 316 316 316 316 315 315 315 314 314 313 312 311 309 308 306 303 299 296 293 288 283 280 279 279 280 286 293 298 301 303 305 307 308 309 310 310 310 311 312 312 313 314 314 314 315 315 315 315 315 315 315 315 315 315 315 315 315 315 315 315 315 315 315 315 315 315 315 315 315 315 315 315 315 315 315 315 315 315 315 315 315 315 315 315 315
316 316 316 316 316 316 316 316 316 316 316 316 315 315 315 314 314 313 313 312 311 309 308 306 303 302 299 296 292 289 286 284 284 287 292 298 301 304 306 307 309 309 310 311 311 311 311 312 313 313 314 314 314 315 315 315 315 315 315 315 315 315 315 315 315 315 315 315 315 315 315 315 315 315 315 315 315 315 315 315 315 315 315 315 315 315 315 315 315 315 315 315 315 315
316 316 316 316 316 316 316 316 316 316 315 315 315 315 314 314 314 313 312 312 311 309 308 307 305 303 300 299 297 294 292 291 291 294 298 302 304 306 308 309 309 310 310 311 311 311 312 313 313 313 314 314 314 315 315 315 315 315 315 315 315 315 315 315 315 315 315 315 315 315 315 315 315 315 315 315 315 315 315 315 315 315 315 315 315 315 315 315 315 315 315 315 315 315
315 316 316 316 316 316 316 315 315 315 315 315 315 315 314 314 314 313 312 312 311 310 309 307 306 304 303 301 300 298 297 297 298 299 301 304 306 307 308 309 310 310 311 311 311 312 312 313 313 314 314 314 314 315 315 315 315 315 315 315 315 315 315 315 315 315 315 315 315 315 315 315 315 315 315 315 315 315 315 315 315 315 315 315 315 315 315 315 315 315 315 315 315 315
315 315 315 315 315 315 315 315 315 315 315 315 315 314 314 314 313 313 312 312 311 310 309 308 307 306 305 304 303 302 301 301 302 303 304 305 307 308 309 309 310 311 311 312 312 312 313 313 313 314 314 314 314 314 315 315 315 315 315 315 315 315 315 315 315 315 315 315 315 315 315 315 315 315 315 315 315 315 315 315 315 315 315 315 315 315 315 315 315 315 315 315 315 315
315 315 315 315 315 315 315 315 315 315 315 315 315 314 314 314 313 313 313 312 311 311 310 309 308 307 306 306 305 304 304 304 304 305 306 307 308 309 309 310 311 311 312 312 312 312 313 313 313 314 314 314 314 314 315 315 315 315 315 315 315 315 315 315 315 315 315 315 315 315 315 315 315 315 315 315 315 315 315 315 315 315 315 315 315 315 315 315 315 315 315 315 315 315
315 315 315 315 315 315 315 315 315 315 315 315 314 314 314 314 313 313 313 312 312 311 310 310 309 308 308 307 307 306 306 306 307 307 308 308 309 310 310 311 311 312 312 312 312 313 313 313 314 314 314 314 314 314 315 315 315 315 315 315 315 315 315 315 315 315 315 315 315 315 315 315 315 315 315 315 315 315 315 315 315 315 315 315 315 315 315 315 315 315 315 315 315 315
315 315 315 315 315 315 315 315 315 315 315 315 314 314 314 314 313 313 313 312 312 311 311 310 310 309 309 309 308 308 308 308 308 308 309 309 310 310 311 311 312 312 312 312 313 313 313 313 314 314 314 314 314 314 315 315 315 315 315 315 315 315 315 315 315 315 315 315 315 315 315 315 315 315 315 315 315 315 315 315 315 315 315 315 315 315 315 315 315 315 315 315 315 315
315 315 315 315 315 315 315 315 315 315 315 315 314 314 314 314 314 313 313 313 312 312 311 311 311 310 310 310 309 309 309 309 309 309 310 310 310 311 311 311 312 312 312 313 313 313 313 313 314 314 314 314 314 314 315 315 315 315 315 315 315 315 315 315 315 315 315 315 315 315 315 315 315 315 315 315 315 315 315 315 315 315 315 315 315 315 315 315 315 315 315 315 315 315
315 315 315 315 315 315 315 315 315 315 315 315 314 314 314 314 314 313 313 313 312 312 312 312 311 311 311 310 310 310 310 310 310 310 311 311 311 311 312 312 312 312 313 313 313 313 313 314 314 314 314 314 314 314 315 315 315 315 315 315 315 315 315 315 315 315 315 315 315 315 315 315 315 315 315 315 315 315 315 315 315 315 315 315 315 315 315 315 315 315 315 315 315 315
315 315 315 315 315 315 315 315 315 315 315 314 314 314 314 314 314 313 313 313 313 313 312 312 312 311 311 311 311 311 311 311 311 311 311 311 312 312 312 312 312 313 313 313 313 313 314 314 314 314 314 314 314 314 315 315 315 315 315 315 315 315 315 315 315 315 315 315 315 315 315 315 315 315 315 315 315 315 315 315 315 315 315 315 315 315 315 315 315 315 315 315 315 315
315 315 315 315 315 315 315 315 315 315 315 314 314 314 314 314 314 314 313 313 313 313 313 312 312 312 312 312 311 311 311 311 311 312 312 312 312 312 312 312 313 313 313 313 313 313 314 314 314 314 314 314 314 314 315 315 315 315 315 315 315 315 315 315 315 315 315 315 315 315 315 315 315 315 315 315 315 315 315 315 315 315 315 315 315 315 315 315 315 315 315 315 315 315
315 315 315 315 315 315 315 315 315 315 315 315 314 314 314 314 314 314 314 313 313 313 313 313 312 312 312 312 312 312 312 312 312 312 312 312 312 312 313 313 313 313 313 313 313 314 314 314 314 314 314 314 314 315 315 315 315 315 315 315 315 315 315 315 315 315 315 315 315 315 315 315 315 315 315 315 315 315 315 315 315 315 315 315 315 315 315 315 315 315 315 315 315 315
315 315 315 315 315 315 315 315 315 315 315 315 314 314 314 314 314 314 314 313 313 313 313 313 313 313 313 312 312 312 312 312 312 312 312 313 313 313 313 313 313 313 313 314 314 314 314 314 314 314 314 314 314 315 315 315 315 315 315 315 315 315 315 315 315 315 315 315 315 315 315 315 315 315 315 315 315 315 315 315 315 315 315 315 315 315 315 315 315 315 315 315 315 315
