data/AilsaCraig_270_1_25m_vel_50m.asc
ncols	257
nrows	257
xllcorner	3364200.000000
yllcorner	3669375.000000
cellsize	25.000000
NODATA_value	-1.000000
[rows 76 to 113 of 257, columns 84 to 167 of 257]
1.68 1.68 1.68 1.68 1.68 1.68 1.68 1.68 1.68 1.68 1.68 1.68 1.68 1.68 1.68 1.68 1.68 1.68 1.68 1.68 1.68 1.68 1.68 1.68 1.68 1.68 1.68 1.68 1.68 1.68 1.68 1.68 1.68 1.68 1.68 1.68 1.68 1.68 1.68 1.68 1.68 1.68 1.68 1.68 1.68 1.68 1.68 1.68 1.68 1.68 1.68 1.68 1.68 1.68 1.68 1.68 1.68 1.68 1.68 1.68 1.68 1.68 1.68 1.68 1.68 1.68 1.68 1.68 1.68 1.68 1.68 1.68 1.68 1.68 1.68 1.68 1.68 1.68 1.68 1.68 1.68 1.68 1.68 1.68
1.68 1.68 1.68 1.68 1.68 1.68 1.68 1.68 1.68 1.68 1.68 1.68 1.68 1.68 1.68 1.68 1.68 1.68 1.68 1.68 1.68 1.68 1.68 1.68 1.68 1.68 1.68 1.68 1.68 1.68 1.68 1.68 1.68 1.68 1.68 1.68 1.68 1.68 1.68 1.68 1.68 1.68 1.68 1.68 1.68 1.68 1.68 1.68 1.68 1.68 1.68 1.68 1.68 1.68 1.68 1.68 1.68 1.68 1.68 1.68 1.68 1.68 1.68 1.68 1.68 1.68 1.68 1.68 1.68 1.68 1.68 1.68 1.68 1.68 1.68 1.68 1.68 1.68 1.68 1.68 1.68 1.68 1.68 1.68
1.68 1.68 1.68 1.68 1.68 1.68 1.68 1.68 1.68 1.68 1.68 1.68 1.68 1.68 1.68 1.68 1.68 1.68 1.68 1.68 1.68 1.68 1.68 1.68 1.68 1.68 1.68 1.68 1.68 1.68 1.68 1.68 1.68 1.68 1.68 1.68 1.68 1.68 1.68 1.68 1.68 1.68 1.68 1.68 1.68 1.68 1.68 1.68 1.68 1.68 1.68 1.68 1.68 1.68 1.68 1.68 1.68 1.68 1.68 1.68 1.68 1.68 1.68 1.68 1.68 1.68 1.68 1.68 1.68 1.68 1.68 1.68 1.68 1.68 1.68 1.68 1.68 1.68 1.68 1.68 1.68 1.68 1.68 1.68
1.68 1.68 1.68 1.68 1.68 1.68 1.68 1.68 1.68 1.68 1.68 1.68 1.68 1.68 1.68 1.68 1.68 1.68 1.68 1.68 1.68 1.68 1.68 1.68 1.68 1.68 1.68 1.68 1.68 1.68 1.68 1.68 1.68 1.68 1.68 1.68 1.68 1.68 1.68 1.68 1.68 1.68 1.68 1.68 1.68 1.68 1.68 1.68 1.68 1.68 1.68 1.68 1.68 1.68 1.68 1.68 1.68 1.68 1.68 1.68 1.68 1.68 1.68 1.68 1.68 1.68 1.68 1.68 1.68 1.68 1.68 1.68 1.68 1.68 1.68 1.68 1.68 1.68 1.68 1.68 1.68 1.68 1.68 1.68
1.68 1.68 1.68 1.68 1.68 1.68 1.68 1.68 1.68 1.68 1.68 1.68 1.68 1.68 1.68 1.68 1.68 1.68 1.68 1.68 1.68 1.68 1.68 1.68 1.68 1.68 1.68 1.68 1.68 1.68 1.68 1.68 1.68 1.68 1.68 1.68 1.68 1.68 1.68 1.68 1.68 1.68 1.68 1.68 1.68 1.68 1.68 1.68 1.68 1.68 1.68 1.68 1.68 1.68 1.68 1.68 1.68 1.68 1.68 1.68 1.68 1.68 1.68 1.68 1.68 1.68 1.68 1.68 1.68 1.68 1.68 1.68 1.68 1.68 1.68 1.68 1.68 1.68 1.68 1.68 1.68 1.68 1.68 1.68
1.68 1.68 1.68 1.68 1.68 1.68 1.68 1.68 1.67 1.68 1.68 1.67 1.67 1.67 1.67 1.67 1.67 1.67 1.67 1.68 1.68 1.68 1.68 1.68 1.68 1.68 1.68 1.68 1.68 1.68 1.68 1.68 1.68 1.68 1.68 1.68 1.68 1.68 1.68 1.68 1.68 1.69 1.69 1.69 1.69 1.69 1.69 1.68 1.68 1.68 1.68 1.68 1.68 1.68 1.68 1.68 1.68 1.68 1.68 1.68 1.68 1.68 1.68 1.68 1.68 1.68 1.68 1.68 1.68 1.67 1.67 1.67 1.67 1.67 1.67 1.67 1.67 1.67 1.67 1.68 1.68 1.68 1.68 1.68
1.68 1.68 1.68 1.68 1.68 1.68 1.68 1.67 1.67 1.67 1.67 1.67 1.67 1.67 1.67 1.67 1.67 1.67 1.67 1.67 1.67 1.67 1.68 1.68 1.68 1.68 1.68 1.68 1.68 1.68 1.68 1.68 1.68 1.68 1.68 1.68 1.68 1.68 1.69 1.69 1.69 1.69 1.69 1.69 1.69 1.69 1.69 1.69 1.69 1.69 1.69 1.68 1.68 1.68 1.68 1.68 1.68 1.68 1.68 1.68 1.68 1.68 1.68 1.68 1.68 1.68 1.68 1.68 1.68 1.67 1.67 1.67 1.67 1.67 1.67 1.67 1.67 1.67 1.67 1.67 1.67 1.67 1.67 1.68
1.68 1.68 1.68 1.68 1.67 1.68 1.67 1.67 1.67 1.67 1.67 1.67 1.67 1.67 1.67 1.67 1.67 1.67 1.67 1.67 1.67 1.67 1.68 1.68 1.68 1.68 1.68 1.68 1.68 1.68 1.68 1.68 1.68 1.68 1.68 1.68 1.68 1.69 1.69 1.69 1.69 1.69 1.69 1.69 1.69 1.69 1.69 1.69 1.69 1.69 1.69 1.69 1.68 1.68 1.68 1.68 1.68 1.68 1.68 1.68 1.68 1.68 1.68 1.68 1.68 1.68 1.67 1.67 1.67 1.67 1.67 1.67 1.67 1.67 1.67 1.67 1.67 1.67 1.67 1.67 1.67 1.67 1.67 1.67
1.68 1.68 1.68 1.67 1.67 1.67 1.67 1.67 1.67 1.67 1.67 1.67 1.67 1.67 1.67 1.67 1.67 1.67 1.67 1.67 1.67 1.67 1.67 1.67 1.68 1.68 1.68 1.68 1.68 1.68 1.68 1.68 1.68 1.68 1.68 1.69 1.69 1.69 1.69 1.69 1.69 1.69 1.69 1.69 1.69 1.69 1.69 1.69 1.69 1.69 1.69 1.69 1.69 1.68 1.68 1.68 1.68 1.68 1.68 1.68 1.68 1.68 1.68 1.68 1.68 1.68 1.67 1.67 1.67 1.67 1.67 1.67 1.67 1.67 1.67 1.67 1.67 1.67 1.67 1.67 1.67 1.67 1.67 1.67
1.68 1.68 1.67 1.67 1.67 1.67 1.67 1.67 1.67 1.67 1.67 1.67 1.67 1.67 1.67 1.67 1.67 1.67 1.67 1.67 1.67 1.67 1.67 1.67 1.67 1.68 1.68 1.68 1.68 1.68 1.68 1.68 1.68 1.68 1.69 1.69 1.69 1.69 1.69 1.69 1.69 1.69 1.69 1.69 1.69 1.69 1.69 1.69 1.69 1.69 1.69 1.69 1.69 1.69 1.68 1.68 1.68 1.68 1.68 1.68 1.68 1.68 1.68 1.68 1.67 1.67 1.67 1.67 1.67 1.67 1.67 1.67 1.67 1.67 1.67 1.67 1.67 1.67 1.67 1.67 1.67 1.67 1.67 1.67
1.67 1.67 1.67 1.67 1.67 1.67 1.67 1.67 1.67 1.67 1.67 1.67 1.67 1.67 1.67 1.67 1.67 1.67 1.67 1.67 1.67 1.67 1.67 1.67 1.67 1.68 1.68 1.68 1.68 1.68 1.68 1.68 1.68 1.68 1.69 1.69 1.69 1.69 1.69 1.69 1.69 1.69 1.69 1.69 1.69 1.69 1.69 1.69 1.69 1.69 1.69 1.69 1.69 1.69 1.69 1.68 1.68 1.68 1.68 1.68 1.68 1.68 1.68 1.67 1.67 1.67 1.67 1.67 1.67 1.67 1.67 1.67 1.67 1.67 1.67 1.67 1.67 1.67 1.67 1.67 1.67 1.67 1.67 1.67
1.67 1.67 1.67 1.67 1.67 1.67 1.67 1.67 1.67 1.67 1.67 1.67 1.67 1.67 1.67 1.67 1.67 1.67 1.67 1.67 1.67 1.67 1.67 1.67 1.67 1.67 1.68 1.68 1.68 1.68 1.68 1.68 1.68 1.69 1.69 1.69 1.69 1.69 1.69 1.69 1.70 1.70 1.70 1.70 1.70 1.70 1.70 1.70 1.70 1.69 1.69 1.69 1.69 1.69 1.69 1.69 1.68 1.68 1.68 1.68 1.68 1.68 1.68 1.67 1.67 1.67 1.67 1.67 1.67 1.67 1.67 1.67 1.67 1.67 1.67 1.67 1.67 1.67 1.67 1.67 1.67 1.67 1.67 1.67
1.67 1.67 1.67 1.67 1.67 1.67 1.67 1.67 1.67 1.67 1.67 1.67 1.67 1.67 1.67 1.67 1.67 1.67 1.67 1.67 1.67 1.67 1.67 1.67 1.67 1.67 1.67 1.68 1.68 1.68 1.68 1.68 1.68 1.69 1.69 1.69 1.69 1.69 1.70 1.70 1.70 1.70 1.70 1.70 1.70 1.70 1.70 1.70 1.70 1.70 1.69 1.69 1.69 1.69 1.69 1.69 1.68 1.68 1.68 1.68 1.68 1.68 1.67 1.67 1.67 1.67 1.67 1.67 1.67 1.67 1.67 1.67 1.67 1.67 1.67 1.67 1.67 1.67 1.67 1.67 1.67 1.67 1.67 1.67
1.67 1.67 1.67 1.67 1.67 1.67 1.67 1.67 1.67 1.67 1.67 1.67 1.67 1.67 1.67 1.67 1.67 1.67 1.67 1.67 1.67 1.67 1.67 1.67 1.67 1.67 1.67 1.68 1.68 1.68 1.68 1.68 1.69 1.69 1.69 1.69 1.69 1.70 1.70 1.70 1.70 1.70 1.70 1.70 1.70 1.70 1.70 1.70 1.70 1.70 1.70 1.70 1.69 1.69 1.69 1.69 1.69 1.68 1.68 1.68 1.68 1.68 1.67 1.67 1.67 1.67 1.67 1.67 1.67 1.67 1.67 1.67 1.67 1.67 1.67 1.67 1.67 1.67 1.67 1.67 1.67 1.67 1.67 1.67
1.67 1.67 1.67 1.67 1.67 1.67 1.67 1.67 1.67 1.67 1.67 1.67 1.67 1.67 1.67 1.67 1.67 1.67 1.67 1.67 1.67 1.67 1.67 1.67 1.67 1.67 1.67 1.68 1.68 1.68 1.68 1.68 1.69 1.69 1.69 1.69 1.70 1.70 1.70 1.70 1.71 1.71 1.71 1.71 1.71 1.71 1.71 1.71 1.70 1.70 1.70 1.70 1.70 1.69 1.69 1.69 1.69 1.68 1.68 1.68 1.68 1.68 1.67 1.67 1.67 1.67 1.67 1.67 1.67 1.67 1.67 1.67 1.67 1.67 1.67 1.67 1.67 1.67 1.67 1.67 1.67 1.67 1.67 1.67
1.67 1.67 1.67 1.67 1.67 1.67 1.67 1.67 1.67 1.67 1.67 1.67 1.67 1.67 1.67 1.67 1.67 1.66 1.67 1.67 1.67 1.67 1.67 1.67 1.67 1.67 1.67 1.67 1.68 1.68 1.68 1.68 1.69 1.69 1.69 1.70 1.70 1.70 1.70 1.71 1.71 1.71 1.71 1.71 1.71 1.71 1.71 1.71 1.71 1.71 1.70 1.70 1.70 1.70 1.69 1.69 1.69 1.68 1.68 1.68 1.68 1.67 1.67 1.67 1.67 1.67 1.67 1.67 1.67 1.67 1.67 1.67 1.67 1.67 1.67 1.67 1.67 1.67 1.67 1.67 1.67 1.67 1.67 1.67
1.67 1.67 1.67 1.67 1.67 1.67 1.67 1.67 1.67 1.67 1.67 1.67 1.67 1.66 1.66 1.66 1.66 1.66 1.66 1.66 1.66 1.66 1.67 1.67 1.67 1.67 1.67 1.67 1.68 1.68 1.68 1.69 1.69 1.69 1.70 1.70 1.70 1.70 1.71 1.71 1.71 1.71 1.72 1.72 1.72 1.72 1.72 1.71 1.71 1.71 1.71 1.70 1.70 1.70 1.69 1.69 1.69 1.68 1.68 1.68 1.68 1.67 1.67 1.67 1.67 1.67 1.67 1.66 1.66 1.66 1.66 1.66 1.66 1.66 1.66 1.67 1.66 1.67 1.67 1.67 1.67 1.67 1.67 1.67
1.67 1.67 1.67 1.67 1.67 1.67 1.67 1.67 1.67 1.67 1.66 1.66 1.66 1.66 1.66 1.66 1.66 1.66 1.66 1.66 1.66 1.66 1.66 1.66 1.67 1.67 1.67 1.67 1.67 1.68 1.68 1.69 1.69 1.69 1.70 1.70 1.71 1.71 1.71 1.72 1.72 1.72 1.72 1.72 1.72 1.72 1.72 1.72 1.72 1.71 1.71 1.71 1.70 1.70 1.70 1.69 1.69 1.68 1.68 1.68 1.68 1.67 1.67 1.67 1.67 1.67 1.66 1.66 1.66 1.66 1.66 1.66 1.66 1.66 1.66 1.66 1.66 1.66 1.67 1.67 1.67 1.67 1.67 1.67
1.67 1.67 1.67 1.67 1.67 1.67 1.67 1.67 1.66 1.66 1.66 1.66 1.66 1.66 1.66 1.66 1.66 1.66 1.66 1.66 1.66 1.66 1.66 1.66 1.66 1.67 1.67 1.67 1.67 1.68 1.68 1.69 1.69 1.70 1.70 1.70 1.71 1.71 1.72 1.72 1.73 1.73 1.73 1.73 1.73 1.73 1.73 1.73 1.72 1.72 1.72 1.71 1.71 1.70 1.70 1.69 1.69 1.69 1.68 1.68 1.67 1.67 1.67 1.67 1.66 1.66 1.66 1.66 1.66 1.66 1.66 1.66 1.66 1.66 1.66 1.66 1.66 1.66 1.66 1.66 1.66 1.67 1.67 1.67
1.67 1.67 1.67 1.67 1.67 1.67 1.66 1.66 1.66 1.66 1.66 1.66 1.66 1.66 1.66 1.66 1.66 1.66 1.66 1.66 1.66 1.66 1.66 1.66 1.66 1.66 1.67 1.67 1.67 1.68 1.68 1.69 1.69 1.70 1.70 1.71 1.71 1.72 1.72 1.73 1.73 1.74 1.74 1.74 1.74 1.74 1.74 1.74 1.73 1.73 1.72 1.72 1.71 1.71 1.70 1.70 1.69 1.69 1.68 1.68 1.67 1.67 1.67 1.66 1.66 1.66 1.66 1.66 1.66 1.66 1.66 1.66 1.66 1.66 1.66 1.66 1.66 1.66 1.66 1.66 1.66 1.66 1.67 1.67
1.67 1.67 1.67 1.67 1.67 1.66 1.66 1.66 1.66 1.66 1.66 1.66 1.66 1.66 1.65 1.65 1.65 1.65 1.65 1.65 1.65 1.65 1.65 1.66 1.66 1.66 1.66 1.67 1.67 1.68 1.68 1.69 1.69 1.70 1.70 1.71 1.72 1.72 1.73 1.74 1.74 1.75 1.75 1.75 1.75 1.75 1.75 1.74 1.74 1.73 1.73 1.72 1.72 1.71 1.70 1.70 1.69 1.69 1.68 1.68 1.67 1.67 1.67 1.66 1.66 1.66 1.66 1.66 1.65 1.65 1.65 1.65 1.65 1.66 1.66 1.66 1.66 1.66 1.66 1.66 1.66 1.66 1.66 1.66
1.67 1.67 1.67 1.67 1.66 1.66 1.66 1.66 1.66 1.66 1.66 1.66 1.65 1.65 1.65 1.65 1.65 1.65 1.65 1.65 1.65 1.65 1.65 1.65 1.65 1.66 1.66 1.66 1.67 1.68 1.68 1.69 1.69 1.70 1.71 1.71 1.72 1.73 1.74 1.75 1.75 1.76 1.76 1.76 1.76 1.76 1.76 1.76 1.75 1.74 1.74 1.73 1.72 1.71 1.71 1.70 1.69 1.69 1.68 1.68 1.67 1.67 1.66 1.66 1.66 1.65 1.65 1.65 1.65 1.65 1.65 1.65 1.65 1.65 1.65 1.65 1.66 1.66 1.66 1.66 1.66 1.66 1.66 1.66
1.67 1.67 1.67 1.66 1.66 1.66 1.66 1.66 1.66 1.66 1.65 1.65 1.65 1.65 1.65 1.65 1.65 1.65 1.65 1.65 1.65 1.65 1.65 1.65 1.65 1.65 1.66 1.66 1.67 1.67 1.68 1.68 1.69 1.70 1.71 1.72 1.72 1.73 1.75 1.75 1.76 1.77 1.78 1.78 1.78 1.78 1.78 1.77 1.76 1.75 1.74 1.73 1.73 1.71 1.71 1.70 1.69 1.68 1.68 1.67 1.67 1.66 1.66 1.66 1.65 1.65 1.65 1.65 1.65 1.65 1.65 1.65 1.65 1.65 1.65 1.65 1.65 1.65 1.65 1.66 1.66 1.66 1.66 1.66
1.67 1.67 1.66 1.66 1.66 1.66 1.66 1.66 1.66 1.65 1.65 1.65 1.65 1.65 1.65 1.64 1.64 1.64 1.64 1.64 1.64 1.64 1.64 1.64 1.65 1.65 1.66 1.66 1.66 1.68 1.68 1.68 1.69 1.70 1.71 1.72 1.73 1.74 1.76 1.77 1.78 1.79 1.79 1.80 1.80 1.80 1.79 1.79 1.77 1.76 1.75 1.74 1.73 1.72 1.71 1.70 1.69 1.68 1.68 1.67 1.67 1.66 1.66 1.65 1.65 1.65 1.65 1.65 1.64 1.64 1.64 1.64 1.65 1.65 1.65 1.65 1.65 1.65 1.65 1.65 1.66 1.66 1.66 1.66
1.67 1.66 1.66 1.66 1.66 1.66 1.66 1.65 1.65 1.65 1.65 1.65 1.64 1.64 1.64 1.64 1.64 1.64 1.64 1.64 1.64 1.64 1.64 1.64 1.64 1.65 1.65 1.66 1.66 1.67 1.67 1.68 1.68 1.70 1.71 1.72 1.73 1.75 1.77 1.79 1.80 1.81 1.82 1.82 1.83 1.82 1.81 1.81 1.79 1.78 1.76 1.75 1.73 1.72 1.71 1.70 1.69 1.68 1.67 1.67 1.66 1.66 1.65 1.65 1.65 1.64 1.64 1.64 1.64 1.64 1.64 1.64 1.64 1.64 1.64 1.65 1.65 1.65 1.65 1.65 1.65 1.66 1.66 1.66
1.66 1.66 1.66 1.66 1.66 1.66 1.65 1.65 1.65 1.65 1.65 1.64 1.64 1.64 1.64 1.64 1.63 1.63 1.63 1.63 1.63 1.63 1.63 1.64 1.64 1.64 1.65 1.65 1.66 1.66 1.67 1.66 1.67 1.70 1.71 1.72 1.74 1.75 1.78 1.81 1.82 1.83 1.85 1.86 1.86 1.85 1.84 1.83 1.81 1.79 1.77 1.75 1.74 1.72 1.71 1.70 1.68 1.68 1.67 1.66 1.66 1.65 1.65 1.64 1.64 1.64 1.64 1.64 1.64 1.64 1.64 1.64 1.64 1.64 1.64 1.64 1.64 1.65 1.65 1.65 1.65 1.65 1.65 1.66
1.66 1.66 1.66 1.66 1.66 1.65 1.65 1.65 1.65 1.65 1.64 1.64 1.64 1.64 1.63 1.63 1.63 1.63 1.63 1.63 1.63 1.63 1.63 1.63 1.63 1.63 1.64 1.65 1.65 1.66 1.66 1.65 1.67 1.70 1.71 1.72 1.74 1.76 1.80 1.83 1.85 1.87 1.88 1.90 1.90 1.89 1.88 1.86 1.84 1.81 1.79 1.76 1.74 1.72 1.70 1.69 1.68 1.67 1.66 1.66 1.65 1.65 1.64 1.64 1.64 1.63 1.63 1.63 1.63 1.63 1.63 1.63 1.63 1.63 1.64 1.64 1.64 1.64 1.64 1.65 1.65 1.65 1.65 1.65
1.66 1.66 1.66 1.66 1.65 1.65 1.65 1.65 1.64 1.64 1.64 1.64 1.63 1.63 1.63 1.63 1.62 1.62 1.62 1.62 1.62 1.62 1.62 1.62 1.63 1.63 1.64 1.65 1.64 1.64 1.64 1.65 1.66 1.69 1.71 1.72 1.75 1.78 1.81 1.86 1.89 1.91 1.93 1.95 1.95 1.94 1.92 1.90 1.87 1.83 1.80 1.77 1.74 1.72 1.70 1.68 1.67 1.66 1.65 1.65 1.64 1.64 1.63 1.63 1.63 1.63 1.63 1.62 1.62 1.62 1.62 1.63 1.63 1.63 1.63 1.63 1.64 1.64 1.64 1.64 1.65 1.65 1.65 1.65
1.66 1.66 1.66 1.65 1.65 1.65 1.65 1.64 1.64 1.64 1.64 1.63 1.63 1.63 1.62 1.62 1.62 1.62 1.61 1.61 1.61 1.61 1.61 1.62 1.62 1.62 1.63 1.64 1.63 1.61 1.62 1.64 1.65 1.67 1.69 1.72 1.75 1.78 1.82 1.88 1.94 1.98 2.00 2.01 2.02 2.01 1.98 1.95 1.91 1.86 1.81 1.77 1.74 1.71 1.69 1.67 1.66 1.65 1.64 1.64 1.63 1.63 1.63 1.62 1.62 1.62 1.62 1.62 1.62 1.62 1.62 1.62 1.62 1.62 1.63 1.63 1.63 1.63 1.64 1.64 1.64 1.65 1.65 1.65
1.66 1.66 1.65 1.65 1.65 1.65 1.64 1.64 1.64 1.63 1.63 1.63 1.62 1.62 1.62 1.61 1.61 1.61 1.61 1.61 1.61 1.61 1.61 1.61 1.61 1.61 1.62 1.62 1.60 1.60 1.61 1.63 1.64 1.66 1.68 1.71 1.75 1.78 1.83 1.92 2.01 2.07 2.09 2.10 2.10 2.09 2.06 2.02 1.96 1.90 1.83 1.77 1.73 1.70 1.68 1.66 1.65 1.64 1.63 1.63 1.62 1.62 1.62 1.61 1.61 1.61 1.61 1.61 1.61 1.61 1.61 1.61 1.62 1.62 1.62 1.62 1.63 1.63 1.63 1.64 1.64 1.64 1.65 1.65
1.66 1.66 1.65 1.65 1.65 1.64 1.64 1.64 1.63 1.63 1.63 1.62 1.62 1.62 1.61 1.61 1.61 1.60 1.60 1.60 1.60 1.60 1.60 1.60 1.60 1.60 1.60 1.59 1.58 1.59 1.60 1.62 1.62 1.63 1.65 1.69 1.73 1.78 1.84 1.95 2.10 2.23 2.25 2.20 2.17 2.18 2.19 2.16 2.06 1.94 1.83 1.76 1.72 1.68 1.66 1.64 1.63 1.62 1.62 1.61 1.61 1.61 1.60 1.60 1.60 1.60 1.60 1.60 1.60 1.60 1.61 1.61 1.61 1.61 1.62 1.62 1.62 1.63 1.63 1.63 1.64 1.64 1.64 1.64
1.66 1.65 1.65 1.65 1.64 1.64 1.64 1.63 1.63 1.63 1.62 1.62 1.61 1.61 1.61 1.60 1.60 1.60 1.59 1.59 1.59 1.59 1.59 1.59 1.59 1.58 1.58 1.58 1.57 1.57 1.59 1.59 1.60 1.61 1.62 1.65 1.70 1.76 1.84 1.95 2.23 2.53 2.51 2.28 2.23 2.27 2.35 2.36 2.19 1.96 1.80 1.74 1.69 1.66 1.64 1.63 1.61 1.60 1.60 1.59 1.59 1.59 1.59 1.59 1.59 1.59 1.59 1.59 1.59 1.60 1.60 1.60 1.60 1.61 1.61 1.61 1.62 1.62 1.62 1.63 1.63 1.64 1.64 1.64
1.65 1.65 1.65 1.65 1.64 1.64 1.63 1.63 1.63 1.62 1.62 1.61 1.61 1.60 1.60 1.60 1.59 1.59 1.59 1.58 1.58 1.59 1.58 1.58 1.57 1.56 1.56 1.56 1.55 1.55 1.56 1.56 1.57 1.59 1.59 1.61 1.65 1.72 1.81 1.87 2.22 2.84 2.88 2.45 2.38 2.39 2.57 2.58 2.31 1.95 1.75 1.69 1.64 1.63 1.62 1.60 1.59 1.58 1.58 1.58 1.57 1.57 1.57 1.57 1.58 1.58 1.58 1.58 1.59 1.59 1.59 1.59 1.60 1.60 1.60 1.61 1.61 1.62 1.62 1.62 1.63 1.63 1.64 1.64
1.65 1.65 1.65 1.64 1.64 1.64 1.63 1.63 1.62 1.62 1.61 1.61 1.60 1.60 1.59 1.59 1.59 1.58 1.58 1.58 1.58 1.58 1.57 1.55 1.54 1.54 1.54 1.54 1.53 1.53 1.53 1.53 1.54 1.55 1.55 1.56 1.58 1.65 1.79 1.83 2.14 3.00 3.29 2.97 2.63 2.56 2.72 2.70 2.30 1.78 1.62 1.63 1.58 1.59 1.59 1.58 1.57 1.56 1.56 1.55 1.55 1.55 1.55 1.56 1.56 1.56 1.57 1.57 1.57 1.58 1.58 1.59 1.59 1.59 1.60 1.60 1.61 1.61 1.62 1.62 1.62 1.63 1.63 1.64
1.65 1.65 1.64 1.64 1.64 1.63 1.63 1.62 1.62 1.61 1.61 1.60 1.60 1.59 1.59 1.58 1.58 1.57 1.57 1.57 1.57 1.56 1.55 1.53 1.52 1.52 1.52 1.52 1.51 1.50 1.50 1.50 1.50 1.51 1.51 1.51 1.50 1.54 1.69 1.85 2.28 3.07 3.54 3.20 2.68 2.62 2.77 2.62 2.01 1.42 1.42 1.54 1.55 1.57 1.57 1.56 1.55 1.54 1.53 1.53 1.52 1.53 1.53 1.54 1.54 1.55 1.55 1.56 1.56 1.57 1.57 1.58 1.58 1.59 1.59 1.60 1.60 1.61 1.61 1.62 1.62 1.63 1.63 1.63
1.65 1.65 1.64 1.64 1.63 1.63 1.63 1.62 1.62 1.61 1.60 1.60 1.59 1.59 1.58 1.58 1.57 1.56 1.56 1.57 1.56 1.54 1.52 1.51 1.51 1.51 1.49 1.49 1.49 1.47 1.47 1.46 1.46 1.46 1.46 1.45 1.44 1.42 1.51 1.76 2.28 3.15 3.75 3.23 2.50 2.59 2.75 2.36 1.55 1.14 1.27 1.49 1.60 1.58 1.53 1.53 1.53 1.51 1.50 1.49 1.49 1.50 1.51 1.51 1.52 1.53 1.54 1.54 1.55 1.56 1.56 1.57 1.57 1.58 1.58 1.59 1.59 1.60 1.61 1.61 1.62 1.62 1.63 1.63
1.65 1.64 1.64 1.64 1.63 1.63 1.62 1.62 1.61 1.60 1.60 1.59 1.59 1.58 1.57 1.57 1.56 1.56 1.56 1.56 1.55 1.52 1.50 1.49 1.49 1.48 1.47 1.47 1.45 1.44 1.43 1.42 1.42 1.41 1.42 1.40 1.36 1.31 1.33 1.64 2.16 3.22 3.80 3.07 2.20 2.56 2.69 1.93 1.11 1.04 1.23 1.49 1.66 1.60 1.53 1.52 1.49 1.47 1.46 1.46 1.46 1.47 1.48 1.49 1.50 1.51 1.52 1.53 1.54 1.54 1.55 1.56 1.56 1.57 1.58 1.58 1.59 1.60 1.60 1.61 1.61 1.62 1.62 1.63
1.65 1.64 1.64 1.63 1.63 1.62 1.62 1.61 1.61 1.60 1.59 1.59 1.58 1.57 1.57 1.56 1.55 1.55 1.55 1.55 1.53 1.49 1.47 1.48 1.47 1.45 1.44 1.43 1.42 1.41 1.39 1.38 1.37 1.36 1.40 1.39 1.27 1.16 1.25 1.51 2.01 3.34 3.82 2.79 2.04 2.55 2.51 1.44 0.98 1.09 1.25 1.49 1.67 1.68 1.61 1.49 1.42 1.43 1.41 1.42 1.43 1.44 1.45 1.46 1.47 1.48 1.50 1.51 1.52 1.53 1.54 1.55 1.56 1.56 1.57 1.58 1.58 1.59 1.60 1.60 1.61 1.61 1.62 1.62
