data/AilsaCraig_270_1_25m_ang_10m.asc
ncols	257
nrows	257
xllcorner	3364200.000000
yllcorner	3669375.000000
cellsize	25.000000
NODATA_value	-1.000000
[rows 126 to 167 of 257, columns 94 to 187 of 257]
269 269 269 269 268 268 268 267 267 266 265 264 263 261 259 256 251 245 243 243 244 247 249 251 254 257 259 260 262 265 268 270 272 272 272 273 274 274 272 271 273 275 277 278 280 282 283 284 285 284 287 297 292 284 280 277 276 274 273 272 272 272 271 271 271 271 271 271 271 270 270 270 270 270 270 270 270 270 270 270 270 270 270 270 270 270 270 270 270 270 270 270 270 270
269 269 269 269 269 268 268 268 267 266 265 264 263 261 258 255 249 244 243 244 246 251 254 256 257 260 262 263 265 268 270 272 273 273 273 274 275 273 271 270 269 269 271 273 276 279 280 281 282 280 280 287 290 284 279 276 275 274 273 272 272 271 271 271 271 271 271 270 270 270 270 270 270 270 270 270 270 270 270 270 270 270 270 270 270 270 270 270 270 270 270 270 270 270
269 269 269 269 269 269 268 268 267 266 265 264 263 261 258 254 247 243 242 243 248 255 259 260 260 263 264 265 268 271 272 273 273 273 274 275 274 273 271 270 267 264 265 268 272 275 278 279 279 278 277 279 285 283 278 275 274 273 273 272 271 271 271 271 271 270 270 270 270 270 270 270 270 270 270 270 270 270 270 270 270 270 270 270 270 270 270 270 270 270 270 270 270 270
269 269 269 269 269 269 268 268 267 266 266 264 263 261 257 252 246 242 242 243 250 257 261 263 264 266 268 270 272 273 274 274 273 273 273 274 273 272 271 269 265 262 263 266 269 271 274 277 277 274 273 274 277 280 277 274 273 272 272 271 271 271 271 270 270 270 270 270 270 270 270 270 270 270 270 270 270 270 270 270 270 270 270 270 270 270 270 270 270 270 270 270 270 270
269 269 269 269 269 269 268 268 267 267 266 264 263 260 257 251 244 242 242 245 252 259 262 266 268 269 272 274 275 275 274 274 273 272 272 271 271 271 270 268 265 264 265 266 267 267 269 272 271 270 269 270 272 275 275 273 271 271 271 271 271 270 270 270 270 270 270 270 270 270 270 270 270 270 270 270 270 270 270 270 270 270 270 270 270 270 270 270 270 270 270 270 270 270
270 269 269 269 269 269 269 268 267 267 266 265 263 261 257 250 243 242 243 247 254 260 264 268 271 274 277 278 278 277 275 273 272 271 270 269 269 270 269 267 267 267 267 266 265 264 264 265 265 266 266 266 267 269 272 271 270 270 270 270 270 270 270 270 270 270 270 270 270 270 270 270 270 270 270 270 270 270 270 270 270 270 270 270 270 270 270 270 270 270 270 270 270 270
270 270 270 270 269 269 269 268 268 267 266 265 263 261 257 250 242 243 245 250 256 262 266 270 274 277 280 282 281 279 276 274 272 271 269 267 267 268 268 268 269 270 267 265 262 261 260 260 261 262 263 263 263 264 268 270 270 269 270 270 270 270 270 270 270 270 270 270 270 270 270 270 270 270 270 270 270 270 270 270 270 270 270 270 270 270 270 270 270 270 270 270 270 270
270 270 270 270 270 269 269 268 268 268 267 266 264 261 256 249 243 245 248 252 258 264 268 272 276 280 283 284 282 280 277 275 272 271 270 268 266 266 268 270 271 269 265 261 259 259 258 257 259 260 260 260 260 261 264 267 269 269 269 269 269 269 269 269 269 270 270 270 270 270 270 270 270 270 270 270 270 270 270 270 270 270 270 270 270 270 270 270 270 270 270 270 270 270
270 270 270 270 270 270 269 269 269 268 267 266 265 262 256 248 245 247 251 255 259 265 269 274 277 281 284 284 283 281 279 276 274 272 271 269 266 266 268 271 270 266 262 258 257 255 254 254 256 257 257 257 257 259 262 265 268 268 268 269 269 269 269 269 269 269 269 270 270 270 270 270 270 270 270 270 270 270 270 270 270 270 270 270 270 270 270 270 270 270 270 270 270 270
270 270 270 270 270 270 270 269 269 269 268 267 266 263 257 249 247 251 255 258 262 266 271 275 278 282 284 284 283 281 279 277 276 274 273 270 267 268 269 269 267 263 260 257 255 254 252 251 251 252 252 253 255 257 261 263 266 267 268 268 268 269 269 269 269 269 269 269 270 270 270 270 270 270 270 270 270 270 270 270 270 270 270 270 270 270 270 270 270 270 270 270 270 270
270 270 270 270 270 270 270 270 270 270 269 269 267 265 259 252 251 256 260 262 265 269 273 277 280 282 284 283 282 281 280 278 277 276 273 271 270 270 269 266 264 262 259 256 255 254 252 249 248 246 247 250 253 256 260 262 264 266 267 267 268 268 268 269 269 269 269 269 269 269 270 270 270 270 270 270 270 270 270 270 270 270 270 270 270 270 270 270 270 270 270 270 270 270
270 270 271 270 270 270 271 271 271 271 271 270 269 267 262 257 258 263 265 267 269 272 275 279 281 281 282 281 281 280 279 278 277 276 274 272 271 270 267 264 262 261 259 256 254 253 251 249 246 242 244 248 252 256 259 262 263 265 266 267 267 268 268 268 269 269 269 269 269 269 269 270 270 270 270 270 270 270 270 270 270 270 270 270 270 270 270 270 270 270 270 270 270 270
271 271 271 271 271 271 271 272 272 272 272 272 272 270 267 266 269 270 271 272 273 276 279 280 280 280 280 280 280 279 278 278 277 276 274 273 272 269 265 262 261 261 259 256 254 252 250 248 243 239 243 247 252 256 259 261 263 263 264 266 266 267 268 268 269 269 269 269 269 269 269 270 270 270 270 270 270 270 270 270 270 270 270 270 270 270 270 270 270 270 270 270 270 270
271 271 271 271 271 271 272 272 272 273 273 274 275 276 276 278 280 279 279 279 279 280 282 281 280 279 278 278 278 277 276 276 277 277 275 274 271 266 262 260 260 260 258 255 253 251 249 246 241 238 242 247 252 256 259 261 261 262 263 265 266 267 268 268 268 269 269 269 269 269 269 269 270 270 270 270 270 270 270 270 270 270 270 270 270 270 270 270 270 270 270 270 270 270
271 271 271 271 271 272 272 272 273 274 275 276 278 284 291 292 291 289 287 287 286 284 282 281 280 278 277 276 275 274 274 275 276 277 276 274 269 263 258 258 259 259 257 254 252 250 248 245 239 237 243 248 253 257 259 259 260 262 263 265 266 267 268 268 268 269 269 269 269 269 269 269 270 270 270 270 270 270 270 270 270 270 270 270 270 270 270 270 270 270 270 270 270 270
271 271 271 271 272 272 272 273 274 275 276 278 281 289 302 306 301 298 294 293 291 286 282 280 279 278 276 274 273 273 273 274 275 275 275 273 267 261 257 256 257 258 256 253 251 249 247 243 238 238 244 250 253 256 257 258 260 262 264 265 266 267 268 268 268 268 269 269 269 269 269 269 269 270 270 270 270 270 270 270 270 270 270 270 270 270 270 270 270 270 270 270 270 270
271 271 271 272 272 272 273 274 274 275 277 280 283 290 302 310 310 304 298 295 291 286 283 280 278 276 275 274 273 272 273 274 272 269 271 270 265 261 257 255 256 257 255 253 251 248 245 241 237 239 246 251 254 255 256 258 261 263 264 265 266 267 267 268 268 268 268 269 269 269 269 269 269 270 270 270 270 270 270 270 270 270 270 270 270 270 270 270 270 270 270 270 270 270
271 271 271 272 272 273 273 274 275 276 278 281 284 290 298 306 309 310 301 295 290 287 284 281 278 275 274 274 273 273 273 273 269 263 266 266 263 261 258 256 257 257 255 253 251 248 245 241 238 242 248 252 253 254 256 259 261 263 264 265 266 267 267 268 268 268 268 269 269 269 269 269 269 270 270 270 270 270 270 270 270 270 270 270 270 270 270 270 270 270 270 270 270 270
271 271 272 272 272 273 273 274 275 276 278 281 284 289 295 302 308 308 307 295 289 287 286 282 278 275 275 275 275 274 273 270 264 259 262 262 260 260 258 258 258 257 254 253 251 248 245 241 239 244 250 252 252 254 258 260 262 263 265 266 266 267 267 268 268 268 268 269 269 269 269 269 269 270 270 270 270 270 270 270 270 270 270 270 270 270 270 270 270 270 270 270 270 270
271 271 272 272 272 273 273 274 275 277 278 281 284 288 293 299 306 312 316 299 290 288 286 282 278 276 275 275 275 275 272 266 258 257 259 260 259 259 259 260 260 258 255 253 251 249 246 242 242 247 250 251 253 256 259 261 263 264 265 266 266 267 267 267 268 268 269 269 269 269 269 269 269 270 270 270 270 270 270 270 270 270 270 270 270 270 270 270 270 270 270 270 270 270
271 272 272 272 272 273 273 274 275 276 278 280 283 287 291 296 302 315 321 306 295 289 285 282 278 276 275 275 275 275 269 260 254 256 259 260 258 258 260 261 261 259 256 254 252 250 247 244 245 249 251 253 255 258 260 262 263 264 265 266 267 267 267 268 268 268 269 269 269 269 269 269 269 270 270 270 270 270 270 270 270 270 270 270 270 270 270 270 270 270 270 270 270 270
271 272 272 272 273 273 274 274 275 276 278 280 282 285 289 293 299 307 312 309 301 291 285 281 279 277 276 275 276 274 266 252 249 253 257 259 257 260 263 264 264 262 259 256 254 251 249 247 248 250 252 255 258 260 261 263 264 265 266 266 267 267 267 268 268 268 269 269 269 269 269 269 269 269 270 270 270 270 270 270 270 270 270 270 270 270 270 270 270 270 270 270 270 270
271 272 272 272 273 273 274 274 275 276 277 279 281 284 287 291 295 300 304 307 306 297 287 282 280 278 277 275 276 273 261 247 245 248 251 252 252 258 264 265 266 266 263 259 256 254 252 250 250 252 255 257 259 261 262 263 264 265 266 267 267 267 268 268 268 268 269 269 269 269 269 269 269 269 270 270 270 270 270 270 270 270 270 270 270 270 270 270 270 270 270 270 270 270
271 272 272 272 273 273 273 274 275 276 277 278 280 282 285 288 291 295 299 304 307 306 293 284 281 279 278 276 274 268 257 248 247 246 245 244 244 252 260 263 266 267 265 262 260 258 255 253 253 255 257 259 261 262 263 264 265 266 266 266 267 267 268 268 268 268 269 269 269 269 269 269 269 270 270 270 270 270 270 270 270 270 270 270 270 270 270 270 270 270 270 270 270 270
271 272 272 272 272 273 273 274 275 275 276 278 279 281 283 285 288 291 294 298 303 306 304 291 284 281 279 276 271 263 254 251 250 246 243 241 241 249 257 261 263 264 264 263 262 261 258 257 257 258 260 261 262 263 264 264 265 266 266 267 267 268 268 268 268 268 269 269 269 269 269 269 269 270 270 270 270 270 270 270 270 270 270 270 270 270 270 270 270 270 270 270 270 270
271 272 272 272 272 273 273 274 274 275 276 277 278 280 281 283 286 288 290 293 296 301 304 302 290 283 279 275 269 260 252 252 252 247 243 240 242 250 256 259 261 262 263 263 263 263 261 260 260 260 261 262 263 264 264 265 266 266 267 267 268 268 268 268 268 269 269 269 269 269 269 269 269 270 270 270 270 270 270 270 270 270 270 270 270 270 270 270 270 270 270 270 270 270
271 272 272 272 272 273 273 274 274 275 276 276 277 279 280 282 283 285 287 289 291 294 298 301 297 286 280 277 271 261 253 253 252 247 243 242 246 252 256 259 260 262 263 264 264 264 263 262 262 262 263 263 264 264 265 266 266 267 267 267 268 268 268 268 268 269 269 269 269 269 269 269 269 270 270 270 270 270 270 270 270 270 270 270 270 270 270 270 270 270 270 270 270 270
271 271 272 272 272 273 273 273 274 274 275 276 277 278 279 280 281 283 284 286 287 289 291 294 294 288 284 280 273 264 257 255 253 248 245 246 250 254 257 259 261 262 263 264 264 264 264 263 263 263 264 264 264 265 266 266 267 267 267 268 268 268 268 268 269 269 269 269 269 269 269 269 270 270 270 270 270 270 270 270 270 270 270 270 270 270 270 270 270 270 270 270 270 270
271 271 272 272 272 272 273 273 274 274 275 275 276 277 278 279 280 281 282 283 284 285 286 287 287 286 285 282 276 269 262 258 254 250 248 251 254 257 259 260 262 263 264 264 264 264 265 264 264 265 265 265 265 266 266 267 267 267 268 268 268 268 268 268 269 269 269 269 269 269 269 269 270 270 270 270 270 270 270 270 270 270 270 270 270 270 270 270 270 270 270 270 270 270
271 271 272 272 272 272 273 273 273 274 274 275 275 276 277 277 278 279 280 281 281 282 283 282 282 282 281 279 277 273 267 261 257 253 252 255 257 259 260 262 263 264 264 264 265 265 265 265 265 265 265 266 266 266 267 267 267 267 268 268 268 268 268 269 269 269 269 269 269 269 269 269 270 270 270 270 270 270 270 270 270 270 270 270 270 270 270 270 270 270 270 270 270 270
271 271 271 272 272 272 272 273 273 273 274 274 275 275 276 276 277 278 278 279 279 280 280 280 279 278 277 276 274 272 268 264 260 257 257 258 260 261 262 263 264 265 265 265 265 266 266 266 266 266 266 266 267 267 267 267 267 268 268 268 268 268 269 269 269 269 269 269 269 269 269 270 270 270 270 270 270 270 270 270 270 270 270 270 270 270 270 270 270 270 270 270 270 270
271 271 271 272 272 272 272 272 273 273 273 274 274 275 275 275 276 276 277 277 277 277 278 278 277 276 275 274 272 270 268 266 263 261 261 261 262 263 263 264 265 265 265 265 266 266 266 266 266 266 267 267 267 267 267 267 268 268 268 268 268 268 269 269 269 269 269 269 269 269 269 270 270 270 270 270 270 270 270 270 270 270 270 270 270 270 270 270 270 270 270 270 270 270
271 271 271 271 272 272 272 272 273 273 273 273 274 274 274 275 275 275 276 276 276 276 276 276 275 275 274 273 271 270 268 266 265 264 263 263 263 264 264 265 265 265 265 266 266 267 267 267 267 267 267 267 267 267 267 268 268 268 268 268 268 269 269 269 269 269 269 269 269 269 270 270 270 270 270 270 270 270 270 270 270 270 270 270 270 270 270 270 270 270 270 270 270 270
271 271 271 271 271 272 272 272 272 273 273 273 273 274 274 274 274 275 275 275 275 275 275 274 274 274 273 272 271 270 268 267 266 265 265 265 265 265 265 266 266 266 266 267 267 267 267 267 267 267 267 267 267 268 268 268 268 268 268 268 269 269 269 269 269 269 269 269 269 269 270 270 270 270 270 270 270 270 270 270 270 270 270 270 270 270 270 270 270 270 270 270 270 270
271 271 271 271 271 272 272 272 272 272 272 273 273 273 273 273 274 274 274 274 274 274 274 274 273 273 272 271 270 270 269 268 267 267 266 266 266 266 266 266 266 267 267 267 267 267 267 267 267 267 267 268 268 268 268 268 268 268 269 269 269 269 269 269 269 269 269 269 269 270 270 270 270 270 270 270 270 270 270 270 270 270 270 270 270 270 270 270 270 270 270 270 270 270
271 271 271 271 271 271 272 272 272 272 272 272 273 273 273 273 273 273 273 273 273 273 273 273 273 272 272 271 270 270 269 268 268 267 267 267 267 267 267 267 267 267 267 267 267 267 267 268 268 268 268 268 268 268 268 268 268 269 269 269 269 269 269 269 269 269 269 269 270 270 270 270 270 270 270 270 270 270 270 270 270 270 270 270 270 270 270 270 270 270 270 270 270 270
271 271 271 271 271 271 271 271 272 272 272 272 272 272 272 273 273 273 273 273 273 273 273 272 272 272 271 271 270 270 269 269 268 268 268 267 267 267 267 267 267 267 268 268 268 268 268 268 268 268 268 268 268 268 268 268 269 269 269 269 269 269 269 269 269 269 269 270 270 270 270 270 270 270 270 270 270 270 270 270 270 270 270 270 270 270 270 270 270 270 270 270 270 270
271 271 271 271 271 271 271 271 271 272 272 272 272 272 272 272 272 272 272 272 272 272 272 272 272 271 271 271 270 270 269 269 269 268 268 268 268 268 268 268 268 268 268 268 268 268 268 268 268 268 268 268 268 268 269 269 269 269 269 269 269 269 269 269 269 269 270 270 270 270 270 270 270 270 270 270 270 270 270 270 270 270 270 270 270 270 270 270 270 270 270 270 270 270
271 271 271 271 271 271 271 271 271 271 272 272 272 272 272 272 272 272 272 272 272 272 272 272 271 271 271 270 270 270 269 269 269 269 268 268 268 268 268 268 268 268 268 268 268 268 268 268 268 268 268 268 269 269 269 269 269 269 269 269 269 269 269 269 269 269 270 270 270 270 270 270 270 270 270 270 270 270 270 270 270 270 270 270 270 270 270 270 270 270 270 270 270 270
271 271 271 271 271 271 271 271 271 271 271 271 272 272 272 272 272 272 272 272 272 272 271 271 271 271 271 270 270 270 270 269 269 269 269 269 268 268 268 268 268 268 268 268 268 268 268 268 268 269 269 269 269 269 269 269 269 269 269 269 269 269 269 269 269 270 270 270 270 270 270 270 270 270 270 270 270 270 270 270 270 270 270 270 270 270 270 270 270 270 270 270 270 270
270 271 271 271 271 271 271 271 271 271 271 271 271 271 271 271 272 271 271 271 271 271 271 271 271 271 271 270 270 270 270 269 269 269 269 269 269 269 269 269 269 269 268 268 269 269 269 269 269 269 269 269 269 269 269 269 269 269 269 269 269 269 269 270 270 270 270 270 270 270 270 270 270 270 270 270 270 270 270 270 270 270 270 270 270 270 270 270 270 270 270 270 270 270
270 270 271 271 271 271 271 271 271 271 271 271 271 271 271 271 271 271 271 271 271 271 271 271 271 271 270 270 270 270 270 270 269 269 269 269 269 269 269 269 269 269 269 269 269 269 269 269 269 269 269 269 269 269 269 269 269 269 269 269 269 269 270 270 270 270 270 270 270 270 270 270 270 270 270 270 270 270 270 270 270 270 270 270 270 270 270 270 270 270 270 270 270 270
