data/AilsaCraig_270_1_25m_ang_1000m.asc
ncols	257
nrows	257
xllcorner	3364200.000000
yllcorner	3669375.000000
cellsize	25.000000
NODATA_value	-1.000000
[rows 84 to 125 of 257, columns 94 to 187 of 257]
269 269 269 269 269 269 269 269 269 269 269 269 269 269 269 269 269 269 269 269 269 269 269 269 269 269 269 269 269 269 270 270 270 270 270 270 270 270 270 270 271 271 271 271 271 271 271 271 271 271 271 271 271 271 271 271 271 271 271 271 271 271 271 271 271 271 271 271 271 271 271 271 271 271 271 271 271 271 271 271 271 271 271 271 271 271 271 271 271 271 271 271 270 270
269 269 269 269 269 269 269 269 269 269 269 269 269 269 269 269 269 269 269 269 269 269 269 269 269 269 269 269 269 269 270 270 270 270 270 270 270 270 270 271 271 271 271 271 271 271 271 271 271 271 271 271 271 271 271 271 271 271 271 271 271 271 271 271 271 271 271 271 271 271 271 271 271 271 271 271 271 271 271 271 271 271 271 271 271 271 271 271 271 271 271 271 271 270
269 269 269 269 269 269 269 269 269 269 269 269 269 269 269 269 269 269 269 269 269 269 269 269 269 269 269 269 269 269 269 270 270 270 270 270 270 270 270 271 271 271 271 271 271 271 271 271 271 271 271 271 271 271 271 271 271 271 271 271 271 271 271 271 271 271 271 271 271 271 271 271 271 271 271 271 271 271 271 271 271 271 271 271 271 271 271 271 271 271 271 271 271 271
269 269 269 269 269 269 269 269 269 269 269 269 269 269 268 268 268 268 268 268 269 269 269 269 269 269 269 269 269 269 269 270 270 270 270 270 270 270 271 271 271 271 271 271 271 271 271 271 271 271 271 271 271 271 271 271 271 271 271 271 271 271 271 271 271 271 271 271 271 271 271 271 271 271 271 271 271 271 271 271 271 271 271 271 271 271 271 271 271 271 271 271 271 271
269 269 269 269 269 269 269 269 269 269 269 269 268 268 268 268 268 268 268 268 268 268 268 269 269 269 269 269 269 269 269 269 270 270 270 270 270 270 271 271 271 271 271 271 271 271 271 271 271 271 271 271 271 271 271 271 271 271 271 271 271 271 271 271 271 271 271 271 271 271 271 271 271 271 271 271 271 271 271 271 271 271 271 271 271 271 271 271 271 271 271 271 271 271
269 269 269 269 269 269 269 269 269 269 268 268 268 268 268 268 268 268 268 268 268 268 268 268 269 269 269 269 269 269 269 269 270 270 270 270 270 270 271 271 271 271 271 271 271 271 272 272 272 272 272 272 272 272 272 272 271 271 271 271 271 271 271 271 271 271 271 271 271 271 271 271 271 271 271 271 271 271 271 271 271 271 271 271 271 271 271 271 271 271 271 271 271 271
269 269 269 269 269 269 269 269 269 268 268 268 268 268 268 268 268 268 268 268 268 268 268 268 268 269 269 269 269 269 269 269 270 270 270 270 270 270 271 271 271 271 271 271 271 272 272 272 272 272 272 272 272 272 272 272 272 272 272 271 271 271 271 271 271 271 271 271 271 271 271 271 271 271 271 271 271 271 271 271 271 271 271 271 271 271 271 271 271 271 271 271 271 271
269 269 269 269 269 269 269 268 268 268 268 268 268 268 268 268 268 268 268 268 268 268 268 268 268 268 268 269 269 269 269 269 269 270 270 270 270 271 271 271 271 271 271 272 272 272 272 272 272 272 272 272 272 272 272 272 272 272 272 272 272 271 271 271 271 271 271 271 271 271 271 271 271 271 271 271 271 271 271 271 271 271 271 271 271 271 271 271 271 271 271 271 271 271
269 269 269 269 269 269 268 268 268 268 268 268 268 268 268 268 268 268 268 268 268 268 268 268 268 268 268 268 269 269 269 269 269 270 270 270 270 271 271 271 271 271 272 272 272 272 272 272 272 272 272 272 272 272 272 272 272 272 272 272 272 272 271 271 271 271 271 271 271 271 271 271 271 271 271 271 271 271 271 271 271 271 271 271 271 271 271 271 271 271 271 271 271 271
269 269 269 269 269 268 268 268 268 268 268 268 267 267 267 267 267 268 268 268 268 268 268 268 268 268 268 268 268 269 269 269 269 270 270 270 270 271 271 271 271 272 272 272 272 272 272 272 272 272 272 272 272 272 272 272 272 272 272 272 272 272 272 272 271 271 271 271 271 271 271 271 271 271 271 271 271 271 271 271 271 271 271 271 271 271 271 271 271 271 271 271 271 271
269 269 269 269 268 268 268 268 268 268 268 267 267 267 267 267 267 267 267 267 267 267 267 267 267 268 268 268 268 268 269 269 269 270 270 270 271 271 271 271 272 272 272 272 272 272 272 272 272 273 273 273 273 272 272 272 272 272 272 272 272 272 272 272 272 271 271 271 271 271 271 271 271 271 271 271 271 271 271 271 271 271 271 271 271 271 271 271 271 271 271 271 271 271
269 269 268 268 268 268 268 268 268 268 267 267 267 267 267 267 267 267 267 267 267 267 267 267 267 267 267 268 268 268 268 269 269 270 270 270 271 271 271 272 272 272 272 272 272 273 273 273 273 273 273 273 273 273 273 273 273 272 272 272 272 272 272 272 272 272 271 271 271 271 271 271 271 271 271 271 271 271 271 271 271 271 271 271 271 271 271 271 271 271 271 271 271 271
269 268 268 268 268 268 268 268 268 267 267 267 267 267 267 267 267 267 267 267 267 267 267 267 267 267 267 267 268 268 268 269 269 269 270 270 271 271 272 272 272 272 273 273 273 273 273 273 273 273 273 273 273 273 273 273 273 273 272 272 272 272 272 272 272 272 272 271 271 271 271 271 271 271 271 271 271 271 271 271 271 271 271 271 271 271 271 271 271 271 271 271 271 271
269 268 268 268 268 268 268 267 267 267 267 267 267 267 267 267 267 266 266 266 266 266 266 266 267 267 267 267 267 268 268 269 269 269 270 270 271 271 272 272 273 273 273 273 273 273 273 273 273 273 273 273 273 273 273 273 273 273 273 273 272 272 272 272 272 272 272 272 271 271 271 271 271 271 271 271 271 271 271 271 271 271 271 271 271 271 271 271 271 271 271 271 271 271
268 268 268 268 268 268 268 267 267 267 267 267 267 267 267 266 266 266 266 266 266 266 266 266 266 266 266 267 267 267 268 268 269 270 270 271 271 272 272 273 273 273 274 274 274 274 274 274 274 274 274 274 273 273 273 273 273 273 273 273 273 272 272 272 272 272 272 272 271 271 271 271 271 271 271 271 271 271 271 271 271 271 271 271 271 271 271 271 271 271 271 271 271 271
268 268 268 268 268 268 267 267 267 267 267 267 267 267 266 266 266 266 266 266 266 265 265 265 265 265 266 266 266 267 267 268 269 269 270 271 272 272 273 273 273 274 274 274 274 274 274 274 274 274 274 274 274 274 274 273 273 273 273 273 273 273 272 272 272 272 272 272 272 271 271 271 271 271 271 271 271 271 271 271 271 271 271 271 271 271 271 271 271 271 271 271 271 271
268 268 268 268 268 267 267 267 267 267 267 267 266 266 266 266 266 265 265 265 265 265 265 265 265 265 265 265 265 266 267 267 268 269 270 271 272 273 273 274 274 274 275 275 275 275 275 275 275 275 274 274 274 274 274 274 273 273 273 273 273 273 273 272 272 272 272 272 272 272 271 271 271 271 271 271 271 271 271 271 271 271 271 271 271 271 271 271 271 271 271 271 271 271
268 268 268 268 267 267 267 267 267 267 267 267 266 266 266 265 265 265 265 265 264 264 264 264 264 264 264 264 265 265 266 267 268 269 270 271 272 273 274 274 275 275 275 276 276 276 276 276 275 275 275 275 274 274 274 274 274 274 273 273 273 273 273 273 272 272 272 272 272 272 271 271 271 271 271 271 271 271 271 271 271 271 271 271 271 271 271 271 271 271 271 271 271 271
268 268 268 268 267 267 267 267 267 267 266 266 266 265 265 265 265 265 264 264 264 264 263 263 263 263 263 263 263 264 265 266 267 268 270 271 273 274 275 275 276 276 277 277 276 276 276 276 276 276 276 275 275 275 274 274 274 274 274 273 273 273 273 273 273 272 272 272 272 272 272 271 271 271 271 271 271 271 271 271 271 271 271 271 271 271 271 271 271 271 271 271 271 271
268 268 268 267 267 267 267 267 267 267 266 266 265 265 265 265 264 264 264 263 263 263 262 262 262 261 261 261 262 262 264 265 266 268 270 272 273 275 276 277 277 278 278 278 278 277 277 277 277 276 276 276 275 275 275 274 274 274 274 274 273 273 273 273 273 272 272 272 272 272 272 271 271 271 271 271 271 271 271 271 271 271 271 271 271 271 271 271 271 271 271 271 271 271
268 268 267 267 267 267 267 267 267 266 266 265 265 265 265 264 264 264 263 263 262 262 261 261 260 260 259 259 260 260 262 263 266 268 270 272 274 276 278 279 279 279 279 279 279 278 278 278 277 277 277 276 276 276 275 275 275 274 274 274 274 273 273 273 273 273 272 272 272 272 272 272 271 271 271 271 271 271 271 271 271 271 271 271 271 271 271 271 271 271 271 271 271 271
268 268 267 267 267 267 267 267 266 266 266 265 265 264 264 264 263 263 263 262 261 261 260 259 259 258 257 257 257 258 259 262 264 267 270 272 275 277 279 281 282 282 281 281 280 280 279 279 278 278 277 277 277 276 276 275 275 274 274 274 274 274 273 273 273 273 273 272 272 272 272 272 271 271 271 271 271 271 271 271 271 271 271 271 271 271 271 271 271 271 271 271 271 271
268 267 267 267 267 267 267 266 266 266 265 265 264 264 264 263 263 262 262 261 260 260 259 258 257 256 255 254 253 253 255 259 264 267 269 271 275 279 283 285 285 284 283 282 282 281 280 280 279 278 278 278 277 277 276 276 275 275 274 274 274 274 273 273 273 273 273 272 272 272 272 272 271 271 271 271 271 271 271 271 271 271 271 271 271 271 271 271 271 271 271 271 271 271
268 267 267 267 267 267 267 266 266 265 265 265 264 264 263 263 263 262 261 260 259 258 257 256 255 253 252 250 249 246 247 255 264 268 269 270 275 281 287 290 290 288 286 284 283 282 282 281 280 279 279 278 278 277 277 276 276 275 275 274 274 274 274 273 273 273 273 272 272 272 272 272 272 271 271 271 271 271 271 271 271 271 271 271 271 271 271 271 271 271 271 271 271 271
267 267 267 267 267 267 266 266 266 265 265 264 264 263 263 263 262 261 260 259 258 257 255 254 252 250 248 246 243 240 240 251 264 270 273 275 280 286 293 296 295 292 289 287 285 284 283 282 281 281 280 279 278 278 277 277 276 275 275 274 274 274 274 273 273 273 273 273 272 272 272 272 272 271 271 271 271 271 271 271 271 271 271 271 271 271 271 271 271 271 271 271 271 271
267 267 267 267 267 267 266 266 265 265 265 264 264 263 262 262 261 260 259 258 257 255 254 252 250 248 244 240 238 237 237 248 262 274 279 282 285 292 299 302 298 294 292 290 288 286 285 284 282 282 281 280 279 278 278 277 276 276 275 275 274 274 274 273 273 273 273 273 272 272 272 272 272 271 271 271 271 271 271 271 271 271 271 271 271 271 271 271 271 271 271 271 271 271
268 267 267 267 267 266 266 266 265 265 264 264 263 263 262 261 260 259 258 257 255 254 252 250 248 245 241 236 233 233 236 249 264 278 282 283 288 296 303 304 297 293 293 292 290 289 287 285 284 283 282 281 280 279 278 277 277 276 276 275 274 274 274 274 273 273 273 273 272 272 272 272 272 271 271 271 271 271 271 271 271 271 271 271 271 271 271 271 271 271 271 271 271 271
267 267 267 267 267 266 266 266 265 265 264 263 263 262 262 261 259 258 257 256 254 252 250 248 245 241 238 232 228 231 238 250 268 282 285 282 288 298 305 300 292 288 291 294 294 291 290 288 286 284 283 282 281 280 279 278 277 277 276 275 275 274 274 274 273 273 273 273 272 272 272 272 272 271 271 271 271 271 271 271 271 271 271 271 271 271 271 271 271 271 271 271 271 271
267 267 267 267 267 266 266 265 265 264 264 263 262 262 261 260 259 257 256 254 253 250 248 245 242 240 236 231 230 233 239 254 271 284 285 282 287 297 300 293 289 286 287 292 296 296 294 290 288 286 284 283 282 280 279 278 277 277 276 276 275 274 274 274 273 273 273 273 272 272 272 272 272 272 271 271 271 271 271 271 271 271 271 271 271 271 271 271 271 271 271 271 271 270
267 267 267 267 266 266 266 265 265 264 264 263 262 261 260 259 258 256 255 253 251 248 245 241 240 240 238 234 233 236 243 260 272 281 281 280 284 289 286 285 286 284 283 287 294 299 298 294 291 288 286 284 283 281 280 279 278 277 277 276 275 274 274 273 273 273 273 273 272 272 272 272 272 272 271 271 271 271 271 271 271 271 271 271 271 271 271 271 271 271 271 271 270 270
267 267 267 267 266 266 266 265 265 264 263 263 262 261 260 259 257 255 253 251 249 245 241 238 238 240 241 238 237 241 250 265 272 275 274 276 278 277 278 280 283 284 284 285 291 300 303 300 294 291 288 286 284 282 281 279 278 277 277 276 275 275 274 273 273 273 273 273 272 272 272 272 272 272 271 271 271 271 271 271 271 271 271 271 271 271 271 271 271 271 271 270 270 270
267 267 267 267 266 266 266 265 265 264 263 262 262 261 259 258 256 254 252 249 246 243 239 237 238 242 244 242 243 247 256 267 271 270 269 272 272 271 276 280 282 285 286 287 290 298 309 306 298 294 290 287 285 283 281 280 279 277 277 276 276 275 274 273 273 273 273 273 272 272 272 272 272 272 271 271 271 271 271 271 271 271 271 271 271 271 271 271 271 270 270 270 270 270
268 267 267 267 266 266 266 265 264 264 263 262 261 260 259 257 255 253 251 247 243 239 237 238 241 244 245 245 248 253 259 265 267 265 266 270 271 270 275 281 284 285 286 288 289 294 308 309 303 297 292 289 286 284 282 280 279 278 277 276 276 275 274 273 273 273 273 273 272 272 272 272 272 271 271 271 271 271 271 271 271 271 271 271 271 271 271 271 270 270 270 270 270 270
267 267 267 267 266 266 266 265 264 264 263 262 261 260 258 257 254 252 249 245 240 236 236 239 243 245 246 248 252 256 261 263 262 262 265 270 272 270 274 281 284 286 286 288 289 290 300 311 308 300 295 291 287 285 282 281 279 278 277 276 276 275 274 274 273 273 273 272 272 272 272 272 272 271 271 271 271 271 271 271 271 271 271 271 271 271 270 270 270 270 270 270 270 270
268 267 267 267 266 266 266 265 264 264 263 262 261 259 258 256 254 251 247 242 237 234 237 242 246 248 249 252 255 258 261 260 259 261 266 270 272 274 277 280 282 285 287 287 289 290 295 310 312 304 298 292 288 285 283 281 280 278 277 276 275 275 274 274 273 273 273 272 272 272 272 272 272 271 271 271 271 271 271 271 271 271 271 271 270 270 270 270 270 270 270 270 270 270
268 267 267 267 266 266 266 265 264 264 263 262 261 259 257 255 253 250 245 239 234 233 237 243 247 250 252 255 257 259 260 259 259 263 267 270 272 276 279 279 280 285 288 288 290 290 293 305 313 309 300 294 289 286 283 281 280 278 277 276 275 275 275 274 273 273 272 272 272 272 272 272 272 271 271 271 271 271 271 271 271 271 271 270 270 270 270 270 270 270 270 270 270 270
268 267 267 267 267 266 266 265 264 264 263 262 261 259 257 255 252 249 244 237 233 234 237 242 246 249 253 256 256 257 258 259 261 264 267 269 272 276 279 280 281 284 287 289 291 291 293 299 311 310 302 296 290 287 284 281 279 278 277 276 275 274 274 274 273 273 272 272 272 272 272 272 271 271 271 271 271 271 271 271 271 271 270 270 270 270 270 270 270 270 270 270 270 270
268 268 267 267 267 266 266 265 264 264 263 262 260 259 257 255 252 248 242 236 233 235 238 241 243 247 252 255 255 256 258 261 263 265 267 269 272 276 279 281 281 282 285 290 293 294 294 296 304 309 306 298 292 287 284 281 279 278 277 276 275 274 274 274 273 273 272 272 272 272 272 271 271 271 271 271 271 271 271 271 271 270 270 270 270 270 270 270 270 270 270 270 270 270
268 268 267 267 267 266 266 265 265 264 263 262 260 259 257 255 252 247 241 237 235 236 240 243 244 246 250 253 254 256 259 262 265 267 268 270 273 276 279 280 281 283 287 291 294 295 295 294 298 308 309 300 293 287 284 281 279 277 276 276 275 274 274 274 273 273 272 272 272 272 271 271 271 271 271 271 271 271 271 271 270 270 270 270 270 270 270 270 270 270 270 270 270 270
268 268 267 267 267 266 266 265 265 264 263 262 261 259 257 255 251 247 241 238 237 238 243 246 247 247 250 253 254 257 260 263 265 268 270 271 273 276 278 280 282 285 288 290 293 294 294 292 292 300 305 301 292 287 283 281 279 277 276 275 275 274 273 273 273 273 272 272 272 271 271 271 271 271 271 271 271 271 271 271 270 270 270 270 270 270 270 270 270 270 270 270 270 270
268 268 268 267 267 267 266 266 265 264 263 262 261 259 257 255 251 246 243 241 240 241 245 248 250 251 251 253 255 258 262 263 266 269 271 273 275 276 278 279 282 285 287 289 290 291 292 291 289 291 299 300 293 286 283 280 278 276 275 275 274 274 273 273 273 273 272 271 271 271 271 271 271 271 271 271 271 271 271 270 270 270 270 270 270 270 270 270 270 270 270 270 270 270
268 268 268 268 267 267 266 266 265 264 263 262 261 259 257 254 250 246 244 243 244 245 247 249 252 254 254 255 256 260 263 265 268 270 272 274 276 277 277 278 280 283 285 285 286 288 289 288 287 287 292 298 293 286 282 279 278 276 275 274 274 273 273 272 272 272 272 271 271 271 271 271 271 271 271 271 271 271 270 270 270 270 270 270 270 270 270 270 270 270 270 270 270 270
