data/AilsaCraig_270_1_25m_vel.asc
ncols	255
nrows	255
xllcorner	3364200.000000
yllcorner	3669375.000000
cellsize	25.000000
NODATA_value	-1.000000
[rows 114 to 151 of 255, columns 84 to 167 of 255]
0.99 0.99 0.99 0.98 0.98 0.98 0.98 0.97 0.96 0.96 0.95 0.95 0.94 0.94 0.93 0.93 0.92 0.92 0.92 0.90 0.90 0.88 0.88 0.85 0.85 0.82 0.79 0.79 0.75 0.75 0.72 0.72 0.73 0.73 0.74 0.79 0.79 0.76 0.76 1.08 1.08 1.77 1.77 1.83 1.83 1.48 1.16 1.16 0.92 0.92 1.00 1.00 1.07 1.07 0.98 0.79 0.79 0.73 0.73 0.76 0.76 0.78 0.78 0.82 0.85 0.85 0.87 0.87 0.89 0.89 0.91 0.91 0.92 0.93 0.93 0.95 0.95 0.96 0.96 0.96 0.96 0.97 0.97 0.98
0.99 0.99 0.99 0.98 0.98 0.98 0.98 0.97 0.96 0.96 0.95 0.95 0.94 0.94 0.93 0.93 0.92 0.92 0.92 0.90 0.90 0.88 0.88 0.85 0.85 0.82 0.79 0.79 0.75 0.75 0.72 0.72 0.73 0.73 0.74 0.79 0.79 0.76 0.76 1.08 1.08 1.77 1.77 1.83 1.83 1.48 1.16 1.16 0.92 0.92 1.00 1.00 1.07 1.07 0.98 0.79 0.79 0.73 0.73 0.76 0.76 0.78 0.78 0.82 0.85 0.85 0.87 0.87 0.89 0.89 0.91 0.91 0.92 0.93 0.93 0.95 0.95 0.96 0.96 0.96 0.96 0.97 0.97 0.98
0.99 0.98 0.98 0.98 0.98 0.97 0.97 0.97 0.96 0.96 0.95 0.95 0.93 0.93 0.92 0.92 0.92 0.91 0.91 0.88 0.88 0.86 0.86 0.83 0.83 0.79 0.75 0.75 0.69 0.69 0.65 0.65 0.70 0.70 0.75 0.82 0.82 0.91 0.91 1.19 1.19 1.71 1.71 1.82 1.82 1.56 1.29 1.29 1.12 1.12 1.11 1.11 1.06 1.06 1.00 0.85 0.85 0.65 0.65 0.65 0.65 0.73 0.73 0.78 0.82 0.82 0.85 0.85 0.87 0.87 0.89 0.89 0.91 0.93 0.93 0.94 0.94 0.95 0.95 0.96 0.96 0.97 0.97 0.97
0.99 0.98 0.98 0.98 0.98 0.97 0.97 0.96 0.95 0.95 0.94 0.94 0.93 0.93 0.92 0.92 0.91 0.90 0.90 0.86 0.86 0.84 0.84 0.81 0.81 0.76 0.70 0.70 0.62 0.62 0.58 0.58 0.66 0.66 0.77 0.89 0.89 1.03 1.03 1.21 1.21 1.58 1.58 1.74 1.74 1.61 1.36 1.36 1.20 1.20 1.18 1.18 1.08 1.08 0.98 0.84 0.84 0.56 0.56 0.58 0.58 0.68 0.68 0.73 0.79 0.79 0.83 0.83 0.86 0.86 0.88 0.88 0.90 0.92 0.92 0.93 0.93 0.95 0.95 0.96 0.96 0.96 0.96 0.97
0.99 0.98 0.98 0.98 0.98 0.97 0.97 0.96 0.95 0.95 0.94 0.94 0.93 0.93 0.92 0.92 0.91 0.90 0.90 0.86 0.86 0.84 0.84 0.81 0.81 0.76 0.70 0.70 0.62 0.62 0.58 0.58 0.66 0.66 0.77 0.89 0.89 1.03 1.03 1.21 1.21 1.58 1.58 1.74 1.74 1.61 1.36 1.36 1.20 1.20 1.18 1.18 1.08 1.08 0.98 0.84 0.84 0.56 0.56 0.58 0.58 0.68 0.68 0.73 0.79 0.79 0.83 0.83 0.86 0.86 0.88 0.88 0.90 0.92 0.92 0.93 0.93 0.95 0.95 0.96 0.96 0.96 0.96 0.97
0.99 0.98 0.98 0.98 0.98 0.97 0.97 0.96 0.95 0.95 0.93 0.93 0.92 0.92 0.91 0.91 0.90 0.88 0.88 0.85 0.85 0.81 0.81 0.78 0.78 0.72 0.65 0.65 0.57 0.57 0.52 0.52 0.59 0.59 0.73 0.93 0.93 1.08 1.08 1.19 1.19 1.47 1.47 1.65 1.65 1.60 1.39 1.39 1.21 1.21 1.20 1.20 1.11 1.11 0.91 0.74 0.74 0.56 0.56 0.55 0.55 0.61 0.61 0.67 0.75 0.75 0.80 0.80 0.84 0.84 0.87 0.87 0.89 0.91 0.91 0.93 0.93 0.94 0.94 0.95 0.95 0.96 0.96 0.97
0.99 0.98 0.98 0.98 0.98 0.97 0.97 0.96 0.95 0.95 0.93 0.93 0.92 0.92 0.91 0.91 0.90 0.88 0.88 0.85 0.85 0.81 0.81 0.78 0.78 0.72 0.65 0.65 0.57 0.57 0.52 0.52 0.59 0.59 0.73 0.93 0.93 1.08 1.08 1.19 1.19 1.47 1.47 1.65 1.65 1.60 1.39 1.39 1.21 1.21 1.20 1.20 1.11 1.11 0.91 0.74 0.74 0.56 0.56 0.55 0.55 0.61 0.61 0.67 0.75 0.75 0.80 0.80 0.84 0.84 0.87 0.87 0.89 0.91 0.91 0.93 0.93 0.94 0.94 0.95 0.95 0.96 0.96 0.97
0.98 0.98 0.98 0.97 0.97 0.97 0.97 0.96 0.94 0.94 0.93 0.93 0.92 0.92 0.91 0.91 0.90 0.87 0.87 0.83 0.83 0.79 0.79 0.75 0.75 0.68 0.61 0.61 0.53 0.53 0.47 0.47 0.54 0.54 0.68 0.90 0.90 1.08 1.08 1.18 1.18 1.42 1.42 1.59 1.59 1.57 1.38 1.38 1.21 1.21 1.21 1.21 1.08 1.08 0.80 0.64 0.64 0.55 0.55 0.52 0.52 0.53 0.53 0.61 0.70 0.70 0.78 0.78 0.82 0.82 0.85 0.85 0.88 0.90 0.90 0.92 0.92 0.94 0.94 0.95 0.95 0.96 0.96 0.97
0.98 0.98 0.98 0.97 0.97 0.97 0.97 0.96 0.94 0.94 0.93 0.93 0.92 0.92 0.91 0.91 0.90 0.87 0.87 0.83 0.83 0.79 0.79 0.75 0.75 0.68 0.61 0.61 0.53 0.53 0.47 0.47 0.54 0.54 0.68 0.90 0.90 1.08 1.08 1.18 1.18 1.42 1.42 1.59 1.59 1.57 1.38 1.38 1.21 1.21 1.21 1.21 1.08 1.08 0.80 0.64 0.64 0.55 0.55 0.52 0.52 0.53 0.53 0.61 0.70 0.70 0.78 0.78 0.82 0.82 0.85 0.85 0.88 0.90 0.90 0.92 0.92 0.94 0.94 0.95 0.95 0.96 0.96 0.97
0.98 0.98 0.98 0.97 0.97 0.96 0.96 0.95 0.94 0.94 0.92 0.92 0.91 0.91 0.90 0.90 0.89 0.85 0.85 0.81 0.81 0.77 0.77 0.72 0.72 0.64 0.58 0.58 0.52 0.52 0.46 0.46 0.52 0.52 0.66 0.87 0.87 1.09 1.09 1.20 1.20 1.39 1.39 1.53 1.53 1.49 1.32 1.32 1.20 1.20 1.20 1.20 1.03 1.03 0.75 0.59 0.59 0.53 0.53 0.52 0.52 0.49 0.49 0.55 0.67 0.67 0.75 0.75 0.80 0.80 0.84 0.84 0.87 0.90 0.90 0.92 0.92 0.93 0.93 0.95 0.95 0.96 0.96 0.97
0.98 0.98 0.98 0.97 0.97 0.96 0.96 0.95 0.94 0.94 0.92 0.92 0.91 0.91 0.90 0.90 0.89 0.85 0.85 0.81 0.81 0.77 0.77 0.72 0.72 0.64 0.58 0.58 0.52 0.52 0.46 0.46 0.52 0.52 0.66 0.87 0.87 1.09 1.09 1.20 1.20 1.39 1.39 1.53 1.53 1.49 1.32 1.32 1.20 1.20 1.20 1.20 1.03 1.03 0.75 0.59 0.59 0.53 0.53 0.52 0.52 0.49 0.49 0.55 0.67 0.67 0.75 0.75 0.80 0.80 0.84 0.84 0.87 0.90 0.90 0.92 0.92 0.93 0.93 0.95 0.95 0.96 0.96 0.97
0.98 0.98 0.98 0.97 0.97 0.96 0.96 0.95 0.94 0.94 0.92 0.92 0.91 0.91 0.90 0.90 0.88 0.83 0.83 0.79 0.79 0.74 0.74 0.68 0.68 0.60 0.56 0.56 0.53 0.53 0.48 0.48 0.52 0.52 0.64 0.84 0.84 1.10 1.10 1.22 1.22 1.38 1.38 1.50 1.50 1.43 1.24 1.24 1.16 1.16 1.18 1.18 1.00 1.00 0.75 0.56 0.56 0.50 0.50 0.52 0.52 0.48 0.48 0.51 0.63 0.63 0.73 0.73 0.79 0.79 0.84 0.84 0.87 0.90 0.90 0.91 0.91 0.93 0.93 0.94 0.94 0.96 0.96 0.97
0.98 0.97 0.97 0.97 0.97 0.96 0.96 0.95 0.93 0.93 0.92 0.92 0.90 0.90 0.89 0.89 0.87 0.82 0.82 0.78 0.78 0.72 0.72 0.64 0.64 0.56 0.54 0.54 0.55 0.55 0.51 0.51 0.56 0.56 0.65 0.85 0.85 1.15 1.15 1.26 1.26 1.38 1.38 1.49 1.49 1.39 1.17 1.17 1.11 1.11 1.20 1.20 1.08 1.08 0.80 0.57 0.57 0.48 0.48 0.52 0.52 0.50 0.50 0.49 0.60 0.60 0.70 0.70 0.78 0.78 0.83 0.83 0.87 0.89 0.89 0.91 0.91 0.93 0.93 0.94 0.94 0.95 0.95 0.96
0.98 0.97 0.97 0.97 0.97 0.96 0.96 0.95 0.93 0.93 0.92 0.92 0.90 0.90 0.89 0.89 0.87 0.82 0.82 0.78 0.78 0.72 0.72 0.64 0.64 0.56 0.54 0.54 0.55 0.55 0.51 0.51 0.56 0.56 0.65 0.85 0.85 1.15 1.15 1.26 1.26 1.38 1.38 1.49 1.49 1.39 1.17 1.17 1.11 1.11 1.20 1.20 1.08 1.08 0.80 0.57 0.57 0.48 0.48 0.52 0.52 0.50 0.50 0.49 0.60 0.60 0.70 0.70 0.78 0.78 0.83 0.83 0.87 0.89 0.89 0.91 0.91 0.93 0.93 0.94 0.94 0.95 0.95 0.96
0.98 0.97 0.97 0.97 0.97 0.96 0.96 0.94 0.93 0.93 0.91 0.91 0.90 0.90 0.89 0.89 0.86 0.80 0.80 0.76 0.76 0.69 0.69 0.59 0.59 0.50 0.51 0.51 0.57 0.57 0.56 0.56 0.61 0.61 0.70 0.94 0.94 1.22 1.22 1.30 1.30 1.40 1.40 1.47 1.47 1.37 1.13 1.13 1.08 1.08 1.21 1.21 1.13 1.13 0.84 0.59 0.59 0.47 0.47 0.51 0.51 0.52 0.52 0.50 0.59 0.59 0.69 0.69 0.77 0.77 0.83 0.83 0.87 0.89 0.89 0.91 0.91 0.93 0.93 0.94 0.94 0.95 0.95 0.96
0.98 0.97 0.97 0.97 0.97 0.96 0.96 0.94 0.93 0.93 0.91 0.91 0.90 0.90 0.89 0.89 0.86 0.80 0.80 0.76 0.76 0.69 0.69 0.59 0.59 0.50 0.51 0.51 0.57 0.57 0.56 0.56 0.61 0.61 0.70 0.94 0.94 1.22 1.22 1.30 1.30 1.40 1.40 1.47 1.47 1.37 1.13 1.13 1.08 1.08 1.21 1.21 1.13 1.13 0.84 0.59 0.59 0.47 0.47 0.51 0.51 0.52 0.52 0.50 0.59 0.59 0.69 0.69 0.77 0.77 0.83 0.83 0.87 0.89 0.89 0.91 0.91 0.93 0.93 0.94 0.94 0.95 0.95 0.96
0.98 0.97 0.97 0.96 0.96 0.95 0.95 0.94 0.93 0.93 0.91 0.91 0.90 0.90 0.88 0.88 0.85 0.79 0.79 0.74 0.74 0.67 0.67 0.55 0.55 0.44 0.47 0.47 0.58 0.58 0.61 0.61 0.66 0.66 0.80 1.08 1.08 1.30 1.30 1.35 1.35 1.40 1.40 1.46 1.46 1.37 1.14 1.14 1.08 1.08 1.19 1.19 1.11 1.11 0.84 0.61 0.61 0.49 0.49 0.52 0.52 0.53 0.53 0.53 0.60 0.60 0.69 0.69 0.77 0.77 0.83 0.83 0.87 0.89 0.89 0.91 0.91 0.93 0.93 0.94 0.94 0.95 0.95 0.96
0.98 0.97 0.97 0.96 0.96 0.95 0.95 0.94 0.93 0.93 0.91 0.91 0.90 0.90 0.88 0.88 0.85 0.79 0.79 0.74 0.74 0.67 0.67 0.55 0.55 0.44 0.47 0.47 0.58 0.58 0.61 0.61 0.66 0.66 0.80 1.08 1.08 1.30 1.30 1.35 1.35 1.40 1.40 1.46 1.46 1.37 1.14 1.14 1.08 1.08 1.19 1.19 1.11 1.11 0.84 0.61 0.61 0.49 0.49 0.52 0.52 0.53 0.53 0.53 0.60 0.60 0.69 0.69 0.77 0.77 0.83 0.83 0.87 0.89 0.89 0.91 0.91 0.93 0.93 0.94 0.94 0.95 0.95 0.96
0.98 0.97 0.97 0.96 0.96 0.95 0.95 0.94 0.93 0.93 0.91 0.91 0.90 0.90 0.88 0.88 0.84 0.78 0.78 0.72 0.72 0.64 0.64 0.52 0.52 0.39 0.43 0.43 0.59 0.59 0.64 0.64 0.72 0.72 0.94 1.21 1.21 1.37 1.37 1.38 1.38 1.40 1.40 1.43 1.43 1.35 1.17 1.17 1.09 1.09 1.17 1.17 1.10 1.10 0.89 0.68 0.68 0.53 0.53 0.54 0.54 0.55 0.55 0.57 0.63 0.63 0.70 0.70 0.77 0.77 0.83 0.83 0.87 0.90 0.90 0.91 0.91 0.93 0.93 0.94 0.94 0.95 0.95 0.96
0.98 0.97 0.97 0.96 0.96 0.95 0.95 0.94 0.93 0.93 0.91 0.91 0.90 0.90 0.88 0.88 0.84 0.78 0.78 0.72 0.72 0.64 0.64 0.52 0.52 0.39 0.43 0.43 0.59 0.59 0.64 0.64 0.72 0.72 0.94 1.21 1.21 1.37 1.37 1.38 1.38 1.40 1.40 1.43 1.43 1.35 1.17 1.17 1.09 1.09 1.17 1.17 1.10 1.10 0.89 0.68 0.68 0.53 0.53 0.54 0.54 0.55 0.55 0.57 0.63 0.63 0.70 0.70 0.77 0.77 0.83 0.83 0.87 0.90 0.90 0.91 0.91 0.93 0.93 0.94 0.94 0.95 0.95 0.96
0.98 0.97 0.97 0.96 0.96 0.95 0.95 0.94 0.93 0.93 0.91 0.91 0.89 0.89 0.87 0.87 0.84 0.78 0.78 0.70 0.70 0.61 0.61 0.48 0.48 0.36 0.42 0.42 0.61 0.61 0.68 0.68 0.82 0.82 1.10 1.32 1.32 1.41 1.41 1.40 1.40 1.39 1.39 1.39 1.39 1.33 1.19 1.19 1.08 1.08 1.13 1.13 1.13 1.13 0.96 0.76 0.76 0.60 0.60 0.57 0.57 0.58 0.58 0.61 0.67 0.67 0.72 0.72 0.78 0.78 0.84 0.84 0.88 0.90 0.90 0.92 0.92 0.93 0.93 0.94 0.94 0.96 0.96 0.97
0.98 0.97 0.97 0.96 0.96 0.95 0.95 0.94 0.93 0.93 0.91 0.91 0.89 0.89 0.87 0.87 0.84 0.78 0.78 0.70 0.70 0.61 0.61 0.48 0.48 0.36 0.42 0.42 0.61 0.61 0.68 0.68 0.82 0.82 1.10 1.32 1.32 1.41 1.41 1.40 1.40 1.39 1.39 1.39 1.39 1.33 1.19 1.19 1.08 1.08 1.13 1.13 1.13 1.13 0.96 0.76 0.76 0.60 0.60 0.57 0.57 0.58 0.58 0.61 0.67 0.67 0.72 0.72 0.78 0.78 0.84 0.84 0.88 0.90 0.90 0.92 0.92 0.93 0.93 0.94 0.94 0.96 0.96 0.97
0.98 0.97 0.97 0.97 0.97 0.96 0.96 0.94 0.93 0.93 0.92 0.92 0.90 0.90 0.87 0.87 0.84 0.78 0.78 0.70 0.70 0.59 0.59 0.45 0.45 0.35 0.43 0.43 0.64 0.64 0.73 0.73 0.96 0.96 1.22 1.38 1.38 1.42 1.42 1.40 1.40 1.38 1.38 1.34 1.34 1.29 1.17 1.17 1.02 1.02 1.09 1.09 1.14 1.14 1.02 0.82 0.82 0.65 0.65 0.62 0.62 0.64 0.64 0.66 0.71 0.71 0.75 0.75 0.80 0.80 0.85 0.85 0.89 0.91 0.91 0.92 0.92 0.94 0.94 0.95 0.95 0.96 0.96 0.97
0.98 0.97 0.97 0.97 0.97 0.96 0.96 0.95 0.93 0.93 0.92 0.92 0.90 0.90 0.88 0.88 0.84 0.79 0.79 0.71 0.71 0.60 0.60 0.46 0.46 0.35 0.45 0.45 0.70 0.70 0.84 0.84 1.07 1.07 1.30 1.39 1.39 1.41 1.41 1.41 1.41 1.38 1.38 1.29 1.29 1.20 1.08 1.08 0.98 0.98 1.07 1.07 1.15 1.15 1.06 0.87 0.87 0.68 0.68 0.66 0.66 0.69 0.69 0.71 0.74 0.74 0.78 0.78 0.82 0.82 0.87 0.87 0.90 0.92 0.92 0.93 0.93 0.94 0.94 0.95 0.95 0.96 0.96 0.97
0.98 0.97 0.97 0.97 0.97 0.96 0.96 0.95 0.93 0.93 0.92 0.92 0.90 0.90 0.88 0.88 0.84 0.79 0.79 0.71 0.71 0.60 0.60 0.46 0.46 0.35 0.45 0.45 0.70 0.70 0.84 0.84 1.07 1.07 1.30 1.39 1.39 1.41 1.41 1.41 1.41 1.38 1.38 1.29 1.29 1.20 1.08 1.08 0.98 0.98 1.07 1.07 1.15 1.15 1.06 0.87 0.87 0.68 0.68 0.66 0.66 0.69 0.69 0.71 0.74 0.74 0.78 0.78 0.82 0.82 0.87 0.87 0.90 0.92 0.92 0.93 0.93 0.94 0.94 0.95 0.95 0.96 0.96 0.97
0.98 0.98 0.98 0.97 0.97 0.96 0.96 0.95 0.94 0.94 0.92 0.92 0.91 0.91 0.88 0.88 0.85 0.80 0.80 0.74 0.74 0.65 0.65 0.51 0.51 0.40 0.53 0.53 0.80 0.80 0.93 0.93 1.12 1.12 1.33 1.40 1.40 1.41 1.41 1.44 1.44 1.40 1.40 1.23 1.23 1.07 0.98 0.98 0.95 0.95 1.07 1.07 1.15 1.15 1.09 0.90 0.90 0.71 0.71 0.70 0.70 0.75 0.75 0.75 0.78 0.78 0.81 0.81 0.85 0.85 0.89 0.89 0.91 0.92 0.92 0.93 0.93 0.94 0.94 0.95 0.95 0.96 0.96 0.97
0.98 0.98 0.98 0.97 0.97 0.96 0.96 0.95 0.94 0.94 0.92 0.92 0.91 0.91 0.88 0.88 0.85 0.80 0.80 0.74 0.74 0.65 0.65 0.51 0.51 0.40 0.53 0.53 0.80 0.80 0.93 0.93 1.12 1.12 1.33 1.40 1.40 1.41 1.41 1.44 1.44 1.40 1.40 1.23 1.23 1.07 0.98 0.98 0.95 0.95 1.07 1.07 1.15 1.15 1.09 0.90 0.90 0.71 0.71 0.70 0.70 0.75 0.75 0.75 0.78 0.78 0.81 0.81 0.85 0.85 0.89 0.89 0.91 0.92 0.92 0.93 0.93 0.94 0.94 0.95 0.95 0.96 0.96 0.97
0.98 0.98 0.98 0.97 0.97 0.96 0.96 0.95 0.94 0.94 0.93 0.93 0.91 0.91 0.89 0.89 0.86 0.83 0.83 0.78 0.78 0.70 0.70 0.61 0.61 0.55 0.67 0.67 0.88 0.88 0.98 0.98 1.15 1.15 1.35 1.40 1.40 1.43 1.43 1.49 1.49 1.42 1.42 1.15 1.15 0.97 0.92 0.92 0.93 0.93 1.06 1.06 1.16 1.16 1.14 0.97 0.97 0.77 0.77 0.76 0.76 0.80 0.80 0.79 0.82 0.82 0.85 0.85 0.88 0.88 0.91 0.91 0.92 0.93 0.93 0.94 0.94 0.95 0.95 0.96 0.96 0.97 0.97 0.97
0.98 0.98 0.98 0.97 0.97 0.96 0.96 0.95 0.94 0.94 0.93 0.93 0.91 0.91 0.89 0.89 0.86 0.83 0.83 0.78 0.78 0.70 0.70 0.61 0.61 0.55 0.67 0.67 0.88 0.88 0.98 0.98 1.15 1.15 1.35 1.40 1.40 1.43 1.43 1.49 1.49 1.42 1.42 1.15 1.15 0.97 0.92 0.92 0.93 0.93 1.06 1.06 1.16 1.16 1.14 0.97 0.97 0.77 0.77 0.76 0.76 0.80 0.80 0.79 0.82 0.82 0.85 0.85 0.88 0.88 0.91 0.91 0.92 0.93 0.93 0.94 0.94 0.95 0.95 0.96 0.96 0.97 0.97 0.97
0.98 0.98 0.98 0.97 0.97 0.97 0.97 0.96 0.95 0.95 0.93 0.93 0.92 0.92 0.90 0.90 0.88 0.85 0.85 0.81 0.81 0.76 0.76 0.71 0.71 0.69 0.75 0.75 0.89 0.89 1.00 1.00 1.18 1.18 1.35 1.41 1.41 1.48 1.48 1.56 1.56 1.41 1.41 1.03 1.03 0.84 0.81 0.81 0.87 0.87 1.02 1.02 1.14 1.14 1.16 1.04 1.04 0.86 0.86 0.82 0.82 0.84 0.84 0.84 0.86 0.86 0.88 0.88 0.90 0.90 0.92 0.92 0.93 0.94 0.94 0.95 0.95 0.96 0.96 0.96 0.96 0.97 0.97 0.98
0.98 0.98 0.98 0.97 0.97 0.97 0.97 0.96 0.95 0.95 0.93 0.93 0.92 0.92 0.90 0.90 0.88 0.85 0.85 0.81 0.81 0.76 0.76 0.71 0.71 0.69 0.75 0.75 0.89 0.89 1.00 1.00 1.18 1.18 1.35 1.41 1.41 1.48 1.48 1.56 1.56 1.41 1.41 1.03 1.03 0.84 0.81 0.81 0.87 0.87 1.02 1.02 1.14 1.14 1.16 1.04 1.04 0.86 0.86 0.82 0.82 0.84 0.84 0.84 0.86 0.86 0.88 0.88 0.90 0.90 0.92 0.92 0.93 0.94 0.94 0.95 0.95 0.96 0.96 0.96 0.96 0.97 0.97 0.98
0.98 0.98 0.98 0.97 0.97 0.97 0.97 0.96 0.95 0.95 0.94 0.94 0.93 0.93 0.91 0.91 0.89 0.87 0.87 0.85 0.85 0.82 0.82 0.79 0.79 0.78 0.81 0.81 0.85 0.85 0.98 0.98 1.18 1.18 1.33 1.42 1.42 1.55 1.55 1.61 1.61 1.37 1.37 0.95 0.95 0.74 0.68 0.68 0.80 0.80 0.95 0.95 1.07 1.07 1.14 1.07 1.07 0.93 0.93 0.87 0.87 0.87 0.87 0.88 0.89 0.89 0.91 0.91 0.92 0.92 0.93 0.93 0.94 0.95 0.95 0.95 0.95 0.96 0.96 0.97 0.97 0.97 0.97 0.98
0.99 0.98 0.98 0.98 0.98 0.97 0.97 0.96 0.96 0.96 0.95 0.95 0.94 0.94 0.93 0.93 0.91 0.90 0.90 0.88 0.88 0.86 0.86 0.85 0.85 0.84 0.85 0.85 0.86 0.86 0.93 0.93 1.11 1.11 1.28 1.42 1.42 1.60 1.60 1.64 1.64 1.35 1.35 0.99 0.99 0.76 0.68 0.68 0.79 0.79 0.91 0.91 0.99 0.99 1.06 1.06 1.06 0.97 0.97 0.91 0.91 0.91 0.91 0.91 0.92 0.92 0.93 0.93 0.94 0.94 0.94 0.94 0.95 0.96 0.96 0.96 0.96 0.97 0.97 0.97 0.97 0.98 0.98 0.98
0.99 0.98 0.98 0.98 0.98 0.97 0.97 0.96 0.96 0.96 0.95 0.95 0.94 0.94 0.93 0.93 0.91 0.90 0.90 0.88 0.88 0.86 0.86 0.85 0.85 0.84 0.85 0.85 0.86 0.86 0.93 0.93 1.11 1.11 1.28 1.42 1.42 1.60 1.60 1.64 1.64 1.35 1.35 0.99 0.99 0.76 0.68 0.68 0.79 0.79 0.91 0.91 0.99 0.99 1.06 1.06 1.06 0.97 0.97 0.91 0.91 0.91 0.91 0.91 0.92 0.92 0.93 0.93 0.94 0.94 0.94 0.94 0.95 0.96 0.96 0.96 0.96 0.97 0.97 0.97 0.97 0.98 0.98 0.98
0.99 0.98 0.98 0.98 0.98 0.97 0.97 0.97 0.96 0.96 0.96 0.96 0.95 0.95 0.94 0.94 0.93 0.92 0.92 0.91 0.91 0.90 0.90 0.89 0.89 0.89 0.89 0.89 0.91 0.91 0.94 0.94 1.02 1.02 1.20 1.39 1.39 1.59 1.59 1.62 1.62 1.34 1.34 1.04 1.04 0.83 0.77 0.77 0.84 0.84 0.91 0.91 0.95 0.95 1.01 1.03 1.03 0.99 0.99 0.95 0.95 0.93 0.93 0.93 0.94 0.94 0.95 0.95 0.95 0.95 0.95 0.95 0.96 0.96 0.96 0.97 0.97 0.97 0.97 0.98 0.98 0.98 0.98 0.98
0.99 0.98 0.98 0.98 0.98 0.97 0.97 0.97 0.96 0.96 0.96 0.96 0.95 0.95 0.94 0.94 0.93 0.92 0.92 0.91 0.91 0.90 0.90 0.89 0.89 0.89 0.89 0.89 0.91 0.91 0.94 0.94 1.02 1.02 1.20 1.39 1.39 1.59 1.59 1.62 1.62 1.34 1.34 1.04 1.04 0.83 0.77 0.77 0.84 0.84 0.91 0.91 0.95 0.95 1.01 1.03 1.03 0.99 0.99 0.95 0.95 0.93 0.93 0.93 0.94 0.94 0.95 0.95 0.95 0.95 0.95 0.95 0.96 0.96 0.96 0.97 0.97 0.97 0.97 0.98 0.98 0.98 0.98 0.98
0.99 0.99 0.99 0.98 0.98 0.98 0.98 0.97 0.97 0.97 0.96 0.96 0.95 0.95 0.95 0.95 0.94 0.93 0.93 0.93 0.93 0.92 0.92 0.92 0.92 0.92 0.93 0.93 0.95 0.95 0.97 0.97 1.00 1.00 1.13 1.34 1.34 1.49 1.49 1.53 1.53 1.37 1.37 1.10 1.10 0.90 0.86 0.86 0.91 0.91 0.93 0.93 0.96 0.96 0.99 1.00 1.00 0.99 0.99 0.96 0.96 0.95 0.95 0.95 0.95 0.95 0.96 0.96 0.96 0.96 0.96 0.96 0.96 0.97 0.97 0.97 0.97 0.97 0.97 0.98 0.98 0.98 0.98 0.99
0.99 0.99 0.99 0.98 0.98 0.98 0.98 0.97 0.97 0.97 0.96 0.96 0.95 0.95 0.95 0.95 0.94 0.93 0.93 0.93 0.93 0.92 0.92 0.92 0.92 0.92 0.93 0.93 0.95 0.95 0.97 0.97 1.00 1.00 1.13 1.34 1.34 1.49 1.49 1.53 1.53 1.37 1.37 1.10 1.10 0.90 0.86 0.86 0.91 0.91 0.93 0.93 0.96 0.96 0.99 1.00 1.00 0.99 0.99 0.96 0.96 0.95 0.95 0.95 0.95 0.95 0.96 0.96 0.96 0.96 0.96 0.96 0.96 0.97 0.97 0.97 0.97 0.97 0.97 0.98 0.98 0.98 0.98 0.99
