data/AilsaCraig_270_1_25m_ang_5m.asc
ncols	257
nrows	257
xllcorner	3364200.000000
yllcorner	3669375.000000
cellsize	25.000000
NODATA_value	-1.000000
[rows 126 to 167 of 257, columns 94 to 187 of 257]
269 269 269 269 268 268 268 267 266 266 265 264 262 260 258 254 249 243 241 241 243 245 248 251 254 257 259 260 262 265 268 270 272 273 273 273 274 274 272 271 272 275 277 278 280 283 284 285 286 284 288 299 295 286 280 278 276 275 273 273 272 272 271 271 271 271 271 271 271 270 270 270 270 270 270 270 270 270 270 270 270 270 270 270 270 270 270 270 270 270 270 270 270 270
269 269 269 269 268 268 268 267 267 266 265 264 262 260 257 253 247 242 241 242 245 250 254 255 257 260 262 263 265 268 270 272 273 273 274 274 275 274 271 269 269 269 270 273 276 279 281 282 283 281 281 288 293 286 279 276 275 274 273 272 272 271 271 271 271 271 271 271 270 270 270 270 270 270 270 270 270 270 270 270 270 270 270 270 270 270 270 270 270 270 270 270 270 270
269 269 269 269 269 268 268 267 267 266 265 264 262 260 257 252 245 241 240 242 247 254 259 260 261 263 265 266 269 271 273 273 273 273 274 275 275 273 271 270 266 264 265 268 272 275 278 280 280 279 277 279 286 284 279 276 274 274 273 272 271 271 271 271 271 271 270 270 270 270 270 270 270 270 270 270 270 270 270 270 270 270 270 270 270 270 270 270 270 270 270 270 270 270
269 269 269 269 269 269 268 267 267 266 265 264 262 260 256 251 243 240 240 242 249 257 261 263 265 266 268 270 272 273 274 274 274 273 273 274 273 272 272 269 265 262 263 266 269 271 274 277 277 274 273 274 278 281 278 274 273 272 272 271 271 271 271 270 270 270 270 270 270 270 270 270 270 270 270 270 270 270 270 270 270 270 270 270 270 270 270 270 270 270 270 270 270 270
269 269 269 269 269 269 268 268 267 266 265 264 262 260 256 249 242 240 241 243 251 259 263 266 268 270 273 275 275 275 275 274 273 272 272 271 271 271 270 268 265 264 265 266 267 267 269 272 271 270 269 269 272 276 275 273 272 271 271 271 271 270 270 270 270 270 270 270 270 270 270 270 270 270 270 270 270 270 270 270 270 270 270 270 270 270 270 270 270 270 270 270 270 270
269 269 269 269 269 269 269 268 267 267 266 264 262 260 256 248 240 240 242 246 254 260 265 268 272 274 277 279 279 277 275 274 273 272 270 269 269 270 269 267 267 267 267 266 265 264 264 265 265 266 266 265 266 269 272 271 271 270 270 271 270 270 270 270 270 270 270 270 270 270 270 270 270 270 270 270 270 270 270 270 270 270 270 270 270 270 270 270 270 270 270 270 270 270
270 270 270 270 269 269 269 268 268 267 266 265 263 260 256 247 239 241 244 249 256 262 267 270 274 278 281 282 281 279 276 274 272 271 269 267 267 268 268 268 270 270 267 264 262 261 260 259 260 262 262 262 262 264 267 270 270 269 269 270 270 270 270 270 270 270 270 270 270 270 270 270 270 270 270 270 270 270 270 270 270 270 270 270 270 270 270 270 270 270 270 270 270 270
270 270 270 270 270 269 269 268 268 268 267 265 264 261 255 247 241 243 246 251 258 264 269 272 276 280 283 284 283 281 278 275 272 271 270 268 266 266 268 270 272 269 265 261 259 258 257 257 258 260 259 259 259 260 264 267 269 269 269 269 269 269 269 269 269 270 270 270 270 270 270 270 270 270 270 270 270 270 270 270 270 270 270 270 270 270 270 270 270 270 270 270 270 270
270 270 270 270 270 270 269 269 269 268 267 266 264 261 255 246 242 245 250 254 259 265 270 274 278 282 285 285 284 282 279 276 274 273 271 269 266 266 268 271 271 266 262 258 256 255 254 253 255 257 256 255 256 258 261 265 267 268 268 269 269 269 269 269 269 269 269 270 270 270 270 270 270 270 270 270 270 270 270 270 270 270 270 270 270 270 270 270 270 270 270 270 270 270
270 270 270 270 270 270 270 269 269 269 268 267 265 262 256 247 245 249 254 258 262 267 271 275 279 283 285 285 283 282 280 277 276 275 273 270 267 268 269 269 267 263 260 257 255 253 251 250 250 250 250 252 254 256 260 263 266 267 268 268 268 268 269 269 269 269 269 269 269 270 270 270 270 270 270 270 270 270 270 270 270 270 270 270 270 270 270 270 270 270 270 270 270 270
270 270 270 270 270 270 270 270 270 270 269 269 267 264 258 249 250 255 260 262 265 269 273 277 280 283 284 284 283 281 280 279 277 276 274 271 270 270 269 266 264 262 259 256 255 253 251 249 247 244 245 249 252 255 259 262 264 266 267 267 268 268 268 269 269 269 269 269 269 269 270 270 270 270 270 270 270 270 270 270 270 270 270 270 270 270 270 270 270 270 270 270 270 270
270 271 271 270 270 270 271 271 271 271 271 270 269 267 261 256 258 263 266 268 269 272 276 279 281 282 282 282 281 281 280 279 278 276 274 272 272 271 267 264 262 261 259 256 254 253 251 248 245 240 242 247 250 255 259 261 263 264 266 266 267 267 268 268 269 269 269 269 269 269 269 270 270 270 270 270 270 270 270 270 270 270 270 270 270 270 270 270 270 270 270 270 270 270
271 271 271 271 271 271 271 272 272 272 272 272 272 270 266 266 269 271 272 273 274 276 279 281 281 280 280 280 280 279 279 278 277 276 274 273 272 269 265 262 261 260 259 256 253 251 250 247 242 237 241 246 250 255 259 261 262 263 264 265 266 267 268 268 269 269 269 269 269 269 269 269 270 270 270 270 270 270 270 270 270 270 270 270 270 270 270 270 270 270 270 270 270 270
271 271 271 271 271 271 272 272 273 273 274 275 276 276 277 280 281 280 279 279 280 281 282 282 280 279 279 278 278 277 277 276 277 277 276 274 271 266 261 260 260 260 258 255 252 251 249 246 240 236 240 246 251 255 259 260 261 262 263 265 266 267 268 268 268 269 269 269 269 269 269 269 270 270 270 270 270 270 270 270 270 270 270 270 270 270 270 270 270 270 270 270 270 270
271 271 271 271 271 272 272 273 273 274 276 277 279 285 294 294 293 291 288 288 286 284 283 281 280 279 278 276 275 274 274 275 276 277 277 274 269 263 258 258 259 259 257 254 251 250 247 244 238 235 241 247 251 256 258 259 260 261 263 265 266 267 267 268 268 268 269 269 269 269 269 269 270 270 270 270 270 270 270 270 270 270 270 270 270 270 270 270 270 270 270 270 270 270
271 271 271 271 272 272 272 273 274 275 277 278 282 291 305 309 304 300 295 294 291 286 282 280 279 278 276 274 273 273 273 274 275 275 276 273 267 261 257 255 257 258 256 253 250 249 246 242 236 236 243 248 252 255 257 257 259 262 263 265 266 267 267 268 268 268 269 269 269 269 269 269 269 270 270 270 270 270 270 270 270 270 270 270 270 270 270 270 270 270 270 270 270 270
271 271 271 272 272 272 273 274 275 276 278 280 284 292 304 312 312 305 300 295 292 287 283 280 278 276 275 274 273 272 273 274 272 269 271 270 265 262 257 254 256 257 255 252 250 248 245 240 236 237 244 250 253 254 255 257 260 262 264 265 266 267 267 268 268 268 268 269 269 269 269 269 269 270 270 270 270 270 270 270 270 270 270 270 270 270 270 270 270 270 270 270 270 270
271 271 272 272 272 273 273 274 275 276 278 282 285 291 300 308 310 311 302 296 290 287 284 282 278 275 274 274 274 273 273 273 269 263 266 266 263 261 258 255 257 257 254 252 250 248 244 240 236 240 247 251 252 253 255 259 261 263 264 265 266 267 267 268 268 268 268 269 269 269 269 269 269 269 270 270 270 270 270 270 270 270 270 270 270 270 270 270 270 270 270 270 270 270
271 271 272 272 272 273 273 274 275 277 279 282 285 290 296 304 310 309 308 295 289 287 286 282 278 275 275 275 275 274 273 270 264 259 262 262 260 260 258 257 258 257 254 252 250 248 244 240 238 243 248 251 251 253 257 260 261 263 264 265 266 267 267 268 268 268 268 269 269 269 269 269 269 269 270 270 270 270 270 270 270 270 270 270 270 270 270 270 270 270 270 270 270 270
271 272 272 272 273 273 274 274 275 277 279 281 285 289 294 301 308 315 318 300 291 288 286 282 278 276 275 275 275 275 272 266 258 257 260 260 258 258 259 259 259 257 254 253 251 248 245 241 241 246 249 250 252 255 259 260 262 264 265 265 266 267 267 267 268 268 269 269 269 269 269 269 269 269 270 270 270 270 270 270 270 270 270 270 270 270 270 270 270 270 270 270 270 270
271 272 272 272 273 273 274 274 276 277 279 281 284 288 292 298 304 317 323 306 295 289 285 282 278 276 275 275 276 275 269 260 254 257 260 260 258 258 260 261 261 259 256 254 251 249 246 243 244 248 250 252 255 258 260 261 263 264 265 266 267 267 267 267 268 268 269 269 269 269 269 269 269 269 270 270 270 270 270 270 270 270 270 270 270 270 270 270 270 270 270 270 270 270
271 272 272 272 273 273 274 274 275 277 278 280 283 286 290 295 301 309 313 310 301 291 285 281 279 277 276 275 276 275 266 252 249 253 257 259 257 260 263 264 263 262 259 256 253 251 248 246 247 249 251 254 257 259 261 262 263 264 265 266 267 267 267 268 268 268 269 269 269 269 269 269 269 269 270 270 270 270 270 270 270 270 270 270 270 270 270 270 270 270 270 270 270 270
271 272 272 272 273 273 274 274 275 276 278 280 282 284 288 292 297 301 305 308 307 298 287 282 280 278 277 275 276 273 261 247 245 247 250 251 251 257 264 265 266 266 263 259 256 253 251 249 249 251 254 257 259 260 262 263 264 265 266 266 266 267 267 268 268 268 269 269 269 269 269 269 269 269 270 270 270 270 270 270 270 270 270 270 270 270 270 270 270 270 270 270 270 270
271 272 272 272 273 273 274 274 275 276 277 279 281 283 286 289 293 296 300 305 309 307 293 284 281 280 278 276 274 268 257 248 246 245 244 243 243 251 260 263 266 267 265 262 260 257 255 253 252 254 257 259 260 261 263 263 264 265 266 266 267 267 268 268 268 268 269 269 269 269 269 269 269 269 270 270 270 270 270 270 270 270 270 270 270 270 270 270 270 270 270 270 270 270
271 272 272 272 273 273 274 274 275 276 277 278 280 282 284 286 289 292 296 299 304 308 305 292 284 281 279 276 271 263 254 251 250 246 242 239 240 248 256 260 263 264 264 263 262 260 258 256 256 257 259 260 261 263 263 264 265 266 266 266 267 268 268 268 268 268 269 269 269 269 269 269 269 269 270 270 270 270 270 270 270 270 270 270 270 270 270 270 270 270 270 270 270 270
271 272 272 272 273 273 273 274 275 275 276 277 279 280 282 284 286 289 291 294 297 302 305 303 291 283 279 275 269 260 251 252 251 246 242 238 241 249 255 259 261 262 263 263 263 262 260 259 259 260 261 262 263 263 264 265 266 266 266 267 267 268 268 268 268 268 269 269 269 269 269 269 269 270 270 270 270 270 270 270 270 270 270 270 270 270 270 270 270 270 270 270 270 270
271 272 272 272 272 273 273 274 274 275 276 277 278 279 281 282 284 286 288 290 292 295 299 302 298 287 280 277 271 261 252 252 251 246 241 240 245 251 255 258 260 261 262 263 264 263 262 261 261 262 262 263 263 264 265 265 266 266 267 267 268 268 268 268 268 269 269 269 269 269 269 269 269 270 270 270 270 270 270 270 270 270 270 270 270 270 270 270 270 270 270 270 270 270
271 272 272 272 272 273 273 274 274 275 275 276 277 278 279 280 282 283 285 287 288 290 292 295 294 289 284 280 274 263 256 255 252 247 243 245 249 254 257 259 260 262 263 264 264 264 263 263 263 263 263 264 264 265 265 266 266 267 267 267 268 268 268 268 268 269 269 269 269 269 269 269 269 270 270 270 270 270 270 270 270 270 270 270 270 270 270 270 270 270 270 270 270 270
271 271 272 272 272 273 273 273 274 274 275 276 276 277 278 279 280 281 282 284 285 286 287 288 287 286 285 282 277 269 262 258 253 249 247 250 253 256 258 260 262 263 264 264 264 264 264 264 264 264 264 265 265 266 266 266 267 267 267 268 268 268 268 268 269 269 269 269 269 269 269 269 270 270 270 270 270 270 270 270 270 270 270 270 270 270 270 270 270 270 270 270 270 270
271 271 272 272 272 272 273 273 273 274 274 275 276 276 277 278 279 279 280 281 282 283 283 283 283 282 282 280 277 273 267 261 256 252 252 254 257 258 260 262 263 264 264 264 264 265 265 265 265 265 265 265 266 266 266 267 267 267 268 268 268 268 268 268 269 269 269 269 269 269 269 269 270 270 270 270 270 270 270 270 270 270 270 270 270 270 270 270 270 270 270 270 270 270
271 271 272 272 272 272 273 273 273 274 274 274 275 276 276 277 277 278 279 279 280 280 280 280 280 279 277 276 274 272 268 264 260 257 256 257 259 260 262 263 264 264 264 264 265 265 266 266 265 266 266 266 266 267 267 267 267 268 268 268 268 268 268 269 269 269 269 269 269 269 269 269 270 270 270 270 270 270 270 270 270 270 270 270 270 270 270 270 270 270 270 270 270 270
271 271 271 272 272 272 272 273 273 273 274 274 274 275 275 276 276 277 277 277 278 278 278 278 277 276 275 274 272 270 268 266 263 261 260 260 261 262 263 264 264 265 265 265 266 266 266 266 266 266 266 267 267 267 267 267 268 268 268 268 268 268 269 269 269 269 269 269 269 269 269 270 270 270 270 270 270 270 270 270 270 270 270 270 270 270 270 270 270 270 270 270 270 270
271 271 271 271 272 272 272 272 273 273 273 274 274 274 275 275 275 276 276 276 276 276 276 276 276 275 274 273 271 270 268 266 265 264 263 263 263 264 264 264 265 265 265 266 266 267 266 266 267 267 267 267 267 267 267 268 268 268 268 268 268 269 269 269 269 269 269 269 269 269 269 270 270 270 270 270 270 270 270 270 270 270 270 270 270 270 270 270 270 270 270 270 270 270
271 271 271 271 272 272 272 272 272 273 273 273 273 274 274 274 275 275 275 275 275 275 275 275 274 274 273 272 271 270 268 267 266 265 265 265 264 265 265 265 266 266 266 267 267 267 267 267 267 267 267 267 267 267 268 268 268 268 268 268 269 269 269 269 269 269 269 269 269 269 270 270 270 270 270 270 270 270 270 270 270 270 270 270 270 270 270 270 270 270 270 270 270 270
271 271 271 271 271 272 272 272 272 272 273 273 273 273 273 274 274 274 274 274 274 274 274 274 273 273 272 271 271 270 269 268 267 266 266 266 266 266 266 266 266 266 267 267 267 267 267 267 267 267 267 267 268 268 268 268 268 268 268 269 269 269 269 269 269 269 269 269 269 270 270 270 270 270 270 270 270 270 270 270 270 270 270 270 270 270 270 270 270 270 270 270 270 270
271 271 271 271 271 271 272 272 272 272 272 272 273 273 273 273 273 273 273 273 274 273 273 273 273 272 272 271 270 270 269 268 268 267 267 267 267 266 267 267 267 267 267 267 267 267 267 267 267 267 268 268 268 268 268 268 268 268 269 269 269 269 269 269 269 269 269 269 270 270 270 270 270 270 270 270 270 270 270 270 270 270 270 270 270 270 270 270 270 270 270 270 270 270
271 271 271 271 271 271 271 272 272 272 272 272 272 273 273 273 273 273 273 273 273 273 273 272 272 272 271 271 270 270 269 269 268 268 268 267 267 267 267 267 267 267 267 268 268 268 268 268 268 268 268 268 268 268 268 268 269 269 269 269 269 269 269 269 269 269 269 269 270 270 270 270 270 270 270 270 270 270 270 270 270 270 270 270 270 270 270 270 270 270 270 270 270 270
271 271 271 271 271 271 271 271 272 272 272 272 272 272 272 272 273 272 272 273 272 272 272 272 272 271 271 271 270 270 269 269 269 268 268 268 268 268 268 268 268 268 268 268 268 268 268 268 268 268 268 268 268 268 268 269 269 269 269 269 269 269 269 269 269 269 269 270 270 270 270 270 270 270 270 270 270 270 270 270 270 270 270 270 270 270 270 270 270 270 270 270 270 270
271 271 271 271 271 271 271 271 271 272 272 272 272 272 272 272 272 272 272 272 272 272 272 272 271 271 271 270 270 270 269 269 269 269 268 268 268 268 268 268 268 268 268 268 268 268 268 268 268 268 268 268 268 269 269 269 269 269 269 269 269 269 269 269 269 269 270 270 270 270 270 270 270 270 270 270 270 270 270 270 270 270 270 270 270 270 270 270 270 270 270 270 270 270
271 271 271 271 271 271 271 271 271 271 271 271 272 272 272 272 272 272 272 272 272 272 271 271 271 271 271 270 270 270 270 269 269 269 269 269 268 268 268 268 268 268 268 268 268 268 268 268 268 268 268 269 269 269 269 269 269 269 269 269 269 269 269 269 269 270 270 270 270 270 270 270 270 270 270 270 270 270 270 270 270 270 270 270 270 270 270 270 270 270 270 270 270 270
270 271 271 271 271 271 271 271 271 271 271 271 271 271 271 272 272 272 272 272 271 271 271 271 271 271 271 270 270 270 270 269 269 269 269 269 269 269 268 268 268 268 268 268 268 268 268 269 269 269 269 269 269 269 269 269 269 269 269 269 269 269 269 269 270 270 270 270 270 270 270 270 270 270 270 270 270 270 270 270 270 270 270 270 270 270 270 270 270 270 270 270 270 270
270 270 271 271 271 271 271 271 271 271 271 271 271 271 271 271 271 271 271 271 271 271 271 271 271 271 270 270 270 270 270 270 269 269 269 269 269 269 269 269 269 269 269 269 269 269 269 269 269 269 269 269 269 269 269 269 269 269 269 269 269 269 270 270 270 270 270 270 270 270 270 270 270 270 270 270 270 270 270 270 270 270 270 270 270 270 270 270 270 270 270 270 270 270
