data/AilsaCraig_270_1_25m_vel_100m.asc
ncols	257
nrows	257
xllcorner	3364200.000000
yllcorner	3669375.000000
cellsize	25.000000
NODATA_value	-1.000000
[rows 152 to 189 of 257, columns 84 to 167 of 257]
1.50 1.50 1.49 1.49 1.48 1.48 1.48 1.47 1.47 1.47 1.46 1.46 1.46 1.45 1.45 1.44 1.44 1.43 1.43 1.42 1.42 1.42 1.41 1.41 1.42 1.43 1.44 1.47 1.49 1.53 1.56 1.61 1.66 1.74 1.98 2.19 2.18 2.32 2.65 2.75 2.40 2.20 2.16 1.88 1.58 1.41 1.36 1.37 1.40 1.43 1.46 1.49 1.51 1.51 1.55 1.58 1.57 1.56 1.54 1.51 1.50 1.48 1.46 1.46 1.45 1.45 1.45 1.44 1.44 1.45 1.46 1.46 1.46 1.47 1.47 1.47 1.47 1.48 1.48 1.48 1.48 1.49 1.49 1.49
1.50 1.50 1.50 1.49 1.49 1.49 1.48 1.48 1.48 1.47 1.47 1.47 1.46 1.46 1.46 1.45 1.45 1.45 1.45 1.44 1.44 1.44 1.44 1.44 1.45 1.46 1.47 1.49 1.52 1.55 1.59 1.63 1.69 1.75 1.93 2.02 2.01 2.20 2.45 2.56 2.41 2.27 2.17 1.88 1.57 1.46 1.46 1.45 1.46 1.47 1.49 1.52 1.52 1.52 1.55 1.56 1.54 1.54 1.54 1.52 1.51 1.50 1.48 1.47 1.47 1.47 1.46 1.45 1.45 1.46 1.47 1.47 1.47 1.48 1.48 1.48 1.48 1.48 1.48 1.49 1.49 1.49 1.49 1.50
1.50 1.50 1.50 1.50 1.49 1.49 1.49 1.48 1.48 1.48 1.48 1.47 1.47 1.47 1.47 1.46 1.46 1.46 1.46 1.46 1.46 1.46 1.46 1.46 1.47 1.48 1.49 1.51 1.53 1.57 1.60 1.65 1.69 1.76 1.85 1.88 1.96 2.08 2.16 2.30 2.31 2.25 2.15 1.88 1.60 1.50 1.52 1.51 1.50 1.50 1.52 1.54 1.53 1.54 1.55 1.55 1.52 1.52 1.54 1.53 1.51 1.51 1.49 1.47 1.48 1.48 1.47 1.46 1.46 1.47 1.48 1.48 1.48 1.48 1.48 1.48 1.48 1.49 1.49 1.49 1.49 1.49 1.50 1.50
1.51 1.50 1.50 1.50 1.50 1.49 1.49 1.49 1.48 1.48 1.48 1.48 1.48 1.48 1.47 1.47 1.47 1.47 1.47 1.47 1.47 1.47 1.48 1.48 1.49 1.50 1.51 1.53 1.55 1.58 1.61 1.65 1.69 1.75 1.79 1.84 1.91 1.95 2.01 2.09 2.12 2.13 2.06 1.87 1.67 1.56 1.55 1.55 1.52 1.53 1.55 1.55 1.54 1.54 1.55 1.54 1.51 1.52 1.54 1.54 1.52 1.51 1.50 1.48 1.48 1.49 1.48 1.47 1.47 1.48 1.48 1.48 1.48 1.48 1.49 1.49 1.49 1.49 1.49 1.49 1.50 1.50 1.50 1.50
1.51 1.51 1.50 1.50 1.50 1.50 1.49 1.49 1.49 1.49 1.49 1.48 1.48 1.48 1.48 1.48 1.48 1.48 1.48 1.48 1.49 1.49 1.49 1.50 1.50 1.51 1.52 1.54 1.56 1.58 1.61 1.64 1.68 1.72 1.76 1.81 1.85 1.88 1.92 1.94 1.96 1.98 1.93 1.82 1.71 1.62 1.58 1.58 1.55 1.55 1.56 1.56 1.55 1.54 1.55 1.53 1.51 1.53 1.55 1.54 1.52 1.51 1.50 1.49 1.49 1.50 1.49 1.48 1.48 1.49 1.49 1.49 1.49 1.49 1.49 1.49 1.49 1.49 1.49 1.50 1.50 1.50 1.50 1.50
1.51 1.51 1.51 1.50 1.50 1.50 1.50 1.50 1.49 1.49 1.49 1.49 1.49 1.49 1.49 1.49 1.49 1.49 1.49 1.49 1.50 1.50 1.50 1.51 1.52 1.53 1.54 1.55 1.57 1.59 1.61 1.64 1.67 1.70 1.74 1.77 1.80 1.83 1.85 1.86 1.86 1.85 1.83 1.77 1.70 1.65 1.61 1.60 1.59 1.56 1.56 1.57 1.55 1.55 1.54 1.52 1.52 1.54 1.55 1.54 1.52 1.51 1.51 1.50 1.50 1.50 1.49 1.49 1.49 1.49 1.49 1.49 1.49 1.49 1.49 1.49 1.50 1.50 1.50 1.50 1.50 1.50 1.51 1.51
1.51 1.51 1.51 1.51 1.51 1.50 1.50 1.50 1.50 1.50 1.50 1.49 1.49 1.49 1.49 1.49 1.50 1.50 1.50 1.50 1.50 1.51 1.51 1.52 1.53 1.53 1.55 1.56 1.57 1.59 1.61 1.63 1.66 1.68 1.71 1.73 1.76 1.78 1.79 1.80 1.80 1.78 1.76 1.73 1.69 1.65 1.63 1.61 1.60 1.57 1.56 1.57 1.56 1.55 1.53 1.53 1.53 1.55 1.55 1.54 1.52 1.52 1.51 1.51 1.51 1.51 1.50 1.49 1.49 1.50 1.50 1.50 1.50 1.50 1.50 1.50 1.50 1.50 1.50 1.50 1.50 1.51 1.51 1.51
1.52 1.51 1.51 1.51 1.51 1.51 1.51 1.50 1.50 1.50 1.50 1.50 1.50 1.50 1.50 1.50 1.50 1.50 1.51 1.51 1.51 1.52 1.52 1.53 1.53 1.54 1.55 1.56 1.58 1.59 1.61 1.63 1.65 1.67 1.69 1.71 1.72 1.74 1.75 1.75 1.75 1.74 1.72 1.70 1.67 1.64 1.63 1.61 1.60 1.57 1.57 1.57 1.57 1.55 1.53 1.54 1.54 1.55 1.55 1.53 1.53 1.53 1.52 1.51 1.51 1.51 1.50 1.50 1.50 1.50 1.50 1.50 1.50 1.50 1.50 1.50 1.50 1.50 1.50 1.51 1.51 1.51 1.51 1.51
1.52 1.52 1.52 1.51 1.51 1.51 1.51 1.51 1.51 1.51 1.50 1.50 1.50 1.50 1.50 1.51 1.51 1.51 1.51 1.51 1.52 1.52 1.53 1.53 1.54 1.55 1.56 1.57 1.58 1.59 1.60 1.62 1.64 1.65 1.67 1.68 1.70 1.70 1.71 1.72 1.71 1.71 1.69 1.68 1.66 1.64 1.62 1.61 1.59 1.58 1.57 1.57 1.57 1.55 1.54 1.54 1.55 1.55 1.54 1.54 1.53 1.53 1.52 1.52 1.51 1.51 1.51 1.51 1.50 1.50 1.50 1.50 1.50 1.50 1.50 1.50 1.51 1.51 1.51 1.51 1.51 1.51 1.51 1.52
1.52 1.52 1.52 1.52 1.51 1.51 1.51 1.51 1.51 1.51 1.51 1.51 1.51 1.51 1.51 1.51 1.51 1.51 1.52 1.52 1.52 1.53 1.53 1.54 1.54 1.55 1.56 1.57 1.58 1.59 1.60 1.61 1.63 1.64 1.65 1.66 1.67 1.68 1.69 1.69 1.69 1.68 1.67 1.66 1.64 1.63 1.62 1.61 1.59 1.58 1.57 1.58 1.57 1.55 1.55 1.55 1.56 1.55 1.54 1.54 1.53 1.53 1.52 1.52 1.52 1.51 1.51 1.51 1.51 1.51 1.51 1.51 1.51 1.51 1.51 1.51 1.51 1.51 1.51 1.51 1.51 1.51 1.52 1.52
1.52 1.52 1.52 1.52 1.52 1.52 1.51 1.51 1.51 1.51 1.51 1.51 1.51 1.51 1.51 1.51 1.52 1.52 1.52 1.52 1.53 1.53 1.54 1.54 1.55 1.55 1.56 1.57 1.58 1.59 1.60 1.61 1.62 1.63 1.64 1.65 1.65 1.66 1.66 1.66 1.66 1.66 1.65 1.64 1.63 1.62 1.61 1.60 1.59 1.58 1.58 1.57 1.57 1.56 1.55 1.56 1.56 1.55 1.54 1.54 1.53 1.53 1.52 1.52 1.52 1.52 1.51 1.51 1.51 1.51 1.51 1.51 1.51 1.51 1.51 1.51 1.51 1.51 1.51 1.51 1.52 1.52 1.52 1.52
1.52 1.52 1.52 1.52 1.52 1.52 1.52 1.52 1.52 1.52 1.52 1.52 1.51 1.52 1.52 1.52 1.52 1.52 1.52 1.53 1.53 1.53 1.54 1.54 1.55 1.56 1.56 1.57 1.58 1.58 1.59 1.60 1.61 1.62 1.63 1.63 1.64 1.64 1.65 1.65 1.64 1.64 1.64 1.63 1.62 1.61 1.61 1.60 1.59 1.58 1.58 1.57 1.57 1.56 1.56 1.56 1.55 1.55 1.54 1.54 1.54 1.53 1.53 1.52 1.52 1.52 1.52 1.52 1.52 1.51 1.51 1.51 1.51 1.51 1.51 1.51 1.51 1.52 1.52 1.52 1.52 1.52 1.52 1.52
1.53 1.52 1.52 1.52 1.52 1.52 1.52 1.52 1.52 1.52 1.52 1.52 1.52 1.52 1.52 1.52 1.52 1.52 1.53 1.53 1.53 1.54 1.54 1.55 1.55 1.56 1.56 1.57 1.57 1.58 1.59 1.60 1.60 1.61 1.62 1.62 1.63 1.63 1.63 1.63 1.63 1.63 1.62 1.62 1.61 1.61 1.60 1.59 1.59 1.58 1.58 1.57 1.57 1.56 1.56 1.56 1.55 1.55 1.54 1.54 1.54 1.53 1.53 1.53 1.52 1.52 1.52 1.52 1.52 1.52 1.52 1.52 1.52 1.52 1.52 1.52 1.52 1.52 1.52 1.52 1.52 1.52 1.52 1.52
1.53 1.53 1.53 1.52 1.52 1.52 1.52 1.52 1.52 1.52 1.52 1.52 1.52 1.52 1.52 1.52 1.52 1.53 1.53 1.53 1.54 1.54 1.54 1.55 1.55 1.56 1.56 1.57 1.57 1.58 1.59 1.59 1.60 1.60 1.61 1.61 1.62 1.62 1.62 1.62 1.62 1.62 1.61 1.61 1.60 1.60 1.60 1.59 1.59 1.58 1.57 1.57 1.57 1.56 1.56 1.56 1.55 1.55 1.54 1.54 1.54 1.53 1.53 1.53 1.53 1.52 1.52 1.52 1.52 1.52 1.52 1.52 1.52 1.52 1.52 1.52 1.52 1.52 1.52 1.52 1.52 1.52 1.52 1.53
1.53 1.53 1.53 1.53 1.53 1.52 1.52 1.52 1.52 1.52 1.52 1.52 1.52 1.52 1.52 1.53 1.53 1.53 1.53 1.53 1.54 1.54 1.54 1.55 1.55 1.56 1.56 1.57 1.57 1.58 1.58 1.59 1.59 1.60 1.60 1.60 1.61 1.61 1.61 1.61 1.61 1.61 1.61 1.60 1.60 1.60 1.59 1.59 1.58 1.58 1.57 1.57 1.57 1.56 1.56 1.56 1.55 1.55 1.54 1.54 1.54 1.53 1.53 1.53 1.53 1.53 1.53 1.52 1.52 1.52 1.52 1.52 1.52 1.52 1.52 1.52 1.52 1.52 1.52 1.52 1.52 1.53 1.53 1.53
1.53 1.53 1.53 1.53 1.53 1.53 1.53 1.53 1.53 1.53 1.52 1.53 1.53 1.53 1.53 1.53 1.53 1.53 1.53 1.54 1.54 1.54 1.54 1.55 1.55 1.56 1.56 1.57 1.57 1.57 1.58 1.58 1.59 1.59 1.59 1.60 1.60 1.60 1.60 1.60 1.60 1.60 1.60 1.60 1.59 1.59 1.59 1.58 1.58 1.58 1.57 1.57 1.56 1.56 1.56 1.55 1.55 1.55 1.54 1.54 1.54 1.54 1.53 1.53 1.53 1.53 1.53 1.53 1.53 1.52 1.52 1.52 1.52 1.52 1.52 1.52 1.52 1.52 1.53 1.53 1.53 1.53 1.53 1.53
1.53 1.53 1.53 1.53 1.53 1.53 1.53 1.53 1.53 1.53 1.53 1.53 1.53 1.53 1.53 1.53 1.53 1.53 1.54 1.54 1.54 1.54 1.55 1.55 1.55 1.56 1.56 1.56 1.57 1.57 1.57 1.58 1.58 1.59 1.59 1.59 1.59 1.59 1.59 1.59 1.59 1.59 1.59 1.59 1.59 1.59 1.58 1.58 1.58 1.57 1.57 1.57 1.56 1.56 1.56 1.55 1.55 1.55 1.54 1.54 1.54 1.54 1.54 1.53 1.53 1.53 1.53 1.53 1.53 1.53 1.53 1.53 1.53 1.53 1.53 1.53 1.53 1.53 1.53 1.53 1.53 1.53 1.53 1.53
1.53 1.53 1.53 1.53 1.53 1.53 1.53 1.53 1.53 1.53 1.53 1.53 1.53 1.53 1.53 1.53 1.53 1.54 1.54 1.54 1.54 1.54 1.55 1.55 1.55 1.55 1.56 1.56 1.57 1.57 1.57 1.58 1.58 1.58 1.58 1.59 1.59 1.59 1.59 1.59 1.59 1.59 1.59 1.59 1.58 1.58 1.58 1.58 1.57 1.57 1.57 1.57 1.56 1.56 1.56 1.55 1.55 1.55 1.54 1.54 1.54 1.54 1.54 1.53 1.53 1.53 1.53 1.53 1.53 1.53 1.53 1.53 1.53 1.53 1.53 1.53 1.53 1.53 1.53 1.53 1.53 1.53 1.53 1.53
1.53 1.53 1.53 1.53 1.53 1.53 1.53 1.53 1.53 1.53 1.53 1.53 1.53 1.53 1.53 1.53 1.54 1.54 1.54 1.54 1.54 1.54 1.55 1.55 1.55 1.55 1.56 1.56 1.56 1.57 1.57 1.57 1.57 1.58 1.58 1.58 1.58 1.58 1.58 1.58 1.58 1.58 1.58 1.58 1.58 1.58 1.58 1.57 1.57 1.57 1.57 1.56 1.56 1.56 1.55 1.55 1.55 1.55 1.54 1.54 1.54 1.54 1.54 1.54 1.53 1.53 1.53 1.53 1.53 1.53 1.53 1.53 1.53 1.53 1.53 1.53 1.53 1.53 1.53 1.53 1.53 1.53 1.53 1.53
1.53 1.53 1.53 1.53 1.53 1.53 1.53 1.53 1.53 1.53 1.53 1.53 1.53 1.53 1.53 1.54 1.54 1.54 1.54 1.54 1.54 1.54 1.55 1.55 1.55 1.55 1.56 1.56 1.56 1.56 1.57 1.57 1.57 1.57 1.57 1.58 1.58 1.58 1.58 1.58 1.58 1.58 1.58 1.58 1.58 1.57 1.57 1.57 1.57 1.57 1.56 1.56 1.56 1.56 1.55 1.55 1.55 1.55 1.54 1.54 1.54 1.54 1.54 1.54 1.54 1.53 1.53 1.53 1.53 1.53 1.53 1.53 1.53 1.53 1.53 1.53 1.53 1.53 1.53 1.53 1.53 1.53 1.53 1.53
1.54 1.54 1.53 1.53 1.53 1.53 1.53 1.53 1.53 1.53 1.53 1.53 1.53 1.54 1.54 1.54 1.54 1.54 1.54 1.54 1.54 1.55 1.55 1.55 1.55 1.55 1.56 1.56 1.56 1.56 1.56 1.57 1.57 1.57 1.57 1.57 1.57 1.57 1.58 1.58 1.58 1.57 1.57 1.57 1.57 1.57 1.57 1.57 1.57 1.56 1.56 1.56 1.56 1.56 1.55 1.55 1.55 1.55 1.54 1.54 1.54 1.54 1.54 1.54 1.54 1.54 1.53 1.53 1.53 1.53 1.53 1.53 1.53 1.53 1.53 1.53 1.53 1.53 1.53 1.53 1.53 1.53 1.53 1.53
1.54 1.54 1.54 1.54 1.54 1.54 1.53 1.54 1.53 1.54 1.54 1.54 1.54 1.54 1.54 1.54 1.54 1.54 1.54 1.54 1.54 1.55 1.55 1.55 1.55 1.55 1.55 1.56 1.56 1.56 1.56 1.56 1.57 1.57 1.57 1.57 1.57 1.57 1.57 1.57 1.57 1.57 1.57 1.57 1.57 1.57 1.57 1.56 1.56 1.56 1.56 1.56 1.56 1.55 1.55 1.55 1.55 1.55 1.54 1.54 1.54 1.54 1.54 1.54 1.54 1.54 1.54 1.54 1.53 1.53 1.53 1.53 1.53 1.53 1.53 1.53 1.53 1.53 1.53 1.53 1.53 1.53 1.53 1.54
1.54 1.54 1.54 1.54 1.54 1.54 1.54 1.54 1.54 1.54 1.54 1.54 1.54 1.54 1.54 1.54 1.54 1.54 1.54 1.54 1.54 1.55 1.55 1.55 1.55 1.55 1.55 1.55 1.56 1.56 1.56 1.56 1.56 1.56 1.57 1.57 1.57 1.57 1.57 1.57 1.57 1.57 1.57 1.57 1.57 1.57 1.56 1.56 1.56 1.56 1.56 1.56 1.55 1.55 1.55 1.55 1.55 1.55 1.55 1.54 1.54 1.54 1.54 1.54 1.54 1.54 1.54 1.54 1.54 1.54 1.53 1.53 1.53 1.53 1.53 1.53 1.53 1.53 1.53 1.53 1.54 1.54 1.54 1.54
1.54 1.54 1.54 1.54 1.54 1.54 1.54 1.54 1.54 1.54 1.54 1.54 1.54 1.54 1.54 1.54 1.54 1.54 1.54 1.54 1.54 1.55 1.55 1.55 1.55 1.55 1.55 1.55 1.56 1.56 1.56 1.56 1.56 1.56 1.56 1.56 1.57 1.57 1.57 1.57 1.57 1.57 1.57 1.56 1.56 1.56 1.56 1.56 1.56 1.56 1.56 1.56 1.55 1.55 1.55 1.55 1.55 1.55 1.54 1.54 1.54 1.54 1.54 1.54 1.54 1.54 1.54 1.54 1.54 1.54 1.54 1.54 1.54 1.54 1.54 1.54 1.54 1.54 1.54 1.54 1.54 1.54 1.54 1.54
1.54 1.54 1.54 1.54 1.54 1.54 1.54 1.54 1.54 1.54 1.54 1.54 1.54 1.54 1.54 1.54 1.54 1.54 1.54 1.54 1.54 1.55 1.55 1.55 1.55 1.55 1.55 1.55 1.55 1.56 1.56 1.56 1.56 1.56 1.56 1.56 1.56 1.56 1.56 1.56 1.56 1.56 1.56 1.56 1.56 1.56 1.56 1.56 1.56 1.56 1.56 1.55 1.55 1.55 1.55 1.55 1.55 1.55 1.54 1.54 1.54 1.54 1.54 1.54 1.54 1.54 1.54 1.54 1.54 1.54 1.54 1.54 1.54 1.54 1.54 1.54 1.54 1.54 1.54 1.54 1.54 1.54 1.54 1.54
1.54 1.54 1.54 1.54 1.54 1.54 1.54 1.54 1.54 1.54 1.54 1.54 1.54 1.54 1.54 1.54 1.54 1.54 1.54 1.54 1.54 1.55 1.55 1.55 1.55 1.55 1.55 1.55 1.55 1.55 1.56 1.56 1.56 1.56 1.56 1.56 1.56 1.56 1.56 1.56 1.56 1.56 1.56 1.56 1.56 1.56 1.56 1.56 1.56 1.56 1.55 1.55 1.55 1.55 1.55 1.55 1.55 1.55 1.55 1.54 1.54 1.54 1.54 1.54 1.54 1.54 1.54 1.54 1.54 1.54 1.54 1.54 1.54 1.54 1.54 1.54 1.54 1.54 1.54 1.54 1.54 1.54 1.54 1.54
1.54 1.54 1.54 1.54 1.54 1.54 1.54 1.54 1.54 1.54 1.54 1.54 1.54 1.54 1.54 1.54 1.54 1.54 1.54 1.54 1.54 1.55 1.55 1.55 1.55 1.55 1.55 1.55 1.55 1.55 1.55 1.56 1.56 1.56 1.56 1.56 1.56 1.56 1.56 1.56 1.56 1.56 1.56 1.56 1.56 1.56 1.56 1.56 1.56 1.55 1.55 1.55 1.55 1.55 1.55 1.55 1.55 1.55 1.54 1.54 1.54 1.54 1.54 1.54 1.54 1.54 1.54 1.54 1.54 1.54 1.54 1.54 1.54 1.54 1.54 1.54 1.54 1.54 1.54 1.54 1.54 1.54 1.54 1.54
1.54 1.54 1.54 1.54 1.54 1.54 1.54 1.54 1.54 1.54 1.54 1.54 1.54 1.54 1.54 1.54 1.54 1.54 1.54 1.54 1.54 1.55 1.55 1.55 1.55 1.55 1.55 1.55 1.55 1.55 1.55 1.55 1.56 1.56 1.56 1.56 1.56 1.56 1.56 1.56 1.56 1.56 1.56 1.56 1.56 1.56 1.56 1.55 1.55 1.55 1.55 1.55 1.55 1.55 1.55 1.55 1.55 1.55 1.55 1.54 1.54 1.54 1.54 1.54 1.54 1.54 1.54 1.54 1.54 1.54 1.54 1.54 1.54 1.54 1.54 1.54 1.54 1.54 1.54 1.54 1.54 1.54 1.54 1.54
1.54 1.54 1.54 1.54 1.54 1.54 1.54 1.54 1.54 1.54 1.54 1.54 1.54 1.54 1.54 1.54 1.54 1.54 1.54 1.54 1.54 1.55 1.55 1.55 1.55 1.55 1.55 1.55 1.55 1.55 1.55 1.55 1.55 1.55 1.55 1.56 1.56 1.56 1.56 1.56 1.56 1.56 1.56 1.56 1.55 1.55 1.55 1.55 1.55 1.55 1.55 1.55 1.55 1.55 1.55 1.55 1.55 1.55 1.55 1.54 1.54 1.54 1.54 1.54 1.54 1.54 1.54 1.54 1.54 1.54 1.54 1.54 1.54 1.54 1.54 1.54 1.54 1.54 1.54 1.54 1.54 1.54 1.54 1.54
1.54 1.54 1.54 1.54 1.54 1.54 1.54 1.54 1.54 1.54 1.54 1.54 1.54 1.54 1.54 1.54 1.54 1.54 1.54 1.54 1.55 1.55 1.55 1.55 1.55 1.55 1.55 1.55 1.55 1.55 1.55 1.55 1.55 1.55 1.55 1.55 1.55 1.55 1.55 1.55 1.55 1.55 1.55 1.55 1.55 1.55 1.55 1.55 1.55 1.55 1.55 1.55 1.55 1.55 1.55 1.55 1.55 1.55 1.54 1.54 1.54 1.54 1.54 1.54 1.54 1.54 1.54 1.54 1.54 1.54 1.54 1.54 1.54 1.54 1.54 1.54 1.54 1.54 1.54 1.54 1.54 1.54 1.54 1.54
1.54 1.54 1.54 1.54 1.54 1.54 1.54 1.54 1.54 1.54 1.54 1.54 1.54 1.54 1.54 1.54 1.54 1.54 1.54 1.54 1.55 1.55 1.55 1.55 1.55 1.55 1.55 1.55 1.55 1.55 1.55 1.55 1.55 1.55 1.55 1.55 1.55 1.55 1.55 1.55 1.55 1.55 1.55 1.55 1.55 1.55 1.55 1.55 1.55 1.55 1.55 1.55 1.55 1.55 1.55 1.55 1.55 1.55 1.54 1.54 1.54 1.54 1.54 1.54 1.54 1.54 1.54 1.54 1.54 1.54 1.54 1.54 1.54 1.54 1.54 1.54 1.54 1.54 1.54 1.54 1.54 1.54 1.54 1.54
1.54 1.54 1.54 1.54 1.54 1.54 1.54 1.54 1.54 1.54 1.54 1.54 1.54 1.54 1.54 1.54 1.54 1.54 1.54 1.54 1.54 1.55 1.55 1.55 1.55 1.55 1.55 1.55 1.55 1.55 1.55 1.55 1.55 1.55 1.55 1.55 1.55 1.55 1.55 1.55 1.55 1.55 1.55 1.55 1.55 1.55 1.55 1.55 1.55 1.55 1.55 1.55 1.55 1.55 1.55 1.55 1.55 1.55 1.54 1.54 1.54 1.54 1.54 1.54 1.54 1.54 1.54 1.54 1.54 1.54 1.54 1.54 1.54 1.54 1.54 1.54 1.54 1.54 1.54 1.54 1.54 1.54 1.54 1.54
1.54 1.54 1.54 1.54 1.54 1.54 1.54 1.54 1.54 1.54 1.54 1.54 1.54 1.54 1.54 1.54 1.54 1.54 1.54 1.54 1.54 1.55 1.55 1.55 1.55 1.55 1.55 1.55 1.55 1.55 1.55 1.55 1.55 1.55 1.55 1.55 1.55 1.55 1.55 1.55 1.55 1.55 1.55 1.55 1.55 1.55 1.55 1.55 1.55 1.55 1.55 1.55 1.55 1.55 1.55 1.55 1.55 1.55 1.54 1.54 1.54 1.54 1.54 1.54 1.54 1.54 1.54 1.54 1.54 1.54 1.54 1.54 1.54 1.54 1.54 1.54 1.54 1.54 1.54 1.54 1.54 1.54 1.54 1.54
1.54 1.54 1.54 1.54 1.54 1.54 1.54 1.54 1.54 1.54 1.54 1.54 1.54 1.54 1.54 1.54 1.54 1.54 1.54 1.54 1.54 1.55 1.55 1.55 1.55 1.55 1.55 1.55 1.55 1.55 1.55 1.55 1.55 1.55 1.55 1.55 1.55 1.55 1.55 1.55 1.55 1.55 1.55 1.55 1.55 1.55 1.55 1.55 1.55 1.55 1.55 1.55 1.55 1.55 1.55 1.55 1.55 1.55 1.54 1.54 1.54 1.54 1.54 1.54 1.54 1.54 1.54 1.54 1.54 1.54 1.54 1.54 1.54 1.54 1.54 1.54 1.54 1.54 1.54 1.54 1.54 1.54 1.54 1.54
1.54 1.54 1.54 1.54 1.54 1.54 1.54 1.54 1.54 1.54 1.54 1.54 1.54 1.54 1.54 1.54 1.54 1.54 1.54 1.54 1.54 1.55 1.55 1.55 1.55 1.55 1.55 1.55 1.55 1.55 1.55 1.55 1.55 1.55 1.55 1.55 1.55 1.55 1.55 1.55 1.55 1.55 1.55 1.55 1.55 1.55 1.55 1.55 1.55 1.55 1.55 1.55 1.55 1.55 1.55 1.55 1.55 1.55 1.54 1.54 1.54 1.54 1.54 1.54 1.54 1.54 1.54 1.54 1.54 1.54 1.54 1.54 1.54 1.54 1.54 1.54 1.54 1.54 1.54 1.54 1.54 1.54 1.54 1.54
1.54 1.54 1.54 1.54 1.54 1.54 1.54 1.54 1.54 1.54 1.54 1.54 1.54 1.54 1.54 1.54 1.54 1.54 1.54 1.54 1.54 1.55 1.55 1.55 1.55 1.55 1.55 1.55 1.55 1.55 1.55 1.55 1.55 1.55 1.55 1.55 1.55 1.55 1.55 1.55 1.55 1.55 1.55 1.55 1.55 1.55 1.55 1.55 1.55 1.55 1.55 1.55 1.55 1.55 1.55 1.55 1.55 1.55 1.54 1.54 1.54 1.54 1.54 1.54 1.54 1.54 1.54 1.54 1.54 1.54 1.54 1.54 1.54 1.54 1.54 1.54 1.54 1.54 1.54 1.54 1.54 1.54 1.54 1.54
1.54 1.54 1.54 1.54 1.54 1.54 1.54 1.54 1.54 1.54 1.54 1.54 1.54 1.54 1.54 1.54 1.54 1.54 1.54 1.54 1.54 1.54 1.55 1.55 1.55 1.55 1.55 1.55 1.55 1.55 1.55 1.55 1.55 1.55 1.55 1.55 1.55 1.55 1.55 1.55 1.55 1.55 1.55 1.55 1.55 1.55 1.55 1.55 1.55 1.55 1.55 1.55 1.55 1.55 1.55 1.55 1.55 1.54 1.54 1.54 1.54 1.54 1.54 1.54 1.54 1.54 1.54 1.54 1.54 1.54 1.54 1.54 1.54 1.54 1.54 1.54 1.54 1.54 1.54 1.54 1.54 1.54 1.54 1.54
1.54 1.54 1.54 1.54 1.54 1.54 1.54 1.54 1.54 1.54 1.54 1.54 1.54 1.54 1.54 1.54 1.54 1.54 1.54 1.54 1.54 1.55 1.55 1.55 1.55 1.55 1.55 1.55 1.55 1.55 1.55 1.55 1.55 1.55 1.55 1.55 1.55 1.55 1.55 1.55 1.55 1.55 1.55 1.55 1.55 1.55 1.55 1.55 1.55 1.55 1.55 1.55 1.55 1.55 1.55 1.55 1.55 1.54 1.54 1.54 1.54 1.54 1.54 1.54 1.54 1.54 1.54 1.54 1.54 1.54 1.54 1.54 1.54 1.54 1.54 1.54 1.54 1.54 1.54 1.54 1.54 1.54 1.54 1.54
