data/AilsaCraig_135_1_25m_ang.asc
ncols	257
nrows	257
xllcorner	3364200.000000
yllcorner	3669375.000000
cellsize	25.000000
NODATA_value	-1.000000
[rows 84 to 125 of 257, columns 94 to 187 of 257]
135 135 135 135 135 135 135 135 135 135 135 135 135 135 135 135 135 135 135 135 135 135 135 135 135 134 134 134 134 134 134 134 134 134 134 134 134 134 134 134 134 134 135 135 135 135 135 135 135 135 135 135 135 135 135 135 135 135 135 135 135 135 135 135 135 135 135 135 135 135 135 135 135 135 135 135 135 135 135 135 135 135 135 135 135 135 135 135 135 135 135 135 135 135
135 135 135 135 135 135 135 135 135 135 135 135 135 135 135 135 135 135 135 135 135 135 135 134 134 134 134 134 134 134 134 134 134 134 134 134 134 134 134 134 134 134 134 134 135 135 135 135 135 135 135 135 135 135 135 135 135 135 135 135 135 135 135 135 135 135 135 135 135 135 135 135 135 135 135 135 135 135 135 135 135 135 135 135 135 135 135 135 135 135 135 135 135 135
135 135 135 135 135 135 135 135 135 135 135 135 135 135 135 135 135 135 135 135 135 134 134 134 134 134 134 134 134 134 134 134 134 134 134 134 134 134 134 134 134 134 134 134 134 134 135 135 135 135 135 135 135 135 135 135 135 135 135 135 135 135 135 135 135 135 135 135 135 135 135 135 135 135 135 135 135 135 135 135 135 135 135 135 135 135 135 135 135 135 135 135 135 135
135 135 135 135 135 135 135 135 135 135 135 135 135 135 135 135 135 135 135 135 134 134 134 134 134 134 134 134 134 134 134 134 134 134 134 134 134 134 134 134 134 134 134 134 134 134 134 135 135 135 135 135 135 135 135 135 135 135 135 135 135 135 135 135 135 135 135 135 135 135 135 135 135 135 135 135 135 135 135 135 135 135 135 135 135 135 135 135 135 135 135 135 135 135
135 135 135 135 135 135 135 135 135 135 135 135 135 135 135 135 135 135 135 134 134 134 134 134 134 134 134 134 134 134 134 134 134 134 134 134 134 134 134 134 134 134 134 134 134 134 134 134 135 135 135 135 135 135 135 135 135 135 135 135 135 135 135 135 135 135 135 135 135 135 135 135 135 135 135 135 135 135 135 135 135 135 135 135 135 135 135 135 135 135 135 135 135 135
135 135 135 135 135 135 135 135 135 135 135 135 135 135 135 135 135 135 134 134 134 134 134 134 134 134 134 134 134 134 134 134 134 134 134 134 134 134 134 134 134 134 134 134 134 134 134 134 134 135 135 135 135 135 135 135 135 135 135 135 135 135 135 135 135 135 135 135 135 135 135 135 135 135 135 135 135 135 135 135 135 135 135 135 135 135 135 135 135 135 135 135 135 135
135 135 135 135 135 135 135 135 135 135 135 135 135 135 135 135 135 134 134 134 134 134 134 134 134 134 134 134 133 133 133 133 133 133 133 133 133 133 134 134 134 134 134 134 134 134 134 134 134 134 135 135 135 135 135 135 135 135 135 135 135 135 135 135 135 135 135 135 135 135 135 135 135 135 135 135 135 135 135 135 135 135 135 135 135 135 135 135 135 135 135 135 135 135
135 135 135 135 135 135 135 135 135 135 135 135 135 135 135 135 134 134 134 134 134 134 134 134 134 134 133 133 133 133 133 133 133 133 133 133 133 133 133 133 133 134 134 134 134 134 134 134 134 134 134 135 135 135 135 135 135 135 135 135 135 135 135 135 135 135 135 135 135 135 135 135 135 135 135 135 135 135 135 135 135 135 135 135 135 135 135 135 135 135 135 135 135 135
135 135 135 135 135 135 135 135 135 135 135 135 135 135 135 135 134 134 134 134 134 134 134 134 133 133 133 133 133 133 133 133 133 133 133 133 133 133 133 133 133 133 133 134 134 134 134 134 134 134 134 135 135 135 135 135 135 135 135 135 135 135 135 135 135 135 135 135 135 135 135 135 135 135 135 135 135 135 135 135 135 135 135 135 135 135 135 135 135 135 135 135 135 135
135 135 135 135 135 135 135 135 135 135 135 135 135 135 135 134 134 134 134 134 134 134 134 133 133 133 133 133 133 132 132 132 132 132 132 132 132 133 133 133 133 133 133 133 134 134 134 134 134 134 134 134 135 135 135 135 135 135 135 135 135 135 135 135 135 135 135 135 135 135 135 135 135 135 135 135 135 135 135 135 135 135 135 135 135 135 135 135 135 135 135 135 135 135
135 135 135 135 135 135 135 135 135 135 135 135 135 135 135 134 134 134 134 134 134 134 133 133 133 133 132 132 132 132 132 132 132 132 132 132 132 132 132 132 133 133 133 133 133 134 134 134 134 134 134 134 135 135 135 135 135 135 135 135 135 135 135 135 135 135 135 135 135 135 135 135 135 135 135 135 135 135 135 135 135 135 135 135 135 135 135 135 135 135 135 135 135 135
135 135 135 135 135 135 135 135 135 135 135 135 135 135 135 134 134 134 134 134 133 133 133 133 133 132 132 132 132 132 131 131 131 131 131 131 132 132 132 132 132 133 133 133 133 133 134 134 134 134 134 134 135 135 135 135 135 135 135 135 135 135 135 135 135 135 135 135 135 135 135 135 135 135 135 135 135 135 135 135 135 135 135 135 135 135 135 135 135 135 135 135 135 135
135 135 135 135 135 135 135 135 135 135 135 135 135 135 134 134 134 134 134 134 133 133 133 133 132 132 132 132 131 131 131 131 131 131 131 131 131 131 131 132 132 132 133 133 133 133 134 134 134 134 134 134 135 135 135 135 135 135 135 135 135 135 135 135 135 135 135 135 135 135 135 135 135 135 135 135 135 135 135 135 135 135 135 135 135 135 135 135 135 135 135 135 135 135
135 135 135 135 135 135 135 135 135 135 135 135 135 135 134 134 134 134 134 133 133 133 132 132 132 131 131 131 131 130 130 130 130 130 130 130 130 131 131 131 132 132 132 133 133 133 133 134 134 134 134 134 135 135 135 135 135 135 135 135 135 135 135 135 135 135 135 135 135 135 135 135 135 135 135 135 135 135 135 135 135 135 135 135 135 135 135 135 135 135 135 135 135 135
135 135 135 135 135 135 135 135 135 135 135 135 135 135 134 134 134 134 134 133 133 133 132 132 132 131 131 130 130 130 129 129 129 129 129 129 130 130 130 131 131 132 132 132 133 133 133 134 134 134 134 134 135 135 135 135 135 135 135 135 135 135 135 135 135 135 135 135 135 135 135 135 135 135 135 135 135 135 135 135 135 135 135 135 135 135 135 135 135 135 135 135 135 135
135 135 135 135 135 135 135 135 135 135 135 135 135 135 134 134 134 134 134 133 133 133 132 132 131 131 130 130 129 129 128 128 128 128 128 128 129 129 130 130 131 131 132 132 133 133 133 134 134 134 134 134 135 135 135 135 135 135 135 135 135 135 135 135 135 135 135 135 135 135 135 135 135 135 135 135 135 135 135 135 135 135 135 135 135 135 135 135 135 135 135 135 135 135
135 135 135 135 135 135 135 135 135 135 135 135 135 135 135 134 134 134 134 133 133 132 132 131 131 130 129 128 128 127 127 126 126 126 126 127 127 128 129 129 130 131 131 132 132 133 133 134 134 134 134 134 135 135 135 135 135 135 135 135 135 135 135 135 135 135 135 135 135 135 135 135 135 135 135 135 135 135 135 135 135 135 135 135 135 135 135 135 135 135 135 135 135 135
135 135 135 135 135 135 135 135 135 135 135 135 135 135 135 134 134 134 134 133 133 132 132 131 131 130 129 128 127 126 125 125 124 124 125 125 126 127 128 128 129 130 131 132 132 133 133 133 134 134 134 134 135 135 135 135 135 135 135 135 135 135 135 135 135 135 135 135 135 135 135 135 135 135 135 135 135 135 135 135 135 135 135 135 135 135 135 135 135 135 135 135 135 135
135 135 135 135 135 135 135 135 135 135 135 135 135 135 135 134 134 134 133 133 133 132 132 131 130 128 127 126 124 123 122 121 121 121 122 123 124 125 126 127 129 130 131 131 132 133 133 134 134 134 134 135 135 135 135 135 135 135 135 135 135 135 135 135 135 135 135 135 135 135 135 135 135 135 135 135 135 135 135 135 135 135 135 135 135 135 135 135 135 135 135 135 135 135
135 135 135 135 135 135 135 135 135 135 135 135 135 135 135 135 134 134 133 133 133 132 131 130 129 127 125 124 122 120 119 117 117 118 118 119 121 123 125 126 128 129 130 131 132 133 133 134 134 134 134 135 135 135 135 135 135 135 135 135 135 135 135 135 135 135 135 135 135 135 135 135 135 135 135 135 135 135 135 135 135 135 135 135 135 135 135 135 135 135 135 135 135 135
135 135 135 135 135 135 135 135 135 135 135 135 135 135 135 135 134 134 134 133 133 132 131 130 128 127 124 122 120 118 116 113 112 113 114 115 118 120 123 125 127 129 130 131 132 133 133 134 134 134 135 135 135 135 135 135 135 135 136 136 136 136 136 136 135 135 135 135 135 135 135 135 135 135 135 135 135 135 135 135 135 135 135 135 135 135 135 135 135 135 135 135 135 135
135 135 135 135 135 135 135 136 135 135 135 135 135 135 135 135 135 134 134 133 133 132 131 129 128 126 123 119 115 112 109 107 105 106 107 110 113 116 120 124 127 129 130 131 132 133 133 134 134 134 135 135 135 135 135 136 136 136 136 136 136 136 136 136 136 136 135 135 135 135 135 135 135 135 135 135 135 135 135 135 135 135 135 135 135 135 135 135 135 135 135 135 135 135
135 135 135 135 136 136 136 136 136 136 136 136 136 135 135 135 135 135 134 134 133 132 131 129 128 125 122 117 109 102 96 95 96 98 99 101 105 111 118 124 127 129 131 132 132 133 133 134 134 135 135 135 135 136 136 136 136 136 136 136 136 136 136 136 136 136 136 136 135 135 135 135 135 135 135 135 135 135 135 135 135 135 135 135 135 135 135 135 135 135 135 135 135 135
135 135 136 136 136 136 136 136 136 136 136 136 136 136 136 135 135 135 134 134 133 132 131 130 127 124 120 113 103 88 76 80 88 91 92 94 99 108 117 124 128 130 131 132 133 133 134 134 135 135 135 135 136 136 136 136 136 136 136 136 136 136 136 136 136 136 136 136 136 135 135 135 135 135 135 135 135 135 135 135 135 135 135 135 135 135 135 135 135 135 135 135 135 135
136 136 136 136 136 136 136 136 136 136 136 136 136 136 136 136 136 135 135 134 134 133 132 130 128 123 118 108 92 69 59 74 89 93 98 101 109 116 123 129 130 131 132 132 133 133 134 134 135 135 136 136 136 136 136 136 136 136 136 136 136 136 136 136 136 136 136 136 136 136 135 135 135 135 135 135 135 135 135 135 135 135 135 135 135 135 135 135 135 135 135 135 135 135
136 136 136 136 136 136 136 136 136 136 136 136 136 136 136 136 136 136 136 135 135 134 132 131 129 123 115 101 75 60 61 79 96 111 116 115 119 127 136 143 137 133 133 133 133 133 134 135 135 136 136 136 136 136 137 137 137 137 136 136 136 136 136 136 136 136 136 136 136 136 136 135 135 135 135 135 135 135 135 135 135 135 135 135 135 135 135 135 135 135 135 135 135 135
136 136 136 136 136 136 136 136 136 136 137 136 136 136 136 137 137 137 137 136 135 134 134 133 130 125 113 92 68 74 77 85 101 118 126 123 124 133 145 153 142 134 132 132 133 134 135 135 136 136 136 137 137 137 137 137 137 137 137 137 137 136 136 136 136 136 136 136 136 136 136 136 135 135 135 135 135 135 135 135 135 135 135 135 135 135 135 135 135 135 135 135 135 135
136 136 136 136 136 136 136 137 137 137 137 137 137 137 137 137 137 138 138 138 137 136 136 136 132 127 118 98 93 94 89 91 108 126 134 128 130 140 153 154 142 131 129 132 134 134 135 136 136 137 137 137 137 137 137 137 137 137 137 137 137 137 137 136 136 136 136 136 136 136 136 136 136 135 135 135 135 135 135 135 135 135 135 135 135 135 135 135 135 135 135 135 135 135
136 136 136 136 136 136 137 137 137 137 137 137 137 137 138 138 138 139 139 139 139 138 138 139 139 132 135 139 129 108 102 99 114 133 141 130 133 148 158 149 139 130 128 132 134 136 137 137 137 138 138 138 138 138 138 138 138 138 137 137 137 137 137 137 136 136 136 136 136 136 136 136 136 136 135 135 135 135 135 135 135 135 135 135 135 135 135 135 135 135 135 135 135 135
136 136 136 136 137 137 137 137 137 137 137 137 137 138 139 139 139 140 141 141 141 142 142 144 149 145 147 153 145 122 112 107 117 136 141 129 132 149 150 138 133 126 123 125 131 137 138 138 139 139 139 139 139 139 138 138 138 138 138 138 137 137 137 137 137 137 136 136 136 136 136 136 136 136 136 135 135 135 135 135 135 135 135 135 135 135 135 135 135 135 135 135 135 135
136 136 136 137 137 137 137 137 137 137 137 137 138 139 139 140 140 141 143 143 145 148 151 155 155 154 155 156 142 129 117 110 116 134 135 125 128 136 138 132 129 125 122 123 128 137 141 142 141 140 140 140 140 139 139 139 139 138 138 138 138 137 137 137 137 137 137 136 136 136 136 136 136 136 136 135 135 135 135 135 135 135 135 135 135 135 135 135 135 135 135 135 135 135
136 136 137 137 137 137 137 138 138 138 138 138 139 140 140 141 141 144 145 146 150 154 162 166 157 154 158 160 142 132 117 109 113 127 122 118 121 124 130 130 128 128 126 126 129 137 150 148 143 143 142 141 141 140 140 140 139 139 139 138 138 138 138 137 137 137 137 137 136 136 136 136 136 136 136 136 135 135 135 135 135 135 135 135 135 135 135 135 135 135 135 135 135 135
136 136 137 137 137 137 138 138 138 138 138 139 140 140 141 142 143 146 147 150 156 165 173 169 157 152 159 161 141 133 117 108 110 117 112 114 120 119 124 129 130 130 128 129 129 135 153 150 145 145 143 143 142 141 141 140 140 139 139 139 138 138 138 138 137 137 137 137 136 136 136 136 136 136 136 136 135 135 135 135 135 135 135 135 135 135 135 135 135 135 135 135 135 135
136 137 137 137 137 138 138 138 138 138 139 140 141 141 142 143 145 147 151 156 164 176 176 166 153 151 157 153 139 131 116 106 106 110 110 115 121 119 121 130 131 131 129 129 130 131 142 151 149 146 145 144 143 143 142 141 140 140 139 139 139 138 138 138 138 137 137 137 137 136 136 136 136 136 136 136 136 135 135 135 135 135 135 135 135 135 135 135 135 135 135 135 135 135
137 137 137 137 138 138 138 138 138 139 139 140 141 142 143 145 147 149 154 163 175 181 174 162 151 150 152 146 137 127 114 105 103 109 114 118 121 122 126 131 130 130 131 130 133 132 137 152 150 148 147 146 145 144 143 142 141 140 140 139 139 139 138 138 138 137 137 137 137 136 136 136 136 136 136 136 136 135 135 135 135 135 135 135 135 135 135 135 135 135 135 135 135 135
137 137 137 137 138 138 138 138 139 139 140 141 142 143 144 146 149 152 159 170 181 180 173 162 154 153 149 142 134 124 112 105 105 111 116 120 122 125 129 131 129 133 135 132 136 136 137 150 154 151 149 147 146 145 144 143 142 141 140 140 139 139 139 138 138 138 137 137 137 137 136 136 136 136 136 136 136 135 135 135 135 135 135 135 135 135 135 135 135 135 135 135 135 135
137 137 137 138 138 138 139 139 139 140 141 142 143 144 146 148 151 155 163 176 181 176 170 160 157 155 147 140 132 121 112 108 110 113 118 120 122 125 129 131 131 134 135 133 137 140 140 147 155 151 150 149 148 147 145 144 143 142 141 140 140 139 139 139 138 138 137 137 137 137 136 136 136 136 136 136 136 136 135 135 135 135 135 135 135 135 135 135 135 135 135 135 135 135
137 137 138 138 138 139 139 139 139 140 142 142 143 145 147 149 153 159 167 177 178 173 165 157 155 152 144 138 131 121 115 113 114 117 119 121 123 126 130 131 131 132 134 137 140 143 146 151 155 153 152 151 150 148 147 145 144 143 142 141 140 140 139 139 138 138 138 137 137 137 137 136 136 136 136 136 136 136 135 135 135 135 135 135 135 135 135 135 135 135 135 135 135 135
137 137 138 138 138 139 139 139 140 141 142 143 144 146 149 151 155 162 171 176 174 170 160 152 149 146 140 137 132 123 119 118 118 121 122 123 125 128 131 132 132 133 136 141 145 146 149 154 157 158 158 154 151 150 148 146 144 143 142 141 141 140 139 139 139 138 138 137 137 137 137 136 136 136 136 136 136 136 135 135 135 135 135 135 135 135 135 135 135 135 135 135 135 135
137 138 138 138 139 139 139 140 140 142 143 144 145 147 150 153 157 165 172 173 171 167 157 148 144 141 138 138 134 127 123 122 122 124 125 126 127 130 133 133 134 136 140 144 148 149 151 154 155 158 158 155 152 151 149 147 145 144 143 142 141 140 140 139 139 138 138 138 137 137 137 137 136 136 136 136 136 136 136 135 135 135 135 135 135 135 135 135 135 135 135 135 135 135
137 138 138 139 139 139 140 140 141 142 144 145 146 149 152 155 160 168 172 172 170 165 155 148 145 141 139 140 136 130 127 125 125 127 129 129 130 132 134 135 136 139 143 147 150 152 154 157 158 158 156 155 154 152 150 148 146 145 143 142 141 141 140 139 139 138 138 138 137 137 137 137 136 136 136 136 136 136 136 135 135 135 135 135 135 135 135 135 135 135 135 135 135 135
138 138 138 139 139 140 140 140 142 143 144 146 147 150 153 157 164 171 174 174 171 163 155 150 148 145 141 140 136 130 128 128 128 130 132 132 133 136 138 138 138 141 145 148 150 152 155 158 160 161 161 160 157 154 152 149 147 145 144 143 142 141 140 140 139 139 138 138 137 137 137 137 136 136 136 136 136 136 136 135 135 135 135 135 135 135 135 135 135 135 135 135 135 135
