data/AilsaCraig_135_1_25m_vel_2m.asc
ncols	257
nrows	257
xllcorner	3364200.000000
yllcorner	3669375.000000
cellsize	25.000000
NODATA_value	-1.000000
[rows 152 to 189 of 257, columns 84 to 167 of 257]
1.21 1.21 1.21 1.21 1.21 1.21 1.21 1.21 1.21 1.21 1.21 1.21 1.22 1.22 1.22 1.23 1.23 1.23 1.24 1.25 1.25 1.26 1.27 1.28 1.30 1.31 1.32 1.34 1.35 1.37 1.38 1.40 1.42 1.44 1.54 1.57 1.46 1.43 1.48 1.37 1.07 0.95 0.91 0.73 0.55 0.48 0.52 0.61 0.67 0.71 0.74 0.77 0.80 0.83 0.87 0.90 0.91 0.92 0.93 0.95 0.97 0.99 1.01 1.03 1.05 1.07 1.09 1.10 1.12 1.13 1.13 1.14 1.15 1.15 1.16 1.16 1.17 1.17 1.18 1.18 1.19 1.19 1.19 1.19
1.21 1.21 1.21 1.21 1.21 1.21 1.21 1.21 1.21 1.21 1.21 1.21 1.22 1.22 1.22 1.23 1.23 1.23 1.24 1.24 1.25 1.26 1.27 1.28 1.29 1.30 1.31 1.32 1.33 1.34 1.35 1.37 1.39 1.41 1.49 1.46 1.35 1.37 1.40 1.30 1.11 0.99 0.90 0.72 0.57 0.55 0.62 0.68 0.73 0.77 0.80 0.84 0.87 0.90 0.93 0.95 0.96 0.97 0.98 0.99 1.00 1.02 1.04 1.06 1.07 1.08 1.10 1.11 1.12 1.13 1.14 1.14 1.15 1.15 1.16 1.17 1.17 1.18 1.18 1.18 1.19 1.19 1.19 1.19
1.21 1.21 1.21 1.21 1.21 1.21 1.21 1.21 1.21 1.21 1.21 1.22 1.22 1.22 1.22 1.22 1.23 1.23 1.24 1.24 1.25 1.25 1.26 1.27 1.28 1.29 1.29 1.30 1.31 1.32 1.33 1.34 1.35 1.37 1.39 1.35 1.33 1.32 1.27 1.23 1.13 1.02 0.91 0.75 0.64 0.65 0.71 0.76 0.80 0.83 0.88 0.92 0.94 0.95 0.97 0.99 1.00 1.00 1.01 1.01 1.02 1.04 1.06 1.08 1.09 1.09 1.11 1.12 1.13 1.13 1.14 1.15 1.15 1.16 1.16 1.17 1.17 1.18 1.18 1.18 1.19 1.19 1.19 1.20
1.21 1.21 1.21 1.21 1.21 1.21 1.21 1.21 1.21 1.21 1.21 1.22 1.22 1.22 1.22 1.22 1.23 1.23 1.24 1.24 1.24 1.25 1.26 1.26 1.27 1.28 1.28 1.29 1.30 1.30 1.31 1.31 1.32 1.32 1.31 1.30 1.30 1.26 1.22 1.18 1.11 1.02 0.92 0.81 0.76 0.77 0.81 0.85 0.88 0.91 0.95 0.97 0.97 0.98 1.00 1.02 1.03 1.03 1.03 1.04 1.05 1.07 1.08 1.09 1.09 1.11 1.12 1.13 1.13 1.14 1.14 1.15 1.16 1.16 1.17 1.17 1.18 1.18 1.18 1.19 1.19 1.19 1.19 1.20
1.21 1.21 1.21 1.21 1.21 1.21 1.21 1.21 1.21 1.21 1.21 1.22 1.22 1.22 1.22 1.22 1.23 1.23 1.23 1.24 1.24 1.25 1.25 1.26 1.26 1.27 1.27 1.28 1.28 1.28 1.29 1.29 1.29 1.29 1.28 1.27 1.25 1.22 1.19 1.15 1.09 1.03 0.96 0.89 0.87 0.88 0.90 0.92 0.95 0.97 0.98 0.99 0.99 1.00 1.03 1.05 1.05 1.05 1.05 1.06 1.07 1.08 1.09 1.10 1.11 1.12 1.12 1.13 1.14 1.14 1.15 1.16 1.16 1.16 1.17 1.17 1.18 1.18 1.19 1.19 1.19 1.19 1.20 1.20
1.21 1.21 1.21 1.21 1.21 1.21 1.21 1.21 1.21 1.21 1.21 1.22 1.22 1.22 1.22 1.22 1.23 1.23 1.23 1.23 1.24 1.24 1.25 1.25 1.25 1.26 1.26 1.26 1.27 1.27 1.27 1.27 1.27 1.26 1.25 1.24 1.22 1.20 1.17 1.13 1.10 1.05 1.00 0.97 0.95 0.95 0.96 0.97 0.99 1.00 1.00 1.01 1.02 1.03 1.06 1.07 1.07 1.06 1.07 1.08 1.09 1.10 1.10 1.11 1.11 1.12 1.13 1.14 1.14 1.15 1.15 1.16 1.16 1.17 1.17 1.18 1.18 1.18 1.19 1.19 1.19 1.19 1.20 1.20
1.21 1.21 1.21 1.21 1.21 1.21 1.21 1.21 1.21 1.21 1.21 1.22 1.22 1.22 1.22 1.22 1.22 1.23 1.23 1.23 1.23 1.24 1.24 1.24 1.25 1.25 1.25 1.25 1.26 1.26 1.26 1.26 1.25 1.25 1.24 1.22 1.21 1.19 1.16 1.13 1.10 1.07 1.04 1.02 1.01 1.00 1.00 1.01 1.02 1.02 1.03 1.04 1.04 1.07 1.08 1.08 1.08 1.08 1.09 1.09 1.10 1.11 1.11 1.12 1.12 1.13 1.14 1.14 1.15 1.15 1.16 1.16 1.17 1.17 1.18 1.18 1.18 1.19 1.19 1.19 1.19 1.20 1.20 1.20
1.21 1.21 1.21 1.21 1.21 1.21 1.21 1.21 1.21 1.21 1.21 1.22 1.22 1.22 1.22 1.22 1.22 1.22 1.23 1.23 1.23 1.23 1.24 1.24 1.24 1.24 1.25 1.25 1.25 1.25 1.25 1.24 1.24 1.23 1.22 1.21 1.20 1.18 1.16 1.14 1.12 1.09 1.07 1.06 1.05 1.04 1.04 1.04 1.05 1.05 1.06 1.06 1.07 1.09 1.09 1.09 1.09 1.09 1.10 1.10 1.11 1.11 1.12 1.12 1.13 1.14 1.14 1.15 1.15 1.16 1.16 1.17 1.17 1.17 1.18 1.18 1.19 1.19 1.19 1.19 1.20 1.20 1.20 1.20
1.21 1.21 1.21 1.21 1.21 1.21 1.21 1.21 1.21 1.21 1.21 1.21 1.22 1.22 1.22 1.22 1.22 1.22 1.22 1.23 1.23 1.23 1.23 1.23 1.24 1.24 1.24 1.24 1.24 1.24 1.24 1.23 1.23 1.22 1.22 1.21 1.19 1.18 1.16 1.15 1.13 1.11 1.10 1.09 1.08 1.07 1.07 1.07 1.07 1.08 1.08 1.08 1.09 1.10 1.10 1.10 1.10 1.10 1.11 1.11 1.12 1.12 1.13 1.13 1.14 1.14 1.15 1.15 1.16 1.16 1.17 1.17 1.17 1.18 1.18 1.18 1.19 1.19 1.19 1.19 1.20 1.20 1.20 1.20
1.21 1.21 1.21 1.21 1.21 1.21 1.21 1.21 1.21 1.21 1.21 1.21 1.22 1.22 1.22 1.22 1.22 1.22 1.22 1.22 1.23 1.23 1.23 1.23 1.23 1.23 1.23 1.23 1.23 1.23 1.23 1.23 1.22 1.22 1.21 1.20 1.19 1.18 1.17 1.15 1.14 1.13 1.11 1.11 1.10 1.09 1.09 1.09 1.09 1.09 1.09 1.10 1.10 1.11 1.11 1.11 1.11 1.11 1.12 1.12 1.13 1.13 1.14 1.14 1.14 1.15 1.16 1.16 1.16 1.17 1.17 1.17 1.18 1.18 1.18 1.19 1.19 1.19 1.19 1.20 1.20 1.20 1.20 1.20
1.21 1.21 1.21 1.21 1.21 1.21 1.21 1.21 1.21 1.21 1.21 1.21 1.21 1.22 1.22 1.22 1.22 1.22 1.22 1.22 1.22 1.23 1.23 1.23 1.23 1.23 1.23 1.23 1.23 1.23 1.22 1.22 1.22 1.21 1.21 1.20 1.19 1.18 1.17 1.16 1.15 1.14 1.13 1.12 1.12 1.11 1.11 1.11 1.11 1.11 1.11 1.11 1.12 1.12 1.12 1.12 1.12 1.12 1.13 1.13 1.13 1.14 1.14 1.15 1.15 1.16 1.16 1.16 1.17 1.17 1.17 1.18 1.18 1.18 1.19 1.19 1.19 1.19 1.20 1.20 1.20 1.20 1.20 1.20
1.21 1.21 1.21 1.21 1.21 1.21 1.21 1.21 1.21 1.21 1.21 1.21 1.21 1.21 1.22 1.22 1.22 1.22 1.22 1.22 1.22 1.22 1.22 1.22 1.22 1.22 1.22 1.22 1.22 1.22 1.22 1.22 1.21 1.21 1.20 1.20 1.19 1.18 1.17 1.17 1.16 1.15 1.14 1.14 1.13 1.13 1.12 1.12 1.12 1.12 1.12 1.12 1.13 1.13 1.13 1.13 1.13 1.13 1.13 1.14 1.14 1.15 1.15 1.15 1.16 1.16 1.17 1.17 1.17 1.18 1.18 1.18 1.18 1.19 1.19 1.19 1.19 1.20 1.20 1.20 1.20 1.20 1.20 1.20
1.21 1.21 1.21 1.21 1.21 1.21 1.21 1.21 1.21 1.21 1.21 1.21 1.21 1.21 1.21 1.22 1.22 1.22 1.22 1.22 1.22 1.22 1.22 1.22 1.22 1.22 1.22 1.22 1.22 1.22 1.22 1.21 1.21 1.21 1.20 1.20 1.19 1.18 1.18 1.17 1.16 1.16 1.15 1.15 1.14 1.14 1.14 1.13 1.13 1.13 1.13 1.13 1.13 1.13 1.13 1.14 1.14 1.14 1.14 1.15 1.15 1.15 1.16 1.16 1.16 1.17 1.17 1.17 1.18 1.18 1.18 1.18 1.19 1.19 1.19 1.19 1.19 1.20 1.20 1.20 1.20 1.20 1.20 1.20
1.21 1.21 1.21 1.21 1.21 1.21 1.21 1.21 1.21 1.21 1.21 1.21 1.21 1.21 1.21 1.21 1.22 1.22 1.22 1.22 1.22 1.22 1.22 1.22 1.22 1.22 1.22 1.22 1.22 1.21 1.21 1.21 1.21 1.20 1.20 1.20 1.19 1.18 1.18 1.17 1.17 1.16 1.16 1.15 1.15 1.15 1.14 1.14 1.14 1.14 1.14 1.14 1.14 1.14 1.14 1.14 1.15 1.15 1.15 1.15 1.16 1.16 1.16 1.17 1.17 1.17 1.18 1.18 1.18 1.18 1.18 1.19 1.19 1.19 1.19 1.20 1.20 1.20 1.20 1.20 1.20 1.20 1.20 1.20
1.21 1.21 1.21 1.21 1.21 1.21 1.21 1.21 1.21 1.21 1.21 1.21 1.21 1.21 1.21 1.21 1.21 1.22 1.22 1.22 1.22 1.22 1.22 1.22 1.22 1.22 1.22 1.22 1.21 1.21 1.21 1.21 1.21 1.20 1.20 1.20 1.19 1.19 1.18 1.18 1.17 1.17 1.16 1.16 1.16 1.15 1.15 1.15 1.15 1.15 1.15 1.15 1.15 1.15 1.15 1.15 1.15 1.16 1.16 1.16 1.16 1.17 1.17 1.17 1.17 1.18 1.18 1.18 1.18 1.19 1.19 1.19 1.19 1.19 1.20 1.20 1.20 1.20 1.20 1.20 1.20 1.20 1.20 1.20
1.21 1.21 1.21 1.21 1.21 1.21 1.21 1.21 1.21 1.21 1.21 1.21 1.21 1.21 1.21 1.21 1.21 1.21 1.21 1.21 1.22 1.22 1.22 1.22 1.21 1.21 1.21 1.21 1.21 1.21 1.21 1.21 1.21 1.20 1.20 1.20 1.19 1.19 1.18 1.18 1.18 1.17 1.17 1.17 1.16 1.16 1.16 1.16 1.16 1.16 1.15 1.15 1.16 1.16 1.16 1.16 1.16 1.16 1.16 1.17 1.17 1.17 1.17 1.18 1.18 1.18 1.18 1.18 1.19 1.19 1.19 1.19 1.19 1.20 1.20 1.20 1.20 1.20 1.20 1.20 1.20 1.20 1.20 1.21
1.21 1.21 1.21 1.21 1.21 1.21 1.21 1.21 1.21 1.21 1.21 1.21 1.21 1.21 1.21 1.21 1.21 1.21 1.21 1.21 1.21 1.21 1.21 1.21 1.21 1.21 1.21 1.21 1.21 1.21 1.21 1.21 1.20 1.20 1.20 1.20 1.19 1.19 1.19 1.18 1.18 1.18 1.17 1.17 1.17 1.17 1.17 1.16 1.16 1.16 1.16 1.16 1.16 1.16 1.16 1.16 1.17 1.17 1.17 1.17 1.17 1.18 1.18 1.18 1.18 1.18 1.19 1.19 1.19 1.19 1.19 1.19 1.20 1.20 1.20 1.20 1.20 1.20 1.20 1.20 1.20 1.20 1.21 1.21
1.21 1.21 1.21 1.21 1.21 1.21 1.21 1.21 1.21 1.21 1.21 1.21 1.21 1.21 1.21 1.21 1.21 1.21 1.21 1.21 1.21 1.21 1.21 1.21 1.21 1.21 1.21 1.21 1.21 1.21 1.21 1.21 1.20 1.20 1.20 1.20 1.19 1.19 1.19 1.19 1.18 1.18 1.18 1.18 1.17 1.17 1.17 1.17 1.17 1.17 1.17 1.17 1.17 1.17 1.17 1.17 1.17 1.17 1.17 1.18 1.18 1.18 1.18 1.18 1.19 1.19 1.19 1.19 1.19 1.19 1.19 1.20 1.20 1.20 1.20 1.20 1.20 1.20 1.20 1.20 1.20 1.21 1.21 1.21
1.21 1.21 1.21 1.21 1.21 1.21 1.21 1.21 1.21 1.21 1.21 1.21 1.21 1.21 1.21 1.21 1.21 1.21 1.21 1.21 1.21 1.21 1.21 1.21 1.21 1.21 1.21 1.21 1.21 1.21 1.21 1.21 1.20 1.20 1.20 1.20 1.20 1.19 1.19 1.19 1.19 1.18 1.18 1.18 1.18 1.18 1.18 1.17 1.17 1.17 1.17 1.17 1.17 1.17 1.17 1.18 1.18 1.18 1.18 1.18 1.18 1.18 1.19 1.19 1.19 1.19 1.19 1.19 1.19 1.20 1.20 1.20 1.20 1.20 1.20 1.20 1.20 1.20 1.20 1.20 1.21 1.21 1.21 1.21
1.21 1.21 1.21 1.21 1.21 1.21 1.21 1.21 1.21 1.21 1.21 1.21 1.21 1.21 1.21 1.21 1.21 1.21 1.21 1.21 1.21 1.21 1.21 1.21 1.21 1.21 1.21 1.21 1.21 1.21 1.21 1.21 1.20 1.20 1.20 1.20 1.20 1.19 1.19 1.19 1.19 1.19 1.19 1.18 1.18 1.18 1.18 1.18 1.18 1.18 1.18 1.18 1.18 1.18 1.18 1.18 1.18 1.18 1.18 1.18 1.19 1.19 1.19 1.19 1.19 1.19 1.19 1.20 1.20 1.20 1.20 1.20 1.20 1.20 1.20 1.20 1.20 1.20 1.20 1.21 1.21 1.21 1.21 1.21
1.21 1.21 1.21 1.21 1.21 1.21 1.21 1.21 1.21 1.21 1.21 1.21 1.21 1.21 1.21 1.21 1.21 1.21 1.21 1.21 1.21 1.21 1.21 1.21 1.21 1.21 1.21 1.21 1.21 1.21 1.21 1.21 1.20 1.20 1.20 1.20 1.20 1.20 1.19 1.19 1.19 1.19 1.19 1.19 1.19 1.18 1.18 1.18 1.18 1.18 1.18 1.18 1.18 1.18 1.18 1.18 1.19 1.19 1.19 1.19 1.19 1.19 1.19 1.19 1.19 1.19 1.20 1.20 1.20 1.20 1.20 1.20 1.20 1.20 1.20 1.20 1.20 1.20 1.21 1.21 1.21 1.21 1.21 1.21
1.21 1.21 1.21 1.21 1.21 1.21 1.21 1.21 1.21 1.21 1.21 1.21 1.21 1.21 1.21 1.21 1.21 1.21 1.21 1.21 1.21 1.21 1.21 1.21 1.21 1.21 1.21 1.21 1.21 1.21 1.21 1.21 1.20 1.20 1.20 1.20 1.20 1.20 1.20 1.19 1.19 1.19 1.19 1.19 1.19 1.19 1.19 1.19 1.19 1.19 1.19 1.19 1.19 1.19 1.19 1.19 1.19 1.19 1.19 1.19 1.19 1.19 1.19 1.20 1.20 1.20 1.20 1.20 1.20 1.20 1.20 1.20 1.20 1.20 1.20 1.20 1.21 1.21 1.21 1.21 1.21 1.21 1.21 1.21
1.21 1.21 1.21 1.21 1.21 1.21 1.21 1.21 1.21 1.21 1.21 1.21 1.21 1.21 1.21 1.21 1.21 1.21 1.21 1.21 1.21 1.21 1.21 1.21 1.21 1.21 1.21 1.21 1.21 1.21 1.21 1.21 1.20 1.20 1.20 1.20 1.20 1.20 1.20 1.20 1.20 1.19 1.19 1.19 1.19 1.19 1.19 1.19 1.19 1.19 1.19 1.19 1.19 1.19 1.19 1.19 1.19 1.19 1.19 1.19 1.19 1.20 1.20 1.20 1.20 1.20 1.20 1.20 1.20 1.20 1.20 1.20 1.20 1.20 1.20 1.21 1.21 1.21 1.21 1.21 1.21 1.21 1.21 1.21
1.21 1.21 1.21 1.21 1.21 1.21 1.21 1.21 1.21 1.21 1.21 1.21 1.21 1.21 1.21 1.21 1.21 1.21 1.21 1.21 1.21 1.21 1.21 1.21 1.21 1.21 1.21 1.21 1.21 1.21 1.21 1.21 1.20 1.20 1.20 1.20 1.20 1.20 1.20 1.20 1.20 1.20 1.20 1.19 1.19 1.19 1.19 1.19 1.19 1.19 1.19 1.19 1.19 1.19 1.19 1.19 1.19 1.19 1.20 1.20 1.20 1.20 1.20 1.20 1.20 1.20 1.20 1.20 1.20 1.20 1.20 1.20 1.20 1.20 1.21 1.21 1.21 1.21 1.21 1.21 1.21 1.21 1.21 1.21
1.21 1.21 1.21 1.21 1.21 1.21 1.21 1.21 1.21 1.21 1.21 1.21 1.21 1.21 1.21 1.21 1.21 1.21 1.21 1.21 1.21 1.21 1.21 1.21 1.21 1.21 1.21 1.21 1.21 1.21 1.21 1.21 1.21 1.20 1.20 1.20 1.20 1.20 1.20 1.20 1.20 1.20 1.20 1.20 1.20 1.20 1.20 1.19 1.19 1.19 1.19 1.19 1.20 1.20 1.20 1.20 1.20 1.20 1.20 1.20 1.20 1.20 1.20 1.20 1.20 1.20 1.20 1.20 1.20 1.20 1.20 1.20 1.21 1.21 1.21 1.21 1.21 1.21 1.21 1.21 1.21 1.21 1.21 1.21
1.21 1.21 1.21 1.21 1.21 1.21 1.21 1.21 1.21 1.21 1.21 1.21 1.21 1.21 1.21 1.21 1.21 1.21 1.21 1.21 1.21 1.21 1.21 1.21 1.21 1.21 1.21 1.21 1.21 1.21 1.21 1.21 1.21 1.21 1.20 1.20 1.20 1.20 1.20 1.20 1.20 1.20 1.20 1.20 1.20 1.20 1.20 1.20 1.20 1.20 1.20 1.20 1.20 1.20 1.20 1.20 1.20 1.20 1.20 1.20 1.20 1.20 1.20 1.20 1.20 1.20 1.20 1.20 1.20 1.20 1.21 1.21 1.21 1.21 1.21 1.21 1.21 1.21 1.21 1.21 1.21 1.21 1.21 1.21
1.21 1.21 1.21 1.21 1.21 1.21 1.21 1.21 1.21 1.21 1.21 1.21 1.21 1.21 1.21 1.21 1.21 1.21 1.21 1.21 1.21 1.21 1.21 1.21 1.21 1.21 1.21 1.21 1.21 1.21 1.21 1.21 1.21 1.21 1.21 1.20 1.20 1.20 1.20 1.20 1.20 1.20 1.20 1.20 1.20 1.20 1.20 1.20 1.20 1.20 1.20 1.20 1.20 1.20 1.20 1.20 1.20 1.20 1.20 1.20 1.20 1.20 1.20 1.20 1.20 1.20 1.20 1.20 1.20 1.21 1.21 1.21 1.21 1.21 1.21 1.21 1.21 1.21 1.21 1.21 1.21 1.21 1.21 1.21
1.21 1.21 1.21 1.21 1.21 1.21 1.21 1.21 1.21 1.21 1.21 1.21 1.21 1.21 1.21 1.21 1.21 1.21 1.21 1.21 1.21 1.21 1.21 1.21 1.21 1.21 1.21 1.21 1.21 1.21 1.21 1.21 1.21 1.21 1.21 1.21 1.20 1.20 1.20 1.20 1.20 1.20 1.20 1.20 1.20 1.20 1.20 1.20 1.20 1.20 1.20 1.20 1.20 1.20 1.20 1.20 1.20 1.20 1.20 1.20 1.20 1.20 1.20 1.20 1.20 1.20 1.20 1.21 1.21 1.21 1.21 1.21 1.21 1.21 1.21 1.21 1.21 1.21 1.21 1.21 1.21 1.21 1.21 1.21
1.21 1.21 1.21 1.21 1.21 1.21 1.21 1.21 1.21 1.21 1.21 1.21 1.21 1.21 1.21 1.21 1.21 1.21 1.21 1.21 1.21 1.21 1.21 1.21 1.21 1.21 1.21 1.21 1.21 1.21 1.21 1.21 1.21 1.21 1.21 1.21 1.21 1.20 1.20 1.20 1.20 1.20 1.20 1.20 1.20 1.20 1.20 1.20 1.20 1.20 1.20 1.20 1.20 1.20 1.20 1.20 1.20 1.20 1.20 1.20 1.20 1.20 1.20 1.20 1.21 1.21 1.21 1.21 1.21 1.21 1.21 1.21 1.21 1.21 1.21 1.21 1.21 1.21 1.21 1.21 1.21 1.21 1.21 1.21
1.21 1.21 1.21 1.21 1.21 1.21 1.21 1.21 1.21 1.21 1.21 1.21 1.21 1.21 1.21 1.21 1.21 1.21 1.21 1.21 1.21 1.21 1.21 1.21 1.21 1.21 1.21 1.21 1.21 1.21 1.21 1.21 1.21 1.21 1.21 1.21 1.21 1.21 1.21 1.20 1.20 1.20 1.20 1.20 1.20 1.20 1.20 1.20 1.20 1.20 1.20 1.20 1.20 1.20 1.20 1.20 1.20 1.20 1.20 1.20 1.20 1.20 1.21 1.21 1.21 1.21 1.21 1.21 1.21 1.21 1.21 1.21 1.21 1.21 1.21 1.21 1.21 1.21 1.21 1.21 1.21 1.21 1.21 1.21
1.21 1.21 1.21 1.21 1.21 1.21 1.21 1.21 1.21 1.21 1.21 1.21 1.21 1.21 1.21 1.21 1.21 1.21 1.21 1.21 1.21 1.21 1.21 1.21 1.21 1.21 1.21 1.21 1.21 1.21 1.21 1.21 1.21 1.21 1.21 1.21 1.21 1.21 1.21 1.21 1.21 1.21 1.20 1.20 1.20 1.20 1.20 1.20 1.20 1.20 1.20 1.20 1.20 1.20 1.20 1.20 1.20 1.20 1.21 1.21 1.21 1.21 1.21 1.21 1.21 1.21 1.21 1.21 1.21 1.21 1.21 1.21 1.21 1.21 1.21 1.21 1.21 1.21 1.21 1.21 1.21 1.21 1.21 1.21
1.21 1.21 1.21 1.21 1.21 1.21 1.21 1.21 1.21 1.21 1.21 1.21 1.21 1.21 1.21 1.21 1.21 1.21 1.21 1.21 1.21 1.21 1.21 1.21 1.21 1.21 1.21 1.21 1.21 1.21 1.21 1.21 1.21 1.21 1.21 1.21 1.21 1.21 1.21 1.21 1.21 1.21 1.21 1.21 1.21 1.21 1.20 1.20 1.20 1.20 1.20 1.20 1.21 1.21 1.21 1.21 1.21 1.21 1.21 1.21 1.21 1.21 1.21 1.21 1.21 1.21 1.21 1.21 1.21 1.21 1.21 1.21 1.21 1.21 1.21 1.21 1.21 1.21 1.21 1.21 1.21 1.21 1.21 1.21
1.21 1.21 1.21 1.21 1.21 1.21 1.21 1.21 1.21 1.21 1.21 1.21 1.21 1.21 1.21 1.21 1.21 1.21 1.21 1.21 1.21 1.21 1.21 1.21 1.21 1.21 1.21 1.21 1.21 1.21 1.21 1.21 1.21 1.21 1.21 1.21 1.21 1.21 1.21 1.21 1.21 1.21 1.21 1.21 1.21 1.21 1.21 1.21 1.21 1.21 1.21 1.21 1.21 1.21 1.21 1.21 1.21 1.21 1.21 1.21 1.21 1.21 1.21 1.21 1.21 1.21 1.21 1.21 1.21 1.21 1.21 1.21 1.21 1.21 1.21 1.21 1.21 1.21 1.21 1.21 1.21 1.21 1.21 1.21
1.21 1.21 1.21 1.21 1.21 1.21 1.21 1.21 1.21 1.21 1.21 1.21 1.21 1.21 1.21 1.21 1.21 1.21 1.21 1.21 1.21 1.21 1.21 1.21 1.21 1.21 1.21 1.21 1.21 1.21 1.21 1.21 1.21 1.21 1.21 1.21 1.21 1.21 1.21 1.21 1.21 1.21 1.21 1.21 1.21 1.21 1.21 1.21 1.21 1.21 1.21 1.21 1.21 1.21 1.21 1.21 1.21 1.21 1.21 1.21 1.21 1.21 1.21 1.21 1.21 1.21 1.21 1.21 1.21 1.21 1.21 1.21 1.21 1.21 1.21 1.21 1.21 1.21 1.21 1.21 1.21 1.21 1.21 1.21
1.21 1.21 1.21 1.21 1.21 1.21 1.21 1.21 1.21 1.21 1.21 1.21 1.21 1.21 1.21 1.21 1.21 1.21 1.21 1.21 1.21 1.21 1.21 1.21 1.21 1.21 1.21 1.21 1.21 1.21 1.21 1.21 1.21 1.21 1.21 1.21 1.21 1.21 1.21 1.21 1.21 1.21 1.21 1.21 1.21 1.21 1.21 1.21 1.21 1.21 1.21 1.21 1.21 1.21 1.21 1.21 1.21 1.21 1.21 1.21 1.21 1.21 1.21 1.21 1.21 1.21 1.21 1.21 1.21 1.21 1.21 1.21 1.21 1.21 1.21 1.21 1.21 1.21 1.21 1.21 1.21 1.21 1.21 1.21
1.21 1.21 1.21 1.21 1.21 1.21 1.21 1.21 1.21 1.21 1.21 1.21 1.21 1.21 1.21 1.21 1.21 1.21 1.21 1.21 1.21 1.21 1.21 1.21 1.21 1.21 1.21 1.21 1.21 1.21 1.21 1.21 1.21 1.21 1.21 1.21 1.21 1.21 1.21 1.21 1.21 1.21 1.21 1.21 1.21 1.21 1.21 1.21 1.21 1.21 1.21 1.21 1.21 1.21 1.21 1.21 1.21 1.21 1.21 1.21 1.21 1.21 1.21 1.21 1.21 1.21 1.21 1.21 1.21 1.21 1.21 1.21 1.21 1.21 1.21 1.21 1.21 1.21 1.21 1.21 1.21 1.21 1.21 1.21
1.21 1.21 1.21 1.21 1.21 1.21 1.21 1.21 1.21 1.21 1.21 1.21 1.21 1.21 1.21 1.21 1.21 1.21 1.21 1.21 1.21 1.21 1.21 1.21 1.21 1.21 1.21 1.21 1.21 1.21 1.21 1.21 1.21 1.21 1.21 1.21 1.21 1.21 1.21 1.21 1.21 1.21 1.21 1.21 1.21 1.21 1.21 1.21 1.21 1.21 1.21 1.21 1.21 1.21 1.21 1.21 1.21 1.21 1.21 1.21 1.21 1.21 1.21 1.21 1.21 1.21 1.21 1.21 1.21 1.21 1.21 1.21 1.21 1.21 1.21 1.21 1.21 1.21 1.21 1.21 1.21 1.21 1.21 1.21
1.21 1.21 1.21 1.21 1.21 1.21 1.21 1.21 1.21 1.21 1.21 1.21 1.21 1.21 1.21 1.21 1.21 1.21 1.21 1.21 1.21 1.21 1.21 1.21 1.21 1.21 1.21 1.21 1.21 1.21 1.21 1.21 1.21 1.21 1.21 1.21 1.21 1.21 1.21 1.21 1.21 1.21 1.21 1.21 1.21 1.21 1.21 1.21 1.21 1.21 1.21 1.21 1.21 1.21 1.21 1.21 1.21 1.21 1.21 1.21 1.21 1.21 1.21 1.21 1.21 1.21 1.21 1.21 1.21 1.21 1.21 1.21 1.21 1.21 1.21 1.21 1.21 1.21 1.21 1.21 1.21 1.21 1.21 1.21
