data/AilsaCraig_45_1_25m_ang.asc
ncols	257
nrows	257
xllcorner	3364200.000000
yllcorner	3669375.000000
cellsize	25.000000
NODATA_value	-1.000000
[rows 110 to 164 of 257, columns 96 to 191 of 257]
44 44 44 44 44 44 43 43 43 43 43 43 43 43 43 43 43 42 42 42 42 43 43 43 43 42 41 41 42 54 69 79 76 75 82 87 83 61 62 70 72 66 57 53 50 48 46 45 44 44 44 44 44 43 43 43 43 44 44 44 44 44 44 44 44 44 44 44 44 44 44 45 45 45 45 45 45 45 45 45 45 45 45 45 45 45 45 45 45 45 45 45 45 45 45 45
44 44 44 44 43 43 43 43 43 43 43 42 42 42 42 42 42 42 41 42 42 42 42 42 42 38 33 33 40 52 70 80 68 65 74 80 71 52 54 63 71 70 62 55 50 47 45 44 43 43 43 43 43 43 43 43 43 43 43 43 44 44 44 44 44 44 44 44 44 44 44 44 45 45 45 45 45 45 45 45 45 45 45 45 45 45 45 45 45 45 45 45 45 45 45 45
44 44 44 43 43 43 43 43 43 43 42 42 42 42 42 41 41 41 40 41 41 41 42 43 39 34 30 31 37 51 70 76 59 63 73 73 57 50 51 56 63 68 64 54 47 44 43 42 42 42 42 42 42 42 42 43 43 43 43 43 43 43 44 44 44 44 44 44 44 44 44 44 44 45 45 45 45 45 45 45 45 45 45 45 45 45 45 45 45 45 45 45 45 45 45 45
44 44 43 43 43 43 43 43 43 42 42 42 41 41 41 40 40 40 40 40 40 41 42 43 40 32 28 29 34 55 70 68 54 66 75 68 54 52 53 57 62 65 66 53 41 40 40 40 40 40 40 41 41 41 42 42 42 43 43 43 43 43 43 43 44 44 44 44 44 44 44 44 44 44 45 45 45 45 45 45 45 45 45 45 45 45 45 45 45 45 45 45 45 45 45 45
44 43 43 43 43 43 43 43 42 42 41 41 41 41 40 40 39 39 39 38 38 39 40 43 40 30 26 30 37 63 72 62 56 68 73 64 55 53 54 55 55 57 60 45 25 32 36 37 38 38 39 39 40 41 41 41 42 42 42 43 43 43 43 43 43 44 44 44 44 44 44 44 44 44 45 45 45 45 45 45 45 45 45 45 45 45 45 45 45 45 45 45 45 45 45 45
43 43 43 43 43 43 43 43 42 41 41 41 40 40 39 39 38 38 38 37 36 37 39 42 40 30 29 32 42 67 73 60 61 70 67 62 58 52 52 50 51 55 55 47 7 13 28 32 34 35 37 38 39 39 40 41 41 42 42 42 43 43 43 43 43 43 44 44 44 44 44 44 44 44 44 45 45 45 45 45 45 45 45 45 45 45 45 45 45 45 45 45 45 45 45 45
43 43 43 43 43 43 43 42 41 41 40 40 40 39 38 38 37 36 36 35 37 38 38 40 39 31 30 34 47 67 70 60 63 70 64 58 60 54 50 50 52 54 56 53 359 349 15 25 30 33 34 36 37 38 39 40 41 41 42 42 42 42 43 43 43 43 43 44 44 44 44 44 44 44 44 45 45 45 45 45 45 45 45 45 45 45 45 45 45 45 45 45 45 45 45 45
43 43 43 43 43 43 42 42 41 40 40 40 39 38 37 37 35 35 34 33 35 36 38 39 37 33 33 37 51 64 66 60 63 68 63 56 59 57 50 49 48 51 51 51 22 343 355 14 25 29 31 33 35 37 38 39 40 41 41 42 42 42 42 43 43 43 43 44 44 44 44 44 44 44 44 44 45 45 45 45 45 45 45 45 45 45 45 45 45 45 45 45 45 45 45 45
43 43 43 43 43 42 42 41 40 40 39 39 38 37 36 35 34 33 32 31 34 37 40 40 37 35 36 42 53 62 62 61 62 64 61 56 57 54 50 48 44 45 43 42 35 342 339 2 17 24 29 31 33 35 37 38 39 40 41 41 42 42 42 43 43 43 43 43 44 44 44 44 44 44 44 44 45 45 45 45 45 45 45 45 45 45 45 45 45 45 45 45 45 45 45 45
43 43 43 42 42 42 41 41 40 40 39 38 37 36 35 34 32 30 28 29 32 37 41 41 38 37 39 45 54 59 60 61 62 61 59 58 57 50 47 46 39 41 37 34 33 2 340 351 7 18 26 29 31 34 36 37 39 40 40 41 41 42 42 42 43 43 43 43 44 44 44 44 44 44 44 44 44 45 45 45 45 45 45 45 45 45 45 45 45 45 45 45 45 45 45 45
43 43 42 42 42 42 41 40 40 39 38 37 37 36 34 32 30 27 25 26 28 33 38 38 38 39 41 47 54 58 60 61 60 59 59 59 56 50 48 46 39 38 35 28 28 15 344 341 357 13 21 27 29 32 35 36 38 39 40 40 41 41 42 42 42 43 43 43 43 44 44 44 44 44 44 44 44 45 45 45 45 45 45 45 45 45 45 45 45 45 45 45 45 45 45 45
43 43 42 42 42 41 41 40 40 39 38 37 36 35 33 31 28 24 22 23 25 29 32 35 38 40 42 48 53 57 59 60 58 57 57 57 53 49 47 45 39 33 30 26 27 22 355 341 350 7 18 25 28 30 34 36 37 38 39 40 41 41 42 42 42 43 43 43 43 44 44 44 44 44 44 44 44 45 45 45 45 45 45 45 45 45 45 45 45 45 45 45 45 45 45 45
43 42 42 42 42 41 40 39 39 39 37 36 35 34 32 30 26 21 19 21 24 28 29 33 39 42 43 47 52 55 58 58 56 55 55 54 51 46 44 41 38 33 28 26 26 24 10 350 350 2 13 21 26 29 32 34 36 38 39 40 40 41 41 42 42 42 43 43 43 43 44 44 44 44 44 44 44 44 45 45 45 45 45 45 45 45 45 45 45 45 45 45 45 45 45 45
43 42 42 42 42 41 40 39 39 38 37 36 35 33 31 28 24 21 18 20 25 30 31 33 39 42 43 47 52 54 56 56 54 53 53 51 48 44 41 39 37 33 30 27 23 21 17 358 348 357 8 18 25 28 31 34 36 37 38 39 40 41 41 42 42 42 43 43 43 43 44 44 44 44 44 44 44 44 45 45 45 45 45 45 45 45 45 45 45 45 45 45 45 45 45 45
42 42 42 42 41 40 39 39 38 38 36 35 34 32 30 28 24 22 19 20 26 33 35 35 38 40 41 46 50 52 54 53 51 50 50 48 45 42 41 39 37 34 31 29 24 20 18 10 348 350 5 15 24 28 30 33 35 36 38 39 40 40 41 42 42 42 43 43 43 43 44 44 44 44 44 44 44 44 45 45 45 45 45 45 45 45 45 45 45 45 45 45 45 45 45 45
42 42 42 42 41 40 39 39 38 37 36 35 33 31 29 27 26 24 22 22 27 33 35 36 37 37 39 45 49 51 52 51 48 48 47 44 42 41 41 40 38 35 33 30 26 21 19 17 4 353 2 13 21 27 29 31 34 36 37 38 40 40 41 41 42 42 42 43 43 43 43 44 44 44 44 44 44 44 45 45 45 45 45 45 45 45 45 45 45 45 45 45 45 45 45 45
42 42 42 41 41 39 39 38 38 36 35 34 32 31 27 25 27 27 26 25 27 30 33 35 37 37 39 46 49 50 51 49 47 47 46 43 41 42 42 41 39 37 35 32 27 22 20 20 14 359 360 11 20 26 29 31 33 35 37 38 39 40 41 41 42 42 42 43 43 43 43 44 44 44 44 44 44 44 44 45 45 45 45 45 45 45 45 45 45 45 45 45 45 45 45 45
42 42 42 41 40 39 38 38 37 36 35 33 31 30 27 25 28 30 29 29 30 30 33 36 37 38 42 47 49 51 51 49 48 48 47 44 44 45 44 42 39 38 35 31 26 22 18 18 16 5 360 8 18 24 28 30 32 35 37 38 39 40 41 41 42 42 42 43 43 43 43 44 44 44 44 44 44 44 44 45 45 45 45 45 45 45 45 45 45 45 45 45 45 45 45 45
42 42 42 41 40 39 38 38 37 35 34 33 31 29 26 25 27 29 31 33 32 32 34 38 38 39 45 49 51 52 52 50 51 52 50 47 47 48 47 44 40 37 33 28 23 18 16 16 16 12 3 6 16 23 28 30 32 35 36 38 39 40 41 41 42 42 42 43 43 43 43 44 44 44 44 44 44 44 44 45 45 45 45 45 45 45 45 45 45 45 45 45 45 45 45 45
42 42 41 41 39 38 38 37 36 34 33 32 29 27 24 24 26 28 32 35 34 34 36 40 41 41 46 50 52 53 52 51 52 53 50 48 49 51 50 47 42 36 31 25 21 16 15 15 16 15 9 6 15 22 27 31 32 34 36 38 39 40 40 41 42 42 42 43 43 43 43 44 44 44 44 44 44 44 44 45 45 45 45 45 45 45 45 45 45 45 45 45 45 45 45 45
42 42 41 41 39 38 38 37 36 34 33 31 28 25 22 25 27 28 33 36 36 36 38 40 40 41 45 48 51 51 50 50 52 52 48 48 49 49 49 48 43 36 31 26 21 18 15 16 16 16 14 10 13 21 27 30 32 34 36 38 39 40 40 41 41 42 42 43 43 43 43 44 44 44 44 44 44 44 44 45 45 45 45 45 45 45 45 45 45 45 45 45 45 45 45 45
42 42 41 40 39 38 37 37 35 33 32 30 27 22 21 25 28 29 35 38 37 38 41 41 41 42 46 48 49 49 49 49 50 50 47 46 46 45 46 47 42 37 33 29 25 20 17 16 16 17 18 14 14 21 27 30 33 34 36 38 39 40 40 41 42 42 42 43 43 43 43 44 44 44 44 44 44 44 44 45 45 45 45 45 45 45 45 45 45 45 45 45 45 45 45 45
42 41 41 40 38 37 37 36 34 33 31 29 27 22 19 24 27 31 37 40 40 41 44 45 45 47 49 50 51 50 49 49 50 49 46 43 42 42 44 45 43 39 37 35 30 24 19 17 17 19 20 19 18 21 27 30 33 34 36 37 39 40 40 41 42 42 42 43 43 43 43 44 44 44 44 44 44 44 44 45 45 45 45 45 45 45 45 45 45 45 45 45 45 45 45 45
42 41 41 39 38 37 37 36 33 32 30 27 25 22 20 24 27 31 37 42 43 45 47 49 50 51 53 53 53 52 50 50 50 49 45 41 40 41 43 45 44 41 39 37 33 26 21 19 19 20 21 22 22 23 27 30 33 35 36 37 39 40 40 41 42 42 42 43 43 43 43 44 44 44 44 44 44 44 44 45 45 45 45 45 45 45 45 45 45 45 45 45 45 45 45 45
42 41 41 39 38 37 36 35 33 31 29 26 23 20 20 23 26 31 37 42 45 47 50 52 54 55 55 55 55 54 52 51 51 50 45 42 40 40 43 45 44 41 38 35 30 24 18 16 18 20 22 24 25 25 27 30 33 35 36 37 39 40 40 41 42 42 42 43 43 43 43 44 44 44 44 44 44 44 44 45 45 45 45 45 45 45 45 45 45 45 45 45 45 45 45 45
42 41 40 39 38 37 36 34 32 31 28 25 20 17 21 24 27 31 36 41 45 48 51 54 55 55 56 56 56 55 53 52 52 50 47 45 43 42 43 44 44 41 37 35 30 24 18 15 17 20 22 25 27 28 28 30 33 35 36 37 39 40 41 41 42 42 42 43 43 43 43 44 44 44 44 44 44 44 44 45 45 45 45 45 45 45 45 45 45 45 45 45 45 45 45 45
42 41 40 39 37 37 36 33 32 30 27 24 19 17 22 26 29 32 37 42 45 47 51 53 54 55 55 56 55 54 53 53 52 50 49 48 45 43 43 44 44 41 38 36 32 27 22 18 19 21 22 25 28 29 30 31 32 35 37 38 39 40 41 41 42 42 42 43 43 43 43 44 44 44 44 44 44 44 44 45 45 45 45 45 45 45 45 45 45 45 45 45 45 45 45 45
41 41 40 39 37 37 35 33 31 29 25 22 19 18 22 25 28 31 36 41 44 46 49 51 52 53 53 53 53 52 51 52 51 49 50 49 45 42 43 45 45 42 39 37 34 30 25 21 21 23 23 26 29 30 31 31 33 35 37 38 39 40 41 42 42 42 43 43 43 43 44 44 44 44 44 44 44 44 45 45 45 45 45 45 45 45 45 45 45 45 45 45 45 45 45 45
41 41 40 39 38 36 35 33 31 28 23 19 16 17 19 22 26 30 34 39 42 44 46 48 48 49 49 50 50 49 49 49 48 47 48 47 42 40 42 45 45 43 40 38 35 32 27 22 23 25 25 27 29 30 31 32 34 35 37 39 40 41 41 42 42 42 43 43 43 43 44 44 44 44 44 44 44 44 45 45 45 45 45 45 45 45 45 45 45 45 45 45 45 45 45 45
41 41 40 39 38 36 35 32 30 26 21 16 12 14 15 17 23 27 31 37 39 41 43 44 44 45 45 46 46 46 46 44 42 43 45 43 39 39 41 45 46 43 41 39 36 33 27 23 25 27 26 28 30 31 32 34 36 37 38 39 40 41 41 42 42 43 43 43 43 43 44 44 44 44 44 44 44 44 45 45 45 45 45 45 45 45 45 45 45 45 45 45 45 45 45 45
41 41 40 39 38 36 35 32 29 25 20 12 7 11 13 15 20 23 27 33 36 38 41 42 42 43 44 44 44 44 44 40 39 42 44 42 38 37 41 45 46 44 42 40 38 34 28 24 27 29 28 30 31 33 35 36 37 38 39 40 41 41 42 42 42 43 43 43 43 44 44 44 44 44 44 44 44 44 45 45 45 45 45 45 45 45 45 45 45 45 45 45 45 45 45 45
41 41 40 39 38 37 35 32 29 26 20 8 358 2 10 13 16 20 24 30 34 38 41 42 42 43 44 45 45 45 44 38 38 44 46 44 41 39 42 46 47 45 44 42 39 34 28 26 29 31 31 32 33 35 37 37 38 39 40 40 41 42 42 42 42 43 43 43 43 44 44 44 44 44 44 44 44 45 45 45 45 45 45 45 45 45 45 45 45 45 45 45 45 45 45 45
42 41 40 39 38 37 35 32 29 27 21 9 351 345 359 9 14 20 25 32 37 42 44 44 44 45 47 48 47 47 45 38 38 46 47 47 46 43 46 49 48 47 46 44 40 35 29 29 32 33 34 34 36 37 38 38 39 40 40 41 41 42 42 42 43 43 43 43 44 44 44 44 44 44 44 44 44 45 45 45 45 45 45 45 45 45 45 45 45 45 45 45 45 45 45 45
42 41 41 40 39 37 35 33 31 28 22 12 357 336 334 356 12 21 32 37 43 48 49 48 48 49 50 52 52 51 47 39 40 46 47 49 49 48 50 52 50 50 49 46 42 37 31 32 34 35 36 36 37 38 38 39 40 40 41 41 42 42 42 43 43 43 43 44 44 44 44 44 44 44 44 44 44 45 45 45 45 45 45 45 45 45 45 45 45 45 45 45 45 45 45 45
42 41 41 40 39 38 36 35 32 29 24 17 6 345 325 333 6 27 35 42 47 52 52 52 52 53 55 57 57 54 47 41 44 47 48 49 51 51 54 54 53 52 51 48 45 38 33 34 37 37 38 38 39 39 39 40 41 41 41 42 42 42 43 43 43 43 43 44 44 44 44 44 44 44 44 44 45 45 45 45 45 45 45 45 45 45 45 45 45 45 45 45 45 45 45 45
42 42 41 40 39 38 37 36 34 31 27 22 14 2 336 320 346 37 40 43 49 52 54 54 55 56 58 62 62 56 47 45 48 49 48 49 52 55 58 57 55 54 53 50 47 40 36 37 40 40 40 40 40 40 40 41 41 42 42 42 43 43 43 43 43 43 44 44 44 44 44 44 44 44 44 44 45 45 45 45 45 45 45 45 45 45 45 45 45 45 45 45 45 45 45 45
42 42 41 41 40 39 38 37 35 33 30 27 22 14 359 329 329 25 39 45 50 52 54 56 57 58 60 66 64 53 48 50 53 54 52 53 58 61 62 61 59 57 55 53 49 43 39 41 43 42 41 41 41 41 41 41 42 42 42 43 43 43 43 43 43 44 44 44 44 44 44 44 44 44 44 45 45 45 45 45 45 45 45 45 45 45 45 45 45 45 45 45 45 45 45 45
42 42 42 41 41 40 39 38 37 35 33 31 27 23 15 355 324 335 39 49 54 55 57 58 59 60 63 68 63 48 46 49 55 59 59 64 69 69 68 67 64 60 58 55 52 47 44 43 43 43 42 42 42 42 42 42 42 43 43 43 43 43 43 44 44 44 44 44 44 44 44 44 44 44 44 45 45 45 45 45 45 45 45 45 45 45 45 45 45 45 45 45 45 45 45 45
43 42 42 42 41 41 40 39 38 37 36 34 32 30 26 19 357 295 23 63 61 60 62 62 63 64 67 69 60 47 45 46 48 51 53 64 76 76 76 76 71 65 62 59 55 50 46 45 44 44 43 43 43 43 42 42 43 43 43 43 43 43 44 44 44 44 44 44 44 44 44 44 44 44 45 45 45 45 45 45 45 45 45 45 45 45 45 45 45 45 45 45 45 45 45 45
43 43 42 42 42 41 41 40 40 39 38 37 36 35 34 34 35 44 180 118 74 68 66 67 67 69 71 69 60 52 50 48 45 44 44 54 70 74 75 77 74 70 66 62 58 52 48 46 46 45 44 44 44 43 43 43 43 44 44 44 44 44 44 44 44 44 44 44 44 44 44 44 44 45 45 45 45 45 45 45 45 45 45 45 45 45 45 45 45 45 45 45 45 45 45 45
43 43 43 42 42 42 42 41 41 40 40 39 39 39 40 42 46 55 100 148 125 83 75 72 73 72 72 67 58 56 55 49 46 43 43 51 60 65 68 70 70 68 65 63 58 53 49 47 46 45 45 45 44 44 43 43 44 44 44 44 44 44 44 44 44 44 44 44 44 44 44 44 45 45 45 45 45 45 45 45 45 45 45 45 45 45 45 45 45 45 45 45 45 45 45 45
43 43 43 43 43 42 42 42 42 42 41 41 42 42 43 46 49 57 72 104 131 120 90 81 76 75 73 65 54 56 57 51 46 43 45 51 56 60 61 62 62 62 62 60 57 53 50 48 47 46 45 45 45 44 44 44 44 44 44 44 44 44 44 44 44 44 44 44 44 44 44 45 45 45 45 45 45 45 45 45 45 45 45 45 45 45 45 45 45 45 45 45 45 45 45 45
44 43 43 43 43 43 43 43 43 43 43 43 43 44 45 48 51 57 66 79 100 119 115 93 83 80 78 67 57 58 58 52 48 45 48 52 55 57 58 59 58 58 58 56 55 52 50 48 47 46 46 45 45 45 44 44 44 44 44 44 44 44 44 44 44 44 44 44 44 44 45 45 45 45 45 45 45 45 45 45 45 45 45 45 45 45 45 45 45 45 45 45 45 45 45 45
44 44 44 43 43 43 43 43 43 43 44 44 45 45 47 49 52 56 62 70 82 96 107 104 99 91 82 72 64 63 61 55 50 48 51 52 54 55 56 56 56 55 54 53 52 51 49 48 47 47 46 46 45 45 44 44 44 44 44 44 44 44 44 44 44 44 44 44 44 45 45 45 45 45 45 45 45 45 45 45 45 45 45 45 45 45 45 45 45 45 45 45 45 45 45 45
44 44 44 44 44 44 44 44 44 44 44 45 45 46 47 49 52 55 59 65 71 80 87 94 100 97 91 81 72 67 63 57 52 51 52 52 52 53 53 52 53 52 52 51 51 50 49 48 47 47 46 46 45 45 45 45 45 45 45 44 44 44 44 44 44 44 44 45 45 45 45 45 45 45 45 45 45 45 45 45 45 45 45 45 45 45 45 45 45 45 45 45 45 45 45 45
44 44 44 44 44 44 44 44 44 44 45 45 46 47 48 49 51 54 57 61 65 70 75 80 84 87 87 84 76 69 63 56 52 51 51 51 51 51 50 51 51 51 51 50 50 50 49 48 47 46 46 46 46 45 45 45 45 45 45 45 45 45 45 45 45 45 45 45 45 45 45 45 45 45 45 45 45 45 45 45 45 45 45 45 45 45 45 45 45 45 45 45 45 45 45 45
44 44 44 44 44 44 44 44 45 45 45 46 46 47 48 49 51 53 55 58 61 64 67 70 72 74 75 74 72 68 62 56 52 51 50 49 50 50 50 50 50 50 49 49 49 49 48 47 47 46 46 46 46 45 45 45 45 45 45 45 45 45 45 45 45 45 45 45 45 45 45 45 45 45 45 45 45 45 45 45 45 45 45 45 45 45 45 45 45 45 45 45 45 45 45 45
44 44 44 44 44 44 45 45 45 45 45 46 46 47 48 49 50 52 54 56 58 60 62 64 66 67 66 66 64 62 59 56 53 51 50 50 50 50 50 50 50 49 49 49 49 48 48 47 47 46 46 46 46 45 45 45 45 45 45 45 45 45 45 45 45 45 45 45 45 45 45 45 45 45 45 45 45 45 45 45 45 45 45 45 45 45 45 45 45 45 45 45 45 45 45 45
45 45 45 45 45 45 45 45 45 45 46 46 47 47 48 49 50 51 52 54 55 57 59 60 61 62 62 61 60 59 57 55 53 52 51 50 50 50 50 50 49 49 48 48 48 48 47 47 46 46 46 46 46 45 45 45 45 45 45 45 45 45 45 45 45 45 45 45 45 45 45 45 45 45 45 45 45 45 45 45 45 45 45 45 45 45 45 45 45 45 45 45 45 45 45 45
45 45 45 45 45 45 45 45 45 46 46 46 47 47 48 48 49 50 51 52 54 55 56 57 58 58 58 58 57 56 55 54 53 52 51 50 49 50 50 49 48 48 48 48 48 47 47 47 46 46 46 46 46 45 45 45 45 45 45 45 45 45 45 45 45 45 45 45 45 45 45 45 45 45 45 45 45 45 45 45 45 45 45 45 45 45 45 45 45 45 45 45 45 45 45 45
45 45 45 45 45 45 45 45 45 46 46 46 47 47 48 48 49 50 50 51 52 53 54 55 55 55 56 55 55 54 53 53 52 51 50 50 49 49 49 48 48 48 48 47 47 47 47 47 46 46 46 46 46 45 45 45 45 45 45 45 45 45 45 45 45 45 45 45 45 45 45 45 45 45 45 45 45 45 45 45 45 45 45 45 45 45 45 45 45 45 45 45 45 45 45 45
45 45 45 45 45 45 45 45 45 46 46 46 47 47 47 48 48 49 50 50 51 52 52 53 53 53 54 53 53 53 52 52 51 50 50 49 49 49 48 48 48 47 47 47 47 47 47 46 46 46 46 46 46 45 45 45 45 45 45 45 45 45 45 45 45 45 45 45 45 45 45 45 45 45 45 45 45 45 45 45 45 45 45 45 45 45 45 45 45 45 45 45 45 45 45 45
45 45 45 45 45 45 45 45 46 46 46 46 46 47 47 48 48 49 49 50 50 51 51 51 52 52 52 52 52 51 51 50 50 50 49 49 49 48 48 48 47 47 47 47 47 47 47 46 46 46 46 46 46 46 45 45 45 45 45 45 45 45 45 45 45 45 45 45 45 45 45 45 45 45 45 45 45 45 45 45 45 45 45 45 45 45 45 45 45 45 45 45 45 45 45 45
45 45 45 45 45 45 45 45 46 46 46 46 46 47 47 47 48 48 49 49 49 50 50 50 51 51 51 51 51 50 50 50 49 49 49 49 48 48 48 47 47 47 47 47 47 47 46 46 46 46 46 46 46 45 45 45 45 45 45 45 45 45 45 45 45 45 45 45 45 45 45 45 45 45 45 45 45 45 45 45 45 45 45 45 45 45 45 45 45 45 45 45 45 45 45 45
45 45 45 45 45 45 45 45 46 46 46 46 46 47 47 47 47 48 48 48 49 49 49 50 50 50 50 50 50 50 49 49 49 49 48 48 48 48 47 47 47 47 47 47 47 46 46 46 46 46 46 46 46 46 45 45 45 45 45 45 45 45 45 45 45 45 45 45 45 45 45 45 45 45 45 45 45 45 45 45 45 45 45 45 45 45 45 45 45 45 45 45 45 45 45 45
