data/AilsaCraig_270_1_25m_ang_100m.asc
ncols	257
nrows	257
xllcorner	3364200.000000
yllcorner	3669375.000000
cellsize	25.000000
NODATA_value	-1.000000
[rows 84 to 125 of 257, columns 94 to 187 of 257]
270 269 269 269 269 269 269 269 269 269 269 269 269 269 269 269 269 269 269 269 269 269 269 269 269 269 269 269 270 270 270 270 270 270 270 270 270 270 270 270 270 271 271 271 271 271 271 271 271 271 271 271 271 271 271 271 271 271 271 271 271 271 271 271 271 271 271 271 270 270 270 270 270 270 270 270 270 270 270 270 270 270 270 270 270 270 270 270 270 270 270 270 270 270
269 269 269 269 269 269 269 269 269 269 269 269 269 269 269 269 269 269 269 269 269 269 269 269 269 269 269 269 269 270 270 270 270 270 270 270 270 270 270 270 271 271 271 271 271 271 271 271 271 271 271 271 271 271 271 271 271 271 271 271 271 271 271 271 271 271 271 271 271 270 270 270 270 270 270 270 270 270 270 270 270 270 270 270 270 270 270 270 270 270 270 270 270 270
269 269 269 269 269 269 269 269 269 269 269 269 269 269 269 269 269 269 269 269 269 269 269 269 269 269 269 269 269 269 270 270 270 270 270 270 270 270 270 270 271 271 271 271 271 271 271 271 271 271 271 271 271 271 271 271 271 271 271 271 271 271 271 271 271 271 271 271 271 271 270 270 270 270 270 270 270 270 270 270 270 270 270 270 270 270 270 270 270 270 270 270 270 270
269 269 269 269 269 269 269 269 269 269 269 269 269 269 269 269 269 269 269 269 269 269 269 269 269 269 269 269 269 269 270 270 270 270 270 270 270 270 270 271 271 271 271 271 271 271 271 271 271 271 271 271 271 271 271 271 271 271 271 271 271 271 271 271 271 271 271 271 271 271 271 270 270 270 270 270 270 270 270 270 270 270 270 270 270 270 270 270 270 270 270 270 270 270
269 269 269 269 269 269 269 269 269 269 269 269 269 269 269 269 269 269 269 269 269 269 269 269 269 269 269 269 269 269 269 270 270 270 270 270 270 270 271 271 271 271 271 271 271 271 271 271 271 271 271 271 271 271 271 271 271 271 271 271 271 271 271 271 271 271 271 271 271 271 271 271 270 270 270 270 270 270 270 270 270 270 270 270 270 270 270 270 270 270 270 270 270 270
269 269 269 269 269 269 269 269 269 269 269 269 269 269 269 269 268 268 268 268 269 269 269 269 269 269 269 269 269 269 269 270 270 270 270 270 270 270 271 271 271 271 271 271 271 271 271 271 271 271 271 271 271 271 271 271 271 271 271 271 271 271 271 271 271 271 271 271 271 271 271 271 271 270 270 270 270 270 270 270 270 270 270 270 270 270 270 270 270 270 270 270 270 270
269 269 269 269 269 269 269 269 269 269 269 269 268 268 268 268 268 268 268 268 268 268 268 269 269 269 269 269 269 269 269 269 270 270 270 270 270 270 271 271 271 271 271 271 271 271 271 272 272 272 272 272 272 272 272 271 271 271 271 271 271 271 271 271 271 271 271 271 271 271 271 271 271 271 270 270 270 270 270 270 270 270 270 270 270 270 270 270 270 270 270 270 270 270
269 269 269 269 269 269 269 269 269 269 268 268 268 268 268 268 268 268 268 268 268 268 268 268 268 268 269 269 269 269 269 269 270 270 270 270 270 271 271 271 271 271 271 271 272 272 272 272 272 272 272 272 272 272 272 272 272 272 271 271 271 271 271 271 271 271 271 271 271 271 271 271 271 271 271 270 270 270 270 270 270 270 270 270 270 270 270 270 270 270 270 270 270 270
269 269 269 269 269 269 269 269 268 268 268 268 268 268 268 268 268 268 268 268 268 268 268 268 268 268 268 269 269 269 269 269 270 270 270 270 270 271 271 271 271 271 271 272 272 272 272 272 272 272 272 272 272 272 272 272 272 272 272 272 271 271 271 271 271 271 271 271 271 271 271 271 271 271 271 271 270 270 270 270 270 270 270 270 270 270 270 270 270 270 270 270 270 270
269 269 269 269 269 269 269 268 268 268 268 268 268 268 268 268 268 268 268 268 268 268 268 268 268 268 268 268 269 269 269 269 269 270 270 270 270 271 271 271 271 272 272 272 272 272 272 272 272 272 272 272 272 272 272 272 272 272 272 272 272 272 271 271 271 271 271 271 271 271 271 271 271 271 271 271 271 270 270 270 270 270 270 270 270 270 270 270 270 270 270 270 270 270
269 269 269 269 269 268 268 268 268 268 268 268 268 268 268 268 268 268 267 268 268 268 268 268 268 268 268 268 268 269 269 269 269 270 270 270 271 271 271 271 272 272 272 272 272 272 272 272 272 272 272 272 272 272 272 272 272 272 272 272 272 272 272 271 271 271 271 271 271 271 271 271 271 271 271 271 271 270 270 270 270 270 270 270 270 270 270 270 270 270 270 270 270 270
269 269 269 269 268 268 268 268 268 268 268 268 268 268 267 267 267 267 267 267 267 267 267 267 267 268 268 268 268 268 269 269 269 270 270 270 271 271 271 272 272 272 272 272 272 273 273 273 273 273 273 273 273 272 272 272 272 272 272 272 272 272 272 272 271 271 271 271 271 271 271 271 271 271 271 271 271 271 270 270 270 270 270 270 270 270 270 270 270 270 270 270 270 270
269 269 269 268 268 268 268 268 268 268 268 268 267 267 267 267 267 267 267 267 267 267 267 267 267 267 267 267 268 268 268 269 269 270 270 270 271 271 271 272 272 272 272 273 273 273 273 273 273 273 273 273 273 273 273 273 272 272 272 272 272 272 272 272 272 271 271 271 271 271 271 271 271 271 271 271 271 271 271 270 270 270 270 270 270 270 270 270 270 270 270 270 270 270
269 269 268 268 268 268 268 268 268 268 267 267 267 267 267 267 267 267 267 267 267 267 267 267 267 267 267 267 267 268 268 268 269 269 270 270 271 271 272 272 272 273 273 273 273 273 273 273 273 273 273 273 273 273 273 273 273 273 272 272 272 272 272 272 272 272 271 271 271 271 271 271 271 271 271 271 271 271 271 270 270 270 270 270 270 270 270 270 270 270 270 270 270 270
269 269 268 268 268 268 268 268 268 267 267 267 267 267 267 267 267 267 267 266 266 266 266 266 266 266 266 267 267 267 268 268 269 269 270 271 271 272 272 273 273 273 273 274 274 274 274 274 274 274 273 273 273 273 273 273 273 273 273 272 272 272 272 272 272 272 272 271 271 271 271 271 271 271 271 271 271 271 271 271 270 270 270 270 270 270 270 270 270 270 270 270 270 270
269 268 268 268 268 268 268 268 267 267 267 267 267 267 267 266 266 266 266 266 266 266 265 266 266 265 266 266 266 267 267 268 269 269 270 271 271 272 273 273 274 274 274 274 274 274 274 274 274 274 274 274 274 273 273 273 273 273 273 273 272 272 272 272 272 272 272 272 271 271 271 271 271 271 271 271 271 271 271 271 270 270 270 270 270 270 270 270 270 270 270 270 270 270
268 268 268 268 268 268 268 267 267 267 267 267 267 266 266 266 266 266 266 266 265 265 265 265 265 265 265 265 265 266 267 267 268 269 270 271 272 273 273 274 274 275 275 275 275 275 275 275 275 274 274 274 274 274 274 273 273 273 273 273 273 272 272 272 272 272 272 272 271 271 271 271 271 271 271 271 271 271 271 271 270 270 270 270 270 270 270 270 270 270 270 270 270 270
268 268 268 268 268 268 267 267 267 267 267 267 266 266 266 266 266 266 265 265 264 264 264 264 264 264 264 264 265 265 266 267 268 269 270 271 272 273 274 275 275 275 276 276 276 276 275 275 275 275 275 274 274 274 274 274 273 273 273 273 273 273 272 272 272 272 272 272 272 271 271 271 271 271 271 271 271 271 271 271 271 270 270 270 270 270 270 270 270 270 270 270 270 270
268 268 268 268 268 267 267 267 267 267 266 266 266 266 266 265 265 265 265 264 263 263 263 263 263 263 263 263 263 264 265 266 267 269 270 271 273 274 275 276 276 277 277 277 277 276 276 276 276 275 275 275 275 274 274 274 274 274 273 273 273 273 273 272 272 272 272 272 272 272 271 271 271 271 271 271 271 271 271 271 271 270 270 270 270 270 270 270 270 270 270 270 270 270
268 268 268 268 267 267 267 267 267 266 266 266 266 266 265 265 265 265 264 263 263 262 262 262 261 261 261 261 262 262 264 265 266 268 270 272 273 275 276 277 278 278 278 278 278 278 277 277 276 276 276 275 275 275 275 274 274 274 274 273 273 273 273 273 272 272 272 272 272 272 271 271 271 271 271 271 271 271 271 271 271 270 270 270 270 270 270 270 270 270 270 270 270 270
268 268 268 268 267 267 267 267 267 266 266 266 266 265 265 265 264 263 263 262 262 262 261 260 260 260 260 259 260 260 262 264 266 268 270 272 274 276 277 279 279 280 280 279 279 279 278 278 277 277 276 276 276 275 275 275 274 274 274 274 273 273 273 273 272 272 272 272 272 272 272 271 271 271 271 271 271 271 271 271 271 271 270 270 270 270 270 270 270 270 270 270 270 270
268 268 268 267 267 267 267 267 266 266 266 266 265 265 265 264 263 262 262 262 261 261 260 259 258 258 257 257 257 257 259 262 264 267 270 272 275 278 280 281 282 282 282 281 281 280 279 279 278 278 277 277 276 276 275 275 275 274 274 274 273 273 273 273 273 272 272 272 272 272 272 271 271 271 271 271 271 271 271 271 271 271 270 270 270 270 270 270 270 270 270 270 270 270
268 268 268 267 267 267 267 266 266 266 266 266 265 265 264 263 262 262 261 261 260 259 258 258 256 255 254 253 253 252 254 258 264 267 269 271 275 279 283 285 285 285 284 283 282 281 281 280 279 279 278 277 277 276 276 275 275 275 274 274 274 273 273 273 273 272 272 272 272 272 272 271 271 271 271 271 271 271 271 271 271 271 270 270 270 270 270 270 270 270 270 270 270 270
268 268 267 267 267 267 267 266 266 266 266 265 265 264 263 262 262 261 261 260 259 258 257 256 254 253 251 249 248 245 246 254 264 269 269 270 275 282 288 291 290 288 286 285 284 283 282 281 280 280 279 278 277 277 276 276 275 275 274 274 274 274 273 273 273 273 272 272 272 272 272 272 271 271 271 271 271 271 271 271 271 271 270 270 270 270 270 270 270 270 270 270 270 270
268 268 267 267 267 267 266 266 266 266 266 265 264 263 263 262 261 261 260 259 258 257 256 254 252 250 247 244 242 238 237 249 264 271 273 274 280 287 294 298 296 293 290 287 286 285 284 283 282 281 280 279 278 277 277 276 276 275 275 274 274 274 273 273 273 273 272 272 272 272 272 272 271 271 271 271 271 271 271 271 271 271 270 270 270 270 270 270 270 270 270 270 270 270
268 268 267 267 267 267 266 266 266 266 265 265 264 263 262 261 261 260 259 258 257 255 254 252 249 247 243 238 236 233 232 246 261 275 280 282 287 294 302 306 301 296 294 290 288 286 285 284 283 282 281 280 279 278 277 277 276 275 275 275 274 274 274 273 273 273 272 272 272 272 272 272 271 271 271 271 271 271 271 271 271 271 270 270 270 270 270 270 270 270 270 270 270 270
268 267 267 267 267 267 266 266 266 266 265 264 263 262 262 261 260 259 258 257 255 254 252 249 247 243 239 233 228 227 231 246 264 279 284 284 290 299 308 309 299 294 294 293 291 289 287 286 285 284 282 281 280 279 278 277 276 276 275 275 274 274 274 273 273 273 273 272 272 272 272 272 271 271 271 271 271 271 271 271 271 271 270 270 270 270 270 270 270 270 270 270 270 270
268 267 267 267 267 266 266 266 266 265 265 263 262 262 261 260 259 258 257 255 254 252 249 247 244 240 236 229 222 224 233 248 268 284 287 283 289 301 312 306 294 289 292 296 295 292 290 288 287 285 284 282 281 280 279 278 277 276 275 275 274 274 274 273 273 273 273 272 272 272 272 272 271 271 271 271 271 271 271 271 271 271 270 270 270 270 270 270 270 270 270 270 270 270
268 267 267 267 267 266 266 266 266 265 264 263 262 262 261 260 259 257 256 254 252 250 247 244 241 238 233 227 221 226 234 251 271 285 287 283 288 300 307 298 292 287 288 294 298 298 295 291 289 287 285 284 282 281 279 278 277 276 276 275 275 274 274 273 273 273 273 272 272 272 272 272 271 271 271 271 271 271 271 271 271 271 270 270 270 270 270 270 270 270 270 270 270 270
268 267 267 267 267 266 266 266 266 265 263 263 262 261 260 259 258 257 255 253 250 247 244 240 238 238 234 228 224 229 237 258 272 282 283 281 286 292 291 288 289 287 285 289 297 302 300 295 292 289 287 285 283 282 280 279 278 277 276 275 275 274 274 273 273 273 273 272 272 272 272 272 271 271 271 271 271 271 271 271 271 271 270 270 270 270 270 270 270 270 270 270 270 270
268 267 267 267 267 266 266 266 265 264 263 263 262 261 260 258 257 255 253 251 248 244 240 236 236 237 237 230 229 234 245 265 273 277 276 277 280 280 281 283 286 287 285 288 294 304 306 301 295 291 288 286 284 283 281 280 278 277 276 275 275 274 274 273 273 273 273 272 272 272 272 272 271 271 271 271 271 271 271 271 271 271 270 270 270 270 270 270 270 270 270 270 270 270
268 267 267 267 267 266 266 266 265 264 263 263 262 260 259 258 256 254 252 249 245 241 236 234 235 239 240 233 235 241 253 267 271 271 270 272 274 274 279 282 285 287 287 289 292 302 314 308 299 294 290 288 286 284 282 280 279 277 276 276 275 274 274 273 273 273 273 272 272 272 272 272 271 271 271 271 271 271 271 271 271 271 270 270 270 270 270 270 270 270 270 270 270 270
268 267 267 267 267 266 266 265 265 264 263 263 261 260 259 257 255 253 250 247 242 237 234 234 236 240 241 237 241 248 258 265 267 265 266 270 272 271 277 283 286 288 288 289 291 298 316 314 305 298 293 289 287 285 283 281 279 278 277 276 275 274 274 273 273 273 273 272 272 272 272 272 271 271 271 271 271 271 271 271 271 271 270 270 270 270 270 270 270 270 270 270 270 270
268 267 267 267 267 267 266 265 264 264 263 262 261 260 258 257 254 251 248 244 238 233 232 234 239 241 241 241 247 253 260 262 262 262 265 271 273 271 276 284 286 287 287 289 291 293 307 319 312 302 296 291 288 285 283 281 279 278 277 276 275 274 274 273 273 273 272 272 272 272 272 272 271 271 271 271 271 271 271 271 271 270 270 270 270 270 270 270 270 270 270 270 270 270
268 267 267 267 267 267 266 265 264 264 263 262 261 259 258 256 253 250 247 241 234 230 231 237 242 243 244 246 251 256 259 260 259 261 266 270 273 274 278 282 283 287 289 289 292 293 300 320 318 307 299 293 289 286 283 282 280 278 277 276 275 274 274 273 273 273 272 272 272 272 272 271 271 271 271 271 271 271 271 271 271 270 270 270 270 270 270 270 270 270 270 270 270 270
268 268 267 267 267 267 266 265 265 264 263 262 261 259 258 255 253 249 245 237 230 229 232 238 243 245 247 250 253 256 258 258 259 262 266 270 273 277 280 279 281 288 291 291 294 294 297 314 322 313 301 295 290 286 284 282 280 278 277 276 275 274 274 273 273 273 272 272 272 272 272 271 271 271 271 271 271 271 271 271 271 270 270 270 270 270 270 270 270 270 270 270 270 270
268 268 267 267 267 267 266 265 265 264 263 262 261 259 257 255 252 248 242 234 228 228 231 237 242 245 249 251 253 255 257 258 261 264 266 269 273 277 281 281 282 286 289 292 295 296 297 307 323 316 304 297 291 287 283 282 280 278 277 276 275 274 274 273 273 272 272 272 272 272 271 271 271 271 271 271 271 271 271 271 270 270 270 270 270 270 270 270 270 270 270 270 270 270
268 268 268 267 267 267 266 265 264 264 263 262 261 259 257 255 252 247 240 232 228 228 231 236 239 243 248 251 252 254 257 259 263 265 267 269 273 277 281 282 283 284 287 292 297 299 298 302 316 317 309 299 292 287 283 281 280 278 277 276 275 274 273 273 273 272 272 272 272 271 271 271 271 271 271 271 271 271 271 270 270 270 270 270 270 270 270 270 270 270 270 270 270 270
268 268 268 267 267 267 266 265 265 264 263 262 261 259 257 254 251 246 239 232 229 229 234 238 239 242 246 250 251 254 257 261 264 266 268 270 273 277 280 282 283 285 289 293 297 300 300 299 306 318 314 302 293 287 284 281 279 278 277 275 275 274 273 273 272 272 272 272 272 271 271 271 271 271 271 271 271 271 271 270 270 270 270 270 270 270 270 270 270 270 270 270 270 270
268 268 268 268 267 267 266 265 265 264 263 262 261 259 257 254 250 245 238 233 230 230 236 241 242 242 245 249 251 255 259 261 264 267 269 271 274 277 280 281 283 286 290 293 295 298 299 297 298 311 315 305 294 288 283 280 279 278 276 275 274 274 273 273 272 272 272 271 271 271 271 271 271 271 271 271 271 271 270 270 270 270 270 270 270 270 270 270 270 270 270 270 270 270
268 268 268 268 268 267 266 265 265 264 263 262 261 259 257 254 249 244 240 236 233 232 237 244 245 245 247 249 252 256 260 262 265 268 271 273 275 277 279 281 283 287 289 291 292 294 296 295 293 298 311 307 295 287 283 280 278 277 276 275 274 273 273 272 272 272 271 271 271 271 271 271 271 271 271 271 271 270 270 270 270 270 270 270 270 270 270 270 270 270 270 270 270 270
269 268 268 268 268 267 266 266 265 264 263 262 261 259 257 254 249 243 240 238 237 236 240 244 247 248 251 252 253 258 261 264 267 270 272 274 276 278 278 279 281 285 287 287 288 290 293 293 291 292 300 306 297 287 282 279 277 276 275 275 274 273 272 272 272 271 271 271 271 271 271 271 271 271 271 270 270 270 270 270 270 270 270 270 270 270 270 270 270 270 270 270 270 270
