data/AilsaCraig_90_1_25m_ang_2m.asc
ncols	257
nrows	257
xllcorner	3364200.000000
yllcorner	3669375.000000
cellsize	25.000000
NODATA_value	-1.000000
[rows 110 to 164 of 257, columns 96 to 191 of 257]
89 89 88 88 88 88 87 87 87 87 86 86 85 83 83 82 80 79 78 76 74 71 68 65 60 54 50 48 51 66 84 99 104 104 110 118 127 129 119 114 113 112 110 108 106 104 103 101 100 98 97 97 96 95 94 94 93 93 93 92 92 92 92 91 91 91 91 91 91 91 91 90 90 90 90 90 90 90 90 90 90 90 90 90 90 90 90 90 90 90 90 90 90 90 90 90
89 89 88 88 88 88 87 87 87 86 86 85 84 83 82 81 79 78 76 74 72 69 65 61 56 50 43 44 53 68 88 104 107 103 110 121 130 124 113 109 112 115 114 111 109 107 105 103 101 100 98 97 96 95 95 94 94 93 93 93 92 92 92 92 91 91 91 91 91 91 91 90 90 90 90 90 90 90 90 90 90 90 90 90 90 90 90 90 90 90 90 90 90 90 90 90
89 88 88 88 88 87 87 87 87 86 86 84 83 82 81 80 79 77 75 72 69 66 62 59 54 47 42 46 54 72 91 106 108 103 108 120 125 115 109 106 107 114 117 116 113 109 107 105 103 101 99 98 97 96 95 94 94 93 93 93 92 92 92 92 91 91 91 91 91 91 91 90 90 90 90 90 90 90 90 90 90 90 90 90 90 90 90 90 90 90 90 90 90 90 90 90
89 88 88 88 88 87 87 87 87 86 85 84 83 82 81 79 77 75 73 70 66 62 59 58 55 48 44 49 59 80 93 102 102 101 105 112 108 105 107 105 103 107 116 121 118 113 110 107 104 102 100 99 97 96 95 95 94 94 93 93 92 92 92 92 91 91 91 91 91 91 91 90 90 90 90 90 90 90 90 90 90 90 90 90 90 90 90 90 90 90 90 90 90 90 90 90
89 88 88 88 88 87 87 87 86 86 84 83 83 82 80 78 76 74 71 67 62 58 57 59 59 52 49 56 68 86 93 96 95 96 99 100 100 100 103 104 103 105 112 123 125 120 114 110 106 104 101 100 98 97 96 95 94 94 93 93 92 92 92 92 91 91 91 91 91 91 91 90 90 90 90 90 90 90 90 90 90 90 90 90 90 90 90 90 90 90 90 90 90 90 90 90
88 88 88 88 87 87 87 87 86 85 84 83 82 81 79 77 75 72 68 64 59 56 56 60 62 56 57 64 75 87 91 90 89 92 92 92 98 101 102 105 106 107 110 120 133 128 117 113 109 105 102 100 99 97 96 95 94 94 93 93 92 92 92 92 91 91 91 91 91 91 91 90 90 90 90 90 90 90 90 90 90 90 90 90 90 90 90 90 90 90 90 90 90 90 90 90
88 88 88 88 87 87 87 87 86 85 84 83 82 80 79 76 74 70 65 60 56 55 58 62 63 60 65 72 80 86 88 85 85 90 91 89 96 103 105 106 107 109 110 116 135 133 123 116 110 107 104 101 99 98 96 95 94 94 93 93 93 92 92 92 91 91 91 91 91 91 91 90 90 90 90 90 90 90 90 90 90 90 90 90 90 90 90 90 90 90 90 90 90 90 90 90
88 88 88 88 87 87 87 86 85 84 84 83 82 80 78 75 72 68 62 56 54 57 61 64 64 65 71 77 82 84 83 82 85 90 91 89 94 103 107 106 106 108 110 112 125 137 129 119 113 108 105 102 100 98 96 95 95 94 93 93 93 92 92 92 91 91 91 91 91 91 91 90 90 90 90 90 90 90 90 90 90 90 90 90 90 90 90 90 90 90 90 90 90 90 90 90
88 88 88 88 87 87 87 86 85 84 84 83 81 79 77 74 70 64 57 53 54 60 66 68 68 71 76 80 82 81 80 81 86 90 91 92 96 100 103 107 108 108 110 111 118 138 135 124 116 110 106 103 100 98 97 96 95 94 93 93 92 92 92 92 91 91 91 91 91 91 91 90 90 90 90 90 90 90 90 90 90 90 90 90 90 90 90 90 90 90 90 90 90 90 90 90
88 88 88 88 87 87 87 86 85 84 84 82 81 79 76 73 68 61 54 52 54 61 67 69 71 75 79 80 81 80 80 83 86 89 91 95 98 97 98 105 109 108 111 111 115 132 139 129 118 112 107 104 101 99 97 96 95 94 93 93 92 92 92 92 91 91 91 91 91 91 91 90 90 90 90 90 90 90 90 90 90 90 90 90 90 90 90 90 90 90 90 90 90 90 90 90
88 88 88 88 87 87 87 86 85 84 83 82 80 78 76 72 66 58 52 52 54 60 65 69 74 77 78 78 79 80 82 84 86 88 91 95 97 98 99 102 106 109 111 112 113 124 139 132 121 114 108 104 102 99 97 96 95 94 93 93 92 92 92 92 91 91 91 91 91 91 91 90 90 90 90 90 90 90 90 90 90 90 90 90 90 90 90 90 90 90 90 90 90 90 90 90
88 88 88 88 87 87 87 86 85 84 83 82 80 78 75 71 65 57 52 53 56 61 64 67 73 77 76 77 79 82 84 86 87 88 91 94 97 98 99 100 104 109 112 114 115 119 132 133 126 116 109 105 102 99 97 96 95 94 93 93 92 92 92 91 91 91 91 91 91 91 90 90 90 90 90 90 90 90 90 90 90 90 90 90 90 90 90 90 90 90 90 90 90 90 90 90
88 88 88 88 88 87 87 86 85 84 83 81 80 78 74 70 63 57 54 54 59 63 64 67 72 75 75 77 81 84 86 87 88 88 90 93 96 97 98 101 105 109 112 114 115 115 123 134 130 119 110 105 102 99 97 96 94 94 93 93 92 92 92 91 91 91 91 91 91 91 90 90 90 90 90 90 90 90 90 90 90 90 90 90 90 90 90 90 90 90 90 90 90 90 90 90
88 88 88 88 88 87 87 86 85 84 83 81 80 77 74 69 63 59 56 56 62 66 67 68 72 74 76 79 83 85 87 89 89 90 91 93 94 96 98 102 105 109 110 112 113 112 114 127 130 120 111 105 102 99 97 95 94 94 93 92 92 92 91 91 91 91 91 91 91 91 90 90 90 90 90 90 90 90 90 90 90 90 90 90 90 90 90 90 90 90 90 90 90 90 90 90
89 88 88 88 88 87 87 86 85 84 83 81 79 76 73 68 64 61 59 58 63 68 70 72 73 75 77 81 85 87 88 90 91 91 92 92 93 95 98 101 105 107 108 109 110 110 109 114 126 122 112 105 101 99 97 95 94 93 93 92 92 92 91 91 91 91 91 91 91 90 90 90 90 90 90 90 90 90 90 90 90 90 90 90 90 90 90 90 90 90 90 90 90 90 90 90
89 88 88 88 88 87 87 86 85 84 83 81 79 76 71 66 64 63 61 62 65 69 72 74 76 77 79 83 86 88 90 91 91 92 93 93 92 93 96 99 102 103 104 105 107 108 107 108 117 122 114 105 101 98 97 95 94 93 92 92 92 91 91 91 91 91 91 91 90 90 90 90 90 90 90 90 90 90 90 90 90 90 90 90 90 90 90 90 90 90 90 90 90 90 90 90
89 89 88 88 88 87 87 86 85 84 82 81 78 75 70 65 63 63 64 66 69 71 74 77 79 80 82 85 88 90 92 92 92 93 94 94 92 91 92 95 97 98 100 102 104 104 105 104 107 117 113 105 100 97 96 94 93 92 92 92 91 91 91 91 91 91 91 90 90 90 90 90 90 90 90 90 90 90 90 90 90 90 90 90 90 90 90 90 90 90 90 90 90 90 90 90
89 89 88 88 88 87 87 86 85 84 82 81 78 74 69 64 62 63 66 71 74 76 77 80 82 83 85 88 90 92 93 93 93 94 95 93 91 89 89 89 91 93 96 99 100 101 102 101 100 107 111 105 99 96 95 94 93 92 92 91 91 91 91 91 91 90 90 90 90 90 90 90 90 90 90 90 90 90 90 90 90 90 90 90 90 90 90 90 90 90 90 90 90 90 90 90
89 89 89 88 88 88 87 86 85 84 82 80 78 73 67 63 62 63 68 74 79 80 81 83 85 86 89 91 93 93 93 93 94 95 94 93 91 90 87 84 85 88 92 95 98 99 100 98 97 99 105 103 98 95 94 93 93 92 91 91 91 91 91 90 90 90 90 90 90 90 90 90 90 90 90 90 90 90 90 90 90 90 90 90 90 90 90 90 90 90 90 90 90 90 90 90
89 89 89 89 88 88 87 86 85 84 82 80 77 72 65 62 62 63 69 77 81 83 84 86 88 90 92 93 94 94 93 93 93 94 93 92 91 89 85 82 83 86 89 91 94 97 97 94 93 94 97 100 97 94 93 92 92 91 91 91 91 90 90 90 90 90 90 90 90 90 90 90 90 90 90 90 90 90 90 90 90 90 90 90 90 90 90 90 90 90 90 90 90 90 90 90
89 89 89 89 88 88 87 87 86 84 83 80 77 71 64 62 62 64 72 79 82 86 88 90 92 95 95 95 94 94 93 92 92 91 91 91 90 88 85 84 85 86 87 87 89 92 91 90 89 90 92 95 95 93 91 91 91 91 91 90 90 90 90 90 90 90 90 90 90 90 90 90 90 90 90 90 90 90 90 90 90 90 90 90 90 90 90 90 90 90 90 90 90 90 90 90
89 89 89 89 89 88 87 87 86 85 83 80 77 70 63 62 63 67 74 80 84 88 91 94 97 99 98 97 95 93 92 91 90 89 89 90 89 87 87 87 87 86 85 84 84 85 85 86 86 86 87 89 92 91 90 90 90 90 90 90 90 90 90 90 90 90 90 90 90 90 90 90 90 90 90 90 90 90 90 90 90 90 90 90 90 90 90 90 90 90 90 90 90 90 90 90
90 90 89 89 89 88 88 87 86 85 83 81 77 69 62 62 65 70 76 82 87 90 94 98 100 102 101 99 96 94 92 91 89 88 87 88 88 88 90 90 87 85 82 81 80 79 80 82 83 82 83 84 88 90 90 89 90 90 90 90 90 90 90 90 90 90 90 90 90 90 90 90 90 90 90 90 90 90 90 90 90 90 90 90 90 90 90 90 90 90 90 90 90 90 90 90
90 90 90 89 89 88 88 88 87 86 84 81 76 69 63 64 67 72 78 84 88 92 96 100 103 104 102 100 97 95 92 91 90 88 86 86 88 90 91 89 85 81 79 78 77 77 79 80 79 79 80 81 84 87 89 89 89 89 89 89 89 89 89 90 90 90 90 90 90 90 90 90 90 90 90 90 90 90 90 90 90 90 90 90 90 90 90 90 90 90 90 90 90 90 90 90
90 90 90 90 89 89 89 88 87 86 85 82 76 68 64 67 71 74 79 85 90 94 97 101 104 105 103 101 99 96 94 92 91 89 86 86 88 91 90 86 82 78 77 75 74 74 76 77 76 76 77 79 82 85 88 88 88 89 89 89 89 89 89 89 89 90 90 90 90 90 90 90 90 90 90 90 90 90 90 90 90 90 90 90 90 90 90 90 90 90 90 90 90 90 90 90
90 90 90 90 90 89 89 89 88 87 86 83 77 69 67 70 75 78 82 87 91 95 99 102 104 104 103 101 99 97 96 95 93 90 87 88 89 89 87 83 80 77 75 74 72 70 71 71 72 73 75 77 80 83 86 87 88 88 88 88 89 89 89 89 89 89 89 90 90 90 90 90 90 90 90 90 90 90 90 90 90 90 90 90 90 90 90 90 90 90 90 90 90 90 90 90
90 90 90 90 90 90 90 90 89 89 87 85 79 72 71 76 80 82 85 89 93 97 100 102 104 103 102 101 100 98 97 96 93 91 90 90 89 86 84 82 79 76 75 74 71 69 67 65 66 70 73 76 80 82 84 86 87 87 88 88 88 89 89 89 89 89 89 89 90 90 90 90 90 90 90 90 90 90 90 90 90 90 90 90 90 90 90 90 90 90 90 90 90 90 90 90
91 90 90 90 91 91 91 91 91 90 89 87 82 77 78 83 85 87 89 92 96 99 101 102 102 102 101 100 99 98 97 96 94 92 92 90 87 84 82 81 79 76 74 73 71 69 65 61 64 68 72 76 79 81 83 85 86 87 87 88 88 88 89 89 89 89 89 89 89 90 90 90 90 90 90 90 90 90 90 90 90 90 90 90 90 90 90 90 90 90 90 90 90 90 90 90
91 91 91 91 91 92 92 92 92 92 92 90 87 86 89 90 91 92 94 96 99 101 101 100 100 100 100 99 98 98 97 96 94 93 92 89 85 82 81 81 79 76 74 72 70 68 63 59 62 67 71 76 79 81 82 83 84 85 86 87 88 88 89 89 89 89 89 89 89 90 90 90 90 90 90 90 90 90 90 90 90 90 90 90 90 90 90 90 90 90 90 90 90 90 90 90
91 91 91 91 92 92 92 93 94 94 95 96 96 99 100 100 99 99 99 101 102 101 100 99 98 98 98 97 96 96 97 97 96 94 91 86 82 80 80 80 78 75 73 71 69 66 61 58 62 67 72 76 79 81 81 82 83 85 86 87 88 88 88 89 89 89 89 89 89 89 90 90 90 90 90 90 90 90 90 90 90 90 90 90 90 90 90 90 90 90 90 90 90 90 90 90
91 91 91 92 92 92 93 94 95 96 99 104 112 112 111 110 108 107 106 104 102 101 100 98 97 96 95 94 94 95 96 97 96 94 89 83 78 78 79 79 77 74 72 70 68 64 59 57 62 68 72 76 79 79 80 82 83 85 86 87 87 88 88 89 89 89 89 89 89 89 90 90 90 90 90 90 90 90 90 90 90 90 90 90 90 90 90 90 90 90 90 90 90 90 90 90
91 91 92 92 92 93 94 95 96 98 101 110 122 126 122 119 114 113 111 106 102 100 99 98 96 94 93 93 93 94 95 95 95 93 87 81 77 76 77 78 76 73 71 69 66 62 58 58 64 69 73 76 77 78 80 82 84 85 86 87 87 88 88 88 89 89 89 89 89 89 89 90 90 90 90 90 90 90 90 90 90 90 90 90 90 90 90 90 90 90 90 90 90 90 90 90
91 92 92 92 93 94 94 96 97 100 104 111 122 130 131 124 119 115 111 106 103 100 98 96 95 94 93 92 93 94 92 89 91 90 85 81 77 75 76 77 75 73 71 68 65 61 57 59 66 71 74 75 76 78 80 82 84 85 86 87 87 88 88 88 88 89 89 89 89 89 89 90 90 90 90 90 90 90 90 90 90 90 90 90 90 90 90 90 90 90 90 90 90 90 90 90
91 92 92 93 93 94 95 96 98 101 105 110 118 126 129 131 122 115 110 107 104 101 98 95 94 94 94 93 93 93 89 83 86 86 83 81 78 76 77 77 75 73 71 68 65 61 58 61 67 71 73 74 76 79 81 83 84 85 86 87 87 88 88 88 88 89 89 89 89 89 89 90 90 90 90 90 90 90 90 90 90 90 90 90 90 90 90 90 90 90 90 90 90 90 90 90
92 92 92 93 93 94 95 96 98 101 105 109 115 122 128 128 127 115 109 107 106 102 98 95 95 95 95 94 93 90 84 79 82 82 80 80 78 78 78 77 74 73 71 68 65 61 59 64 69 71 72 74 78 80 82 83 84 85 86 87 87 88 88 88 88 89 89 89 89 89 89 89 90 90 90 90 90 90 90 90 90 90 90 90 90 90 90 90 90 90 90 90 90 90 90 90
92 92 92 93 93 94 95 97 98 101 104 108 113 119 126 132 136 119 111 108 106 102 98 96 95 95 95 95 92 86 78 77 79 80 79 78 79 79 80 77 75 73 71 69 66 62 62 67 70 71 73 76 79 81 82 84 85 86 86 87 87 87 88 88 89 89 89 89 89 89 89 89 90 90 90 90 90 90 90 90 90 90 90 90 90 90 90 90 90 90 90 90 90 90 90 90
92 92 92 93 94 94 95 97 98 100 103 107 111 116 123 135 141 126 115 109 105 102 98 96 95 95 95 95 89 80 74 76 79 80 78 78 80 81 81 79 76 74 72 70 67 64 65 68 71 72 75 78 80 82 83 84 85 86 87 87 87 87 88 88 89 89 89 89 89 89 89 89 90 90 90 90 90 90 90 90 90 90 90 90 90 90 90 90 90 90 90 90 90 90 90 90
92 92 93 93 94 94 95 96 98 100 102 105 109 114 119 128 132 129 121 111 105 101 99 97 96 95 96 94 86 72 69 73 77 79 77 80 83 84 84 82 79 76 73 71 69 67 67 70 72 75 77 80 81 83 84 84 85 86 87 87 87 88 88 88 89 89 89 89 89 89 89 89 90 90 90 90 90 90 90 90 90 90 90 90 90 90 90 90 90 90 90 90 90 90 90 90
92 92 93 93 94 94 95 96 97 99 101 104 107 111 116 120 124 127 126 117 107 102 100 98 97 95 96 93 81 67 65 68 70 72 71 78 84 85 86 86 83 79 76 74 72 70 70 72 75 77 79 81 82 83 84 85 86 86 87 87 87 88 88 88 89 89 89 89 89 89 89 89 90 90 90 90 90 90 90 90 90 90 90 90 90 90 90 90 90 90 90 90 90 90 90 90
92 92 93 93 94 94 95 96 97 99 100 102 105 108 112 115 119 124 127 126 113 104 101 100 98 96 94 88 77 68 67 66 65 64 64 72 80 83 86 87 85 82 80 78 75 73 73 75 77 79 80 82 83 84 85 86 86 86 87 87 88 88 88 88 89 89 89 89 89 89 89 90 90 90 90 90 90 90 90 90 90 90 90 90 90 90 90 90 90 90 90 90 90 90 90 90
92 92 93 93 93 94 95 96 97 98 99 101 103 106 109 112 115 118 123 126 124 112 104 101 99 96 91 83 74 71 70 66 63 61 61 69 77 81 83 84 84 83 82 81 78 76 76 78 79 81 82 83 84 84 85 86 86 87 87 88 88 88 88 88 89 89 89 89 89 89 89 90 90 90 90 90 90 90 90 90 90 90 90 90 90 90 90 90 90 90 90 90 90 90 90 90
92 92 92 93 93 94 94 95 96 97 98 100 102 104 106 108 111 113 117 121 124 122 111 103 99 95 89 80 72 72 71 67 62 60 62 69 76 79 81 82 83 83 83 82 81 79 79 80 81 82 83 83 84 85 86 86 87 87 87 88 88 88 88 89 89 89 89 89 89 89 89 90 90 90 90 90 90 90 90 90 90 90 90 90 90 90 90 90 90 90 90 90 90 90 90 90
92 92 92 93 93 94 94 95 96 97 98 99 100 102 103 105 107 109 112 114 118 121 117 107 100 97 91 81 72 73 72 67 62 62 66 72 76 79 80 82 83 83 84 83 82 82 82 82 83 83 84 84 85 86 86 87 87 87 88 88 88 88 88 89 89 89 89 89 89 89 89 90 90 90 90 90 90 90 90 90 90 90 90 90 90 90 90 90 90 90 90 90 90 90 90 90
92 92 92 93 93 93 94 94 95 96 97 98 99 100 101 103 104 106 108 109 111 114 114 108 104 100 93 84 77 75 72 68 64 66 70 74 77 79 81 82 83 84 84 84 84 83 83 83 84 84 84 85 86 86 86 87 87 88 88 88 88 88 89 89 89 89 89 89 89 89 89 90 90 90 90 90 90 90 90 90 90 90 90 90 90 90 90 90 90 90 90 90 90 90 90 90
92 92 92 92 93 93 94 94 95 95 96 97 98 99 100 101 102 103 104 105 106 107 107 106 105 102 96 89 82 78 74 70 68 70 74 77 79 80 82 83 84 84 84 84 84 84 84 84 85 85 85 86 86 86 87 87 87 88 88 88 88 88 89 89 89 89 89 89 89 89 90 90 90 90 90 90 90 90 90 90 90 90 90 90 90 90 90 90 90 90 90 90 90 90 90 90
92 92 92 92 93 93 93 94 94 95 95 96 97 98 98 99 100 101 102 102 103 103 102 102 101 99 97 92 87 81 77 73 72 75 77 79 80 82 83 84 84 84 85 85 85 85 85 85 85 86 86 86 87 87 87 87 88 88 88 88 88 89 89 89 89 89 89 89 89 89 90 90 90 90 90 90 90 90 90 90 90 90 90 90 90 90 90 90 90 90 90 90 90 90 90 90
91 92 92 92 92 93 93 93 94 94 95 95 96 96 97 98 98 99 99 100 100 100 99 98 97 96 94 92 88 84 80 77 77 78 79 81 82 83 84 84 84 85 85 86 86 86 86 86 86 86 86 87 87 87 87 88 88 88 88 88 88 89 89 89 89 89 89 89 89 90 90 90 90 90 90 90 90 90 90 90 90 90 90 90 90 90 90 90 90 90 90 90 90 90 90 90
91 92 92 92 92 93 93 93 94 94 94 95 95 96 96 96 97 97 98 98 98 98 97 96 95 94 92 90 88 86 83 81 81 81 81 82 83 84 84 85 85 85 86 86 86 86 86 86 86 87 87 87 87 87 88 88 88 88 88 88 89 89 89 89 89 89 89 89 89 90 90 90 90 90 90 90 90 90 90 90 90 90 90 90 90 90 90 90 90 90 90 90 90 90 90 90
91 91 92 92 92 92 93 93 93 93 94 94 94 95 95 95 96 96 96 96 96 96 96 95 94 93 91 90 88 86 85 84 83 83 83 84 84 85 85 85 85 86 86 87 87 87 87 87 87 87 87 87 87 88 88 88 88 88 88 89 89 89 89 89 89 89 89 89 90 90 90 90 90 90 90 90 90 90 90 90 90 90 90 90 90 90 90 90 90 90 90 90 90 90 90 90
91 91 92 92 92 92 92 93 93 93 93 94 94 94 94 95 95 95 95 95 95 94 94 94 93 92 91 90 88 87 86 85 85 85 85 85 85 86 86 86 86 87 87 87 87 87 87 87 87 87 87 88 88 88 88 88 88 88 89 89 89 89 89 89 89 89 89 89 90 90 90 90 90 90 90 90 90 90 90 90 90 90 90 90 90 90 90 90 90 90 90 90 90 90 90 90
91 91 91 92 92 92 92 92 92 93 93 93 93 94 94 94 94 94 94 94 94 94 93 93 92 91 90 90 89 88 87 87 86 86 86 86 86 86 86 86 87 87 87 87 87 87 87 87 87 88 88 88 88 88 88 88 88 89 89 89 89 89 89 89 89 89 89 90 90 90 90 90 90 90 90 90 90 90 90 90 90 90 90 90 90 90 90 90 90 90 90 90 90 90 90 90
91 91 91 91 92 92 92 92 92 92 93 93 93 93 93 93 93 93 94 93 93 93 93 92 92 91 90 90 89 88 88 87 87 87 87 87 87 87 87 87 87 87 87 87 87 87 88 88 88 88 88 88 88 88 88 89 89 89 89 89 89 89 89 89 89 89 90 90 90 90 90 90 90 90 90 90 90 90 90 90 90 90 90 90 90 90 90 90 90 90 90 90 90 90 90 90
91 91 91 91 91 92 92 92 92 92 92 92 93 93 93 93 93 93 93 93 93 92 92 92 91 91 90 90 89 89 88 88 88 87 87 87 87 87 87 87 88 88 88 88 88 88 88 88 88 88 88 88 88 88 89 89 89 89 89 89 89 89 89 89 89 90 90 90 90 90 90 90 90 90 90 90 90 90 90 90 90 90 90 90 90 90 90 90 90 90 90 90 90 90 90 90
91 91 91 91 91 91 92 92 92 92 92 92 92 92 92 92 92 92 92 92 92 92 92 91 91 91 90 90 89 89 89 88 88 88 88 88 88 88 88 88 88 88 88 88 88 88 88 88 88 88 88 88 89 89 89 89 89 89 89 89 89 89 89 89 89 90 90 90 90 90 90 90 90 90 90 90 90 90 90 90 90 90 90 90 90 90 90 90 90 90 90 90 90 90 90 90
91 91 91 91 91 91 91 91 92 92 92 92 92 92 92 92 92 92 92 92 92 92 91 91 91 90 90 90 89 89 89 89 88 88 88 88 88 88 88 88 88 88 88 88 88 88 88 88 88 88 89 89 89 89 89 89 89 89 89 89 89 89 89 89 90 90 90 90 90 90 90 90 90 90 90 90 90 90 90 90 90 90 90 90 90 90 90 90 90 90 90 90 90 90 90 90
