data/AilsaCraig_225_1_25m_ang.asc
ncols	257
nrows	257
xllcorner	3364200.000000
yllcorner	3669375.000000
cellsize	25.000000
NODATA_value	-1.000000
[rows 126 to 167 of 257, columns 94 to 187 of 257]
223 222 222 222 222 221 221 219 219 218 218 216 215 214 212 211 207 205 207 207 206 205 207 210 213 215 217 217 219 226 229 230 231 229 227 227 226 223 221 222 222 221 219 217 215 212 207 202 200 200 194 179 180 191 200 206 209 211 213 215 217 218 219 220 221 221 222 222 222 223 223 223 223 224 224 224 224 224 224 224 224 225 225 225 225 225 225 225 225 225 225 225 225 225
223 222 222 222 222 221 220 219 218 218 217 216 215 213 211 210 207 205 208 210 209 209 210 210 213 216 217 218 222 227 229 231 231 229 228 228 227 224 224 225 224 222 219 218 215 211 206 202 198 198 196 185 180 188 198 204 208 210 212 215 217 218 219 220 221 221 222 222 222 223 223 223 223 224 224 224 224 224 224 224 224 225 225 225 225 225 225 225 225 225 225 225 225 225
223 222 222 222 222 221 220 219 218 218 217 215 214 213 211 209 206 205 207 209 211 213 212 212 214 218 218 219 225 229 231 232 232 230 231 232 230 227 227 228 227 224 220 217 213 208 203 198 196 196 196 192 183 186 196 203 208 210 212 215 216 218 219 220 221 221 222 222 222 223 223 223 223 224 224 224 224 224 224 224 224 225 225 225 225 225 225 225 225 225 225 225 225 225
222 222 222 222 221 221 219 218 218 217 216 214 213 212 209 207 204 204 206 208 212 215 214 214 216 220 221 221 226 230 232 233 232 231 232 233 230 228 229 231 230 227 222 216 211 205 201 196 195 195 196 195 189 186 195 202 207 211 212 214 216 218 219 220 220 221 222 222 222 223 223 223 223 224 224 224 224 224 224 224 224 225 225 225 225 225 225 225 225 225 225 225 225 225
222 222 222 222 221 221 219 218 218 217 216 214 213 211 208 205 202 205 207 208 213 216 216 216 218 220 220 221 225 228 231 231 230 230 232 232 228 228 229 229 229 228 223 216 211 206 201 198 195 196 196 196 194 190 193 201 207 210 212 214 216 218 219 220 220 221 221 222 222 223 223 223 223 224 224 224 224 224 224 224 224 225 225 225 225 225 225 225 225 225 225 225 225 225
222 222 222 222 221 220 219 218 217 217 215 213 212 210 207 202 201 205 208 209 215 218 217 218 221 221 221 222 226 228 229 229 229 229 230 230 227 226 226 225 226 227 222 217 213 209 205 200 197 196 196 197 198 194 194 201 207 210 213 214 216 218 219 220 220 221 222 222 222 223 223 223 223 224 224 224 224 224 224 224 224 225 225 225 225 225 225 225 225 225 225 225 225 225
222 222 222 221 221 220 218 217 217 216 214 213 211 209 207 202 199 204 207 211 217 220 220 221 224 225 225 227 229 230 231 230 229 229 230 229 226 223 222 222 224 225 223 219 217 215 210 204 199 197 197 199 200 199 198 201 207 210 213 214 216 217 219 220 220 221 222 222 222 223 223 223 223 224 224 224 224 224 224 224 224 225 225 225 225 225 225 225 225 225 225 225 225 225
222 222 222 221 221 219 218 217 217 216 213 212 210 207 205 202 200 204 207 211 217 222 223 225 227 229 230 231 233 233 233 232 230 230 230 229 225 221 220 221 223 225 224 221 219 217 213 206 201 199 199 200 201 202 202 203 207 210 213 215 216 217 219 220 220 221 222 222 222 223 223 223 223 224 224 224 224 224 224 224 224 225 225 225 225 225 225 225 225 225 225 225 225 225
222 222 222 221 221 219 218 217 216 215 213 211 209 206 203 200 200 203 206 211 217 222 225 227 230 232 234 235 235 235 235 234 232 231 231 230 225 222 220 220 223 225 224 221 218 215 210 204 198 196 198 200 202 204 205 205 207 210 213 215 216 217 219 220 220 221 222 222 222 223 223 223 223 224 224 224 224 224 224 224 224 225 225 225 225 225 225 225 225 225 225 225 225 225
222 222 222 221 220 219 218 217 216 214 212 211 208 205 200 197 201 204 207 211 216 221 225 228 231 234 235 235 236 236 236 235 233 232 232 230 227 225 223 222 223 224 224 221 217 215 210 204 198 195 197 200 202 205 207 208 208 210 213 215 216 217 219 220 221 221 222 222 222 223 223 223 223 224 224 224 224 224 224 224 224 225 225 225 225 225 225 225 225 225 225 225 225 225
222 222 222 221 220 219 217 217 216 213 212 210 207 204 199 197 202 206 209 212 217 222 225 227 231 233 234 235 235 236 235 234 233 233 232 230 229 228 225 223 223 224 224 221 218 216 212 207 202 198 199 201 202 205 208 209 210 211 212 215 217 218 219 220 221 221 222 222 222 223 223 223 223 224 224 224 224 224 224 224 224 225 225 225 225 225 225 225 225 225 225 225 225 225
222 222 221 221 220 219 217 217 215 213 211 209 205 202 199 198 202 205 208 211 216 221 224 226 229 231 232 233 233 233 233 232 231 232 231 229 230 229 225 222 223 225 225 222 219 217 214 210 205 201 201 203 203 206 209 210 211 211 213 215 217 218 219 220 221 222 222 222 223 223 223 223 224 224 224 224 224 224 224 224 225 225 225 225 225 225 225 225 225 225 225 225 225 225
222 222 221 221 220 219 218 216 215 213 211 208 203 199 196 197 199 202 206 210 214 219 222 224 226 228 228 229 229 230 230 229 229 229 228 227 228 227 222 220 222 225 225 223 220 218 215 212 207 202 203 205 205 207 209 210 211 212 214 215 217 219 220 221 221 222 222 222 223 223 223 223 224 224 224 224 224 224 224 224 225 225 225 225 225 225 225 225 225 225 225 225 225 225
222 222 221 221 220 219 218 216 215 212 210 206 201 196 192 194 195 197 203 207 211 217 219 221 223 224 224 225 225 226 226 226 226 224 222 223 225 223 219 219 221 225 226 223 221 219 216 213 207 203 205 207 206 208 210 211 212 214 216 217 218 219 220 221 221 222 222 223 223 223 223 223 224 224 224 224 224 224 224 224 225 225 225 225 225 225 225 225 225 225 225 225 225 225
222 222 221 221 220 219 218 216 215 212 209 205 200 192 187 191 193 195 200 203 207 213 216 218 221 222 222 223 224 224 224 224 224 220 219 222 224 222 218 217 221 225 226 224 222 220 218 214 208 204 207 209 208 210 211 213 215 216 217 218 219 220 221 221 222 222 222 223 223 223 223 224 224 224 224 224 224 224 224 224 225 225 225 225 225 225 225 225 225 225 225 225 225 225
222 222 221 221 220 219 218 217 215 212 209 206 200 188 178 182 190 193 196 200 204 210 214 218 221 222 222 223 224 225 225 225 224 218 218 224 226 224 221 219 222 226 227 225 224 222 219 214 208 206 209 211 211 212 213 215 217 217 218 219 220 220 221 222 222 222 222 223 223 223 223 224 224 224 224 224 224 224 224 225 225 225 225 225 225 225 225 225 225 225 225 225 225 225
222 222 222 221 220 219 218 217 215 212 209 207 201 189 171 165 179 189 194 200 205 212 217 222 224 224 224 225 227 228 227 227 225 218 218 226 227 227 226 223 226 229 228 227 226 224 220 215 209 209 212 213 214 214 216 217 218 218 219 220 220 221 221 222 222 222 223 223 223 223 224 224 224 224 224 224 224 224 224 225 225 225 225 225 225 225 225 225 225 225 225 225 225 225
222 222 222 221 221 220 219 217 215 213 211 208 202 192 177 156 154 176 192 201 212 217 223 228 229 228 228 229 230 232 232 231 227 219 220 226 227 229 229 228 230 232 230 230 229 226 222 217 211 212 214 215 216 216 217 218 218 219 220 220 221 221 222 222 222 223 223 223 223 224 224 224 224 224 224 224 224 224 224 225 225 225 225 225 225 225 225 225 225 225 225 225 225 225
223 222 222 221 221 220 219 218 216 215 212 209 204 197 186 165 145 153 186 207 215 222 227 232 232 232 232 233 235 237 237 234 227 221 224 227 228 229 231 231 234 234 233 232 231 228 225 218 213 214 217 217 218 218 219 219 219 220 221 221 221 222 222 222 223 223 223 223 223 224 224 224 224 224 224 224 224 224 225 225 225 225 225 225 225 225 225 225 225 225 225 225 225 225
223 222 222 222 221 220 219 218 217 216 214 211 207 202 194 182 156 140 166 217 220 223 229 232 234 234 235 236 238 242 242 236 227 225 228 229 228 229 232 235 238 237 235 234 233 230 227 220 216 217 220 220 220 220 220 220 220 221 221 222 222 222 223 223 223 223 223 223 224 224 224 224 224 224 224 224 224 224 225 225 225 225 225 225 225 225 225 225 225 225 225 225 225 225
223 223 222 222 221 221 220 219 218 217 215 213 210 207 202 194 179 149 149 205 219 225 230 232 234 236 237 238 240 246 244 233 228 230 233 234 232 233 238 241 242 241 239 237 235 233 229 223 219 221 223 222 221 221 221 221 221 221 222 222 222 223 223 223 223 223 223 224 224 224 224 224 224 224 224 224 224 225 225 225 225 225 225 225 225 225 225 225 225 225 225 225 225 225
223 223 222 222 222 221 221 220 219 218 217 215 213 211 207 203 195 175 144 155 219 229 234 235 237 238 239 240 243 248 243 228 226 229 235 239 239 244 249 249 248 247 244 240 238 235 232 227 224 223 223 223 222 222 222 222 222 222 222 223 223 223 223 223 223 224 224 224 224 224 224 224 224 224 224 224 224 225 225 225 225 225 225 225 225 225 225 225 225 225 225 225 225 225
223 223 223 222 222 222 221 221 220 219 218 217 216 214 212 210 206 199 177 115 203 243 241 240 242 242 243 244 247 249 240 227 225 226 228 231 233 244 256 256 256 256 251 245 242 239 235 230 226 225 224 224 223 223 223 223 222 222 223 223 223 223 223 223 224 224 224 224 224 224 224 224 224 224 224 224 225 225 225 225 225 225 225 225 225 225 225 225 225 225 225 225 225 225
223 223 223 223 222 222 222 221 221 220 220 219 218 217 216 215 214 214 215 224 0 298 254 248 246 247 247 249 251 249 240 232 230 228 225 224 224 234 250 254 255 257 254 250 246 242 238 232 228 226 226 225 224 224 224 223 223 223 223 224 224 224 224 224 224 224 224 224 224 224 224 224 224 224 224 225 225 225 225 225 225 225 225 225 225 225 225 225 225 225 225 225 225 225
223 223 223 223 223 222 222 222 222 221 221 220 220 219 219 219 220 222 226 235 280 328 305 263 255 252 253 252 252 247 238 236 235 229 226 223 223 231 240 245 248 250 250 248 245 243 238 233 229 227 226 225 225 225 224 224 223 223 224 224 224 224 224 224 224 224 224 224 224 224 224 224 224 224 225 225 225 225 225 225 225 225 225 225 225 225 225 225 225 225 225 225 225 225
224 223 223 223 223 223 223 222 222 222 222 222 221 221 222 222 223 226 229 237 252 284 311 300 270 261 256 255 253 245 234 236 237 231 226 223 225 231 236 240 241 242 242 242 242 240 237 233 230 228 227 226 225 225 225 224 224 224 224 224 224 224 224 224 224 224 224 224 224 224 224 224 224 225 225 225 225 225 225 225 225 225 225 225 225 225 225 225 225 225 225 225 225 225
224 224 224 223 223 223 223 223 223 223 223 223 223 223 223 224 225 228 231 237 246 259 280 299 295 273 263 260 258 247 237 238 238 232 228 225 228 232 235 237 238 239 238 238 238 236 235 232 230 228 227 226 226 225 225 225 224 224 224 224 224 224 224 224 224 224 224 224 224 224 224 224 225 225 225 225 225 225 225 225 225 225 225 225 225 225 225 225 225 225 225 225 225 225
224 224 224 224 224 223 223 223 223 223 223 223 224 224 225 225 227 229 232 236 242 250 262 276 287 284 279 271 262 252 244 243 241 235 230 228 231 232 234 235 236 236 236 235 234 233 232 231 229 228 227 227 226 226 225 225 224 224 224 224 224 224 224 224 224 224 224 224 224 224 224 225 225 225 225 225 225 225 225 225 225 225 225 225 225 225 225 225 225 225 225 225 225 225
224 224 224 224 224 224 224 224 224 224 224 224 224 225 225 226 227 229 232 235 239 245 251 260 267 274 280 277 271 261 252 247 243 237 232 231 232 232 232 233 233 232 233 232 232 231 231 230 229 228 227 227 226 226 225 225 225 225 225 225 225 224 224 224 224 224 224 224 224 225 225 225 225 225 225 225 225 225 225 225 225 225 225 225 225 225 225 225 225 225 225 225 225 225
224 224 224 224 224 224 224 224 224 224 224 224 225 225 226 227 228 229 231 234 237 241 245 250 255 260 264 267 267 264 256 249 243 236 232 231 231 231 231 231 230 231 231 231 231 230 230 230 229 228 227 226 226 226 226 225 225 225 225 225 225 225 225 225 225 225 225 225 225 225 225 225 225 225 225 225 225 225 225 225 225 225 225 225 225 225 225 225 225 225 225 225 225 225
224 224 224 224 224 224 224 224 224 224 225 225 225 226 226 227 228 229 231 233 235 238 241 244 247 250 252 254 255 254 252 248 242 236 232 231 230 229 230 230 230 230 230 230 229 229 229 229 228 227 227 226 226 226 226 225 225 225 225 225 225 225 225 225 225 225 225 225 225 225 225 225 225 225 225 225 225 225 225 225 225 225 225 225 225 225 225 225 225 225 225 225 225 225
224 224 224 224 224 224 224 224 225 225 225 225 225 226 226 227 228 229 230 232 234 236 238 240 242 244 246 247 246 246 244 242 239 236 233 231 230 230 230 230 230 230 230 229 229 229 229 228 228 227 227 226 226 226 226 225 225 225 225 225 225 225 225 225 225 225 225 225 225 225 225 225 225 225 225 225 225 225 225 225 225 225 225 225 225 225 225 225 225 225 225 225 225 225
225 225 225 225 225 225 225 225 225 225 225 225 226 226 227 227 228 229 230 231 232 234 235 237 239 240 241 242 242 241 240 239 237 235 233 232 231 230 230 230 230 230 229 229 228 228 228 228 227 227 226 226 226 226 226 225 225 225 225 225 225 225 225 225 225 225 225 225 225 225 225 225 225 225 225 225 225 225 225 225 225 225 225 225 225 225 225 225 225 225 225 225 225 225
225 225 225 225 225 225 225 225 225 225 225 226 226 226 227 227 228 228 229 230 231 232 234 235 236 237 238 238 238 238 237 236 235 234 233 232 231 230 229 230 230 229 228 228 228 228 228 227 227 227 226 226 226 226 226 225 225 225 225 225 225 225 225 225 225 225 225 225 225 225 225 225 225 225 225 225 225 225 225 225 225 225 225 225 225 225 225 225 225 225 225 225 225 225
225 225 225 225 225 225 225 225 225 225 225 226 226 226 227 227 228 228 229 230 230 231 232 233 234 235 235 235 236 235 235 234 233 233 232 231 230 230 229 229 229 228 228 228 228 227 227 227 227 227 226 226 226 226 226 225 225 225 225 225 225 225 225 225 225 225 225 225 225 225 225 225 225 225 225 225 225 225 225 225 225 225 225 225 225 225 225 225 225 225 225 225 225 225
225 225 225 225 225 225 225 225 225 225 225 226 226 226 227 227 227 228 228 229 230 230 231 232 232 233 233 233 234 233 233 233 232 232 231 230 230 229 229 229 228 228 228 227 227 227 227 227 227 226 226 226 226 226 226 225 225 225 225 225 225 225 225 225 225 225 225 225 225 225 225 225 225 225 225 225 225 225 225 225 225 225 225 225 225 225 225 225 225 225 225 225 225 225
225 225 225 225 225 225 225 225 225 225 226 226 226 226 226 227 227 228 228 229 229 230 230 231 231 231 232 232 232 232 232 231 231 230 230 230 229 229 229 228 228 228 227 227 227 227 227 227 227 226 226 226 226 226 226 226 225 225 225 225 225 225 225 225 225 225 225 225 225 225 225 225 225 225 225 225 225 225 225 225 225 225 225 225 225 225 225 225 225 225 225 225 225 225
225 225 225 225 225 225 225 225 225 225 226 226 226 226 226 227 227 227 228 228 229 229 229 230 230 230 231 231 231 231 231 230 230 230 229 229 229 229 228 228 228 227 227 227 227 227 227 227 226 226 226 226 226 226 226 225 225 225 225 225 225 225 225 225 225 225 225 225 225 225 225 225 225 225 225 225 225 225 225 225 225 225 225 225 225 225 225 225 225 225 225 225 225 225
225 225 225 225 225 225 225 225 225 225 226 226 226 226 226 227 227 227 227 228 228 228 229 229 229 230 230 230 230 230 230 230 229 229 229 229 228 228 228 228 227 227 227 227 227 227 227 226 226 226 226 226 226 226 226 226 225 225 225 225 225 225 225 225 225 225 225 225 225 225 225 225 225 225 225 225 225 225 225 225 225 225 225 225 225 225 225 225 225 225 225 225 225 225
225 225 225 225 225 225 225 225 225 225 226 226 226 226 226 226 227 227 227 227 228 228 228 228 229 229 229 229 229 229 229 229 229 229 228 228 228 228 228 227 227 227 227 227 227 227 226 226 226 226 226 226 226 226 226 225 225 225 225 225 225 225 225 225 225 225 225 225 225 225 225 225 225 225 225 225 225 225 225 225 225 225 225 225 225 225 225 225 225 225 225 225 225 225
225 225 225 225 225 225 225 225 225 225 226 226 226 226 226 226 227 227 227 227 227 228 228 228 228 228 228 228 228 228 228 228 228 228 228 228 228 228 227 227 227 227 227 227 227 226 226 226 226 226 226 226 226 226 226 225 225 225 225 225 225 225 225 225 225 225 225 225 225 225 225 225 225 225 225 225 225 225 225 225 225 225 225 225 225 225 225 225 225 225 225 225 225 225
225 225 225 225 225 225 225 225 225 225 226 226 226 226 226 226 226 227 227 227 227 227 227 228 228 228 228 228 228 228 228 228 228 228 228 228 227 227 227 227 227 227 227 227 226 226 226 226 226 226 226 226 226 226 226 225 225 225 225 225 225 225 225 225 225 225 225 225 225 225 225 225 225 225 225 225 225 225 225 225 225 225 225 225 225 225 225 225 225 225 225 225 225 225
