data/AilsaCraig_270_1_25m_ang_mm.asc
ncols	257
nrows	257
xllcorner	3364200.000000
yllcorner	3669375.000000
cellsize	25.000000
NODATA_value	-9999.000000
[rows 0 to 41 of 257, columns 95 to 189 of 257]
277 279 283 287 291 296 299 302 305 307 308 310 311 311 312 312 312 312 312 312 311 311 310 309 308 307 306 305 304 303 301 300 299 297 296 295 294 292 291 290 289 287 286 285 283 282 281 280 278 277 276 275 273 272 271 269 268 268 268 268 268 269 269 270 270 270 271 271 271 271 270 269 269 267 266 265 264 263 262 262 261 261 260 259 258 257 257 256 255 254 254 253 252 251 251
277 279 283 287 291 296 299 302 305 307 308 310 311 311 312 312 312 312 312 312 311 311 310 309 308 307 306 305 304 303 301 300 299 297 296 295 294 292 291 290 289 287 286 285 283 282 281 280 278 277 276 275 273 272 271 269 268 268 268 268 268 269 269 270 270 270 271 271 271 271 270 269 269 267 266 265 264 263 262 262 261 261 260 259 258 257 257 256 255 254 254 253 252 251 251
277 279 283 287 291 296 299 302 305 307 308 310 311 311 312 312 312 312 312 312 311 311 310 309 308 307 306 305 304 303 301 300 299 297 296 295 294 292 291 290 289 287 286 285 283 282 281 280 278 277 276 275 273 272 271 269 268 268 268 268 268 269 269 270 270 270 271 271 271 271 270 269 269 267 266 265 264 263 262 262 261 261 260 259 258 257 257 256 255 254 254 253 252 251 251
281 282 283 285 286 287 289 290 291 291 292 293 293 293 293 293 293 293 292 292 292 291 291 290 289 289 288 287 286 286 285 284 283 283 282 281 280 280 279 278 278 277 276 276 275 274 274 273 272 272 271 270 270 269 268 268 268 268 268 268 268 269 269 269 269 269 269 268 268 268 267 267 266 265 264 263 262 262 261 261 260 260 259 258 258 257 256 256 255 254 254 253 252 252 251
281 281 281 282 282 283 283 284 284 284 285 285 285 285 285 285 285 284 284 284 283 283 283 282 282 281 281 280 280 279 279 278 278 277 277 276 276 276 275 275 274 274 273 273 272 272 271 271 270 270 269 269 268 268 268 268 268 268 268 268 268 268 268 268 268 267 267 267 266 265 265 264 263 262 262 261 261 260 260 260 260 259 259 258 258 258 257 257 256 255 255 254 254 253 253
280 280 280 280 280 280 280 280 281 281 281 281 281 281 280 280 280 280 280 279 279 279 279 278 278 278 277 277 277 276 276 275 275 275 274 274 274 273 273 273 272 272 272 271 271 271 270 270 270 269 269 268 268 268 268 268 268 268 268 268 268 267 267 267 267 266 266 266 265 265 264 263 263 262 261 261 260 260 260 260 260 259 259 259 258 258 258 257 257 256 256 255 255 254 254
279 279 279 279 279 278 278 278 278 278 278 278 278 278 278 278 278 277 277 277 277 277 276 276 276 276 275 275 275 274 274 274 274 273 273 273 272 272 272 272 271 271 271 270 270 270 269 269 269 269 268 268 268 268 267 267 267 267 267 267 267 267 267 267 266 266 266 265 265 264 263 263 262 262 261 261 260 260 260 260 260 260 260 259 259 259 259 258 258 257 257 257 256 256 255
278 278 278 278 277 277 277 277 277 277 277 277 277 276 276 276 276 276 276 275 275 275 275 275 274 274 274 274 273 273 273 273 272 272 272 272 272 271 271 271 270 270 270 270 269 269 269 269 268 268 268 268 268 267 267 267 267 267 267 267 267 267 267 266 266 266 265 265 264 264 263 263 262 262 261 261 261 260 260 260 260 260 260 260 260 259 259 259 259 258 258 258 257 257 257
277 277 277 277 277 276 276 276 276 276 276 276 275 275 275 275 275 275 275 274 274 274 274 274 273 273 273 273 273 272 272 272 272 272 271 271 271 271 270 270 270 270 269 269 269 269 269 268 268 268 268 268 267 267 267 267 267 267 267 267 267 267 266 266 266 265 265 265 264 264 263 263 262 262 261 261 261 261 261 261 261 260 260 260 260 260 260 260 259 259 259 259 258 258 258
277 276 276 276 276 276 275 275 275 275 275 275 275 274 274 274 274 274 274 274 273 273 273 273 273 273 272 272 272 272 272 271 271 271 271 271 270 270 270 270 269 269 269 269 269 268 268 268 268 268 268 267 267 267 267 267 267 267 267 267 267 266 266 266 266 265 265 264 264 264 263 263 262 262 262 261 261 261 261 261 261 261 261 261 261 261 261 260 260 260 260 260 259 259 259
276 276 275 275 275 275 275 275 274 274 274 274 274 274 274 273 273 273 273 273 273 272 272 272 272 272 272 271 271 271 271 271 271 270 270 270 270 270 269 269 269 269 269 269 268 268 268 268 268 268 267 267 267 267 267 267 267 267 267 267 266 266 266 266 265 265 265 264 264 264 263 263 263 262 262 262 262 262 261 261 261 261 261 261 261 261 261 261 261 261 261 261 260 260 260
275 275 275 275 274 274 274 274 274 274 273 273 273 273 273 273 273 272 272 272 272 272 272 272 271 271 271 271 271 271 270 270 270 270 270 270 269 269 269 269 269 269 268 268 268 268 268 268 267 267 267 267 267 267 267 267 267 267 267 266 266 266 266 266 265 265 265 264 264 264 263 263 263 263 262 262 262 262 262 262 262 262 262 262 262 262 262 262 262 262 262 261 261 261 261
275 274 274 274 274 274 274 273 273 273 273 273 273 272 272 272 272 272 272 272 272 271 271 271 271 271 271 271 270 270 270 270 270 270 269 269 269 269 269 269 268 268 268 268 268 268 268 267 267 267 267 267 267 267 267 267 267 267 266 266 266 266 266 266 265 265 265 265 264 264 264 263 263 263 263 263 262 262 262 262 262 262 262 262 262 262 262 262 262 262 262 262 262 262 262
274 274 274 273 273 273 273 273 273 273 272 272 272 272 272 272 272 271 271 271 271 271 271 271 271 270 270 270 270 270 270 270 269 269 269 269 269 269 269 268 268 268 268 268 268 268 267 267 267 267 267 267 267 267 267 267 267 267 266 266 266 266 266 266 265 265 265 265 264 264 264 264 263 263 263 263 263 263 263 263 263 263 263 263 263 263 263 263 263 263 263 263 263 263 263
273 273 273 273 273 273 272 272 272 272 272 272 272 271 271 271 271 271 271 271 271 270 270 270 270 270 270 270 270 269 269 269 269 269 269 269 269 268 268 268 268 268 268 268 268 267 267 267 267 267 267 267 267 267 267 267 267 266 266 266 266 266 266 266 265 265 265 265 265 264 264 264 264 264 264 264 263 263 263 263 263 264 264 264 264 264 264 264 264 264 264 264 264 264 264
273 273 273 272 272 272 272 272 272 272 271 271 271 271 271 271 271 271 270 270 270 270 270 270 270 270 269 269 269 269 269 269 269 269 269 268 268 268 268 268 268 268 268 268 267 267 267 267 267 267 267 267 267 267 267 267 267 266 266 266 266 266 266 266 266 265 265 265 265 265 265 264 264 264 264 264 264 264 264 264 264 264 264 264 264 264 264 265 265 265 265 265 265 265 265
272 272 272 272 272 272 271 271 271 271 271 271 271 271 270 270 270 270 270 270 270 270 270 269 269 269 269 269 269 269 269 269 269 268 268 268 268 268 268 268 268 268 268 267 267 267 267 267 267 267 267 267 267 267 267 267 267 266 266 266 266 266 266 266 266 266 265 265 265 265 265 265 265 264 264 264 264 264 264 264 265 265 265 265 265 265 265 265 265 265 266 266 266 266 266
272 272 272 271 271 271 271 271 271 271 271 270 270 270 270 270 270 270 270 270 269 269 269 269 269 269 269 269 269 269 268 268 268 268 268 268 268 268 268 268 268 267 267 267 267 267 267 267 267 267 267 267 267 267 267 267 267 266 266 266 266 266 266 266 266 266 266 265 265 265 265 265 265 265 265 265 265 265 265 265 265 265 265 265 266 266 266 266 266 266 266 266 267 267 267
271 271 271 271 271 271 271 271 270 270 270 270 270 270 270 270 270 269 269 269 269 269 269 269 269 269 269 269 268 268 268 268 268 268 268 268 268 268 268 268 267 267 267 267 267 267 267 267 267 267 267 267 267 267 267 267 267 266 266 266 266 266 266 266 266 266 266 266 266 266 265 265 265 265 265 265 265 265 265 266 266 266 266 266 266 266 266 267 267 267 267 267 267 268 268
271 271 271 271 271 270 270 270 270 270 270 270 270 269 269 269 269 269 269 269 269 269 269 269 269 268 268 268 268 268 268 268 268 268 268 268 268 268 267 267 267 267 267 267 267 267 267 267 267 267 267 267 267 267 267 267 267 267 266 266 266 266 266 266 266 266 266 266 266 266 266 266 266 266 266 266 266 266 266 266 266 266 266 267 267 267 267 267 267 268 268 268 268 268 269
271 270 270 270 270 270 270 270 270 270 269 269 269 269 269 269 269 269 269 269 269 268 268 268 268 268 268 268 268 268 268 268 268 268 268 268 267 267 267 267 267 267 267 267 267 267 267 267 267 267 267 267 267 267 267 267 267 267 267 267 267 266 266 266 266 266 266 266 266 266 266 266 266 266 266 266 266 266 266 267 267 267 267 267 267 268 268 268 268 268 269 269 269 269 269
270 270 270 270 270 270 270 269 269 269 269 269 269 269 269 269 269 269 268 268 268 268 268 268 268 268 268 268 268 268 268 268 268 268 267 267 267 267 267 267 267 267 267 267 267 267 267 267 267 267 267 267 267 267 267 267 267 267 267 267 267 267 267 267 267 266 266 266 266 266 266 266 266 266 267 267 267 267 267 267 267 267 268 268 268 268 268 269 269 269 269 270 270 270 270
270 270 270 270 269 269 269 269 269 269 269 269 269 269 268 268 268 268 268 268 268 268 268 268 268 268 268 268 268 268 268 267 267 267 267 267 267 267 267 267 267 267 267 267 267 267 267 267 267 267 267 267 267 267 267 267 267 267 267 267 267 267 267 267 267 267 267 267 267 267 267 267 267 267 267 267 267 267 267 268 268 268 268 268 269 269 269 269 270 270 270 270 271 271 271
270 269 269 269 269 269 269 269 269 269 269 268 268 268 268 268 268 268 268 268 268 268 268 268 268 268 268 267 267 267 267 267 267 267 267 267 267 267 267 267 267 267 267 267 267 267 267 267 267 267 267 267 267 267 267 267 267 267 267 267 267 267 267 267 267 267 267 267 267 267 267 267 267 267 267 267 268 268 268 268 268 269 269 269 269 269 270 270 270 271 271 271 271 272 272
269 269 269 269 269 269 269 268 268 268 268 268 268 268 268 268 268 268 268 268 268 268 267 267 267 267 267 267 267 267 267 267 267 267 267 267 267 267 267 267 267 267 267 267 267 267 267 267 267 267 267 267 267 267 267 267 267 267 267 267 267 267 267 267 267 267 267 267 267 267 267 267 268 268 268 268 268 268 268 269 269 269 269 270 270 270 270 271 271 271 272 272 272 273 273
269 269 269 268 268 268 268 268 268 268 268 268 268 268 268 268 268 267 267 267 267 267 267 267 267 267 267 267 267 267 267 267 267 267 267 267 267 267 267 267 267 267 267 267 267 267 267 267 267 267 267 267 267 267 267 267 267 267 267 267 267 267 267 267 267 267 267 267 268 268 268 268 268 268 268 268 269 269 269 269 269 270 270 270 270 271 271 271 272 272 272 273 273 273 274
268 268 268 268 268 268 268 268 268 268 268 268 267 267 267 267 267 267 267 267 267 267 267 267 267 267 267 267 267 267 267 267 267 267 267 267 267 267 267 267 267 267 267 267 267 267 267 267 267 267 267 267 267 267 267 267 267 267 267 267 267 267 267 267 268 268 268 268 268 268 268 268 268 268 269 269 269 269 269 270 270 270 270 271 271 271 272 272 272 273 273 273 274 274 275
268 268 268 268 268 268 268 267 267 267 267 267 267 267 267 267 267 267 267 267 267 267 267 267 267 267 267 267 267 267 267 267 267 267 267 267 267 267 267 267 267 267 267 267 267 267 267 267 267 267 267 267 267 267 267 267 267 267 267 267 267 268 268 268 268 268 268 268 268 268 268 268 269 269 269 269 269 270 270 270 270 271 271 271 272 272 272 273 273 274 274 274 275 275 275
268 267 267 267 267 267 267 267 267 267 267 267 267 267 267 267 267 267 267 267 267 267 267 267 267 267 267 267 267 267 267 267 267 267 267 267 267 267 267 267 267 267 267 267 267 267 267 267 267 267 267 267 267 267 267 267 267 267 268 268 268 268 268 268 268 268 268 268 268 269 269 269 269 269 269 270 270 270 270 271 271 271 272 272 272 273 273 273 274 274 275 275 275 276 276
267 267 267 267 267 267 267 267 267 267 267 267 267 267 267 267 266 266 266 266 266 266 266 266 267 267 267 267 267 267 267 267 267 267 267 267 267 267 267 267 267 267 267 267 267 267 267 267 267 267 267 267 267 267 267 267 268 268 268 268 268 268 268 268 268 268 268 269 269 269 269 269 269 270 270 270 270 271 271 271 271 272 272 273 273 273 274 274 275 275 275 276 276 276 277
267 267 267 267 267 267 267 267 266 266 266 266 266 266 266 266 266 266 266 266 266 266 266 266 266 266 266 266 266 266 267 267 267 267 267 267 267 267 267 267 267 267 267 267 267 267 267 267 267 267 267 267 267 267 268 268 268 268 268 268 268 268 268 268 268 269 269 269 269 269 269 269 270 270 270 270 271 271 271 272 272 272 273 273 274 274 274 275 275 276 276 276 277 277 277
267 267 267 267 266 266 266 266 266 266 266 266 266 266 266 266 266 266 266 266 266 266 266 266 266 266 266 266 266 266 266 266 266 267 267 267 267 267 267 267 267 267 267 267 267 267 267 267 267 267 267 267 267 268 268 268 268 268 268 268 268 268 268 268 269 269 269 269 269 269 270 270 270 270 271 271 271 271 272 272 273 273 273 274 274 275 275 275 276 276 277 277 277 278 278
267 267 266 266 266 266 266 266 266 266 266 266 266 266 266 266 266 266 266 266 266 266 266 266 266 266 266 266 266 266 266 266 266 266 267 267 267 267 267 267 267 267 267 267 267 267 267 267 267 267 267 267 268 268 268 268 268 268 268 268 268 268 268 269 269 269 269 269 269 270 270 270 270 271 271 271 272 272 272 273 273 273 274 274 275 275 276 276 276 277 277 278 278 278 279
267 266 266 266 266 266 266 266 266 266 266 266 266 266 266 266 266 266 266 266 266 266 266 266 266 266 266 266 266 266 266 266 266 266 267 267 267 267 267 267 267 267 267 267 267 267 267 267 267 267 267 268 268 268 268 268 268 268 268 268 268 268 269 269 269 269 269 269 270 270 270 270 271 271 271 272 272 272 273 273 273 274 274 275 275 276 276 276 277 277 278 278 278 279 279
267 267 266 266 266 266 266 266 266 266 266 266 266 266 266 266 266 266 266 266 266 266 266 266 266 266 266 266 266 266 266 266 266 267 267 267 267 267 267 267 267 267 267 267 267 267 267 267 267 267 268 268 268 268 268 268 268 268 268 268 269 269 269 269 269 269 269 270 270 270 270 271 271 271 272 272 272 273 273 273 274 274 275 275 276 276 276 277 277 278 278 279 279 279 280
267 266 266 266 266 266 266 266 266 266 266 266 266 266 266 266 266 266 266 266 266 266 266 266 266 266 266 266 266 266 266 266 266 266 267 267 267 267 267 267 267 267 267 267 267 267 267 267 267 268 268 268 268 268 268 268 268 268 268 269 269 269 269 269 269 269 270 270 270 270 271 271 271 272 272 272 273 273 273 274 274 275 275 276 276 277 277 277 278 278 279 279 279 280 280
266 266 266 266 266 266 266 266 266 266 266 266 266 266 266 266 266 266 266 266 266 266 266 266 266 266 266 266 266 266 266 266 266 267 267 267 267 267 267 267 267 267 267 267 267 267 267 267 268 268 268 268 268 268 268 268 268 268 269 269 269 269 269 269 269 270 270 270 270 271 271 271 271 272 272 273 273 273 274 274 275 275 276 276 276 277 277 278 278 279 279 279 280 280 280
266 266 266 266 266 266 266 266 266 266 266 266 266 266 266 266 266 266 266 266 266 266 266 266 266 266 266 266 266 266 266 266 267 267 267 267 267 267 267 267 267 267 267 267 267 267 267 268 268 268 268 268 268 268 268 268 268 269 269 269 269 269 269 269 270 270 270 270 271 271 271 271 272 272 272 273 273 274 274 275 275 275 276 276 277 277 278 278 279 279 279 280 280 280 281
267 266 266 266 266 266 266 266 266 266 266 266 266 266 266 266 266 266 266 266 266 266 266 266 266 266 266 266 266 266 266 267 267 267 267 267 267 267 267 267 267 267 267 267 267 268 268 268 268 268 268 268 268 268 268 268 269 269 269 269 269 269 269 270 270 270 270 270 271 271 271 272 272 272 273 273 274 274 274 275 275 276 276 277 277 278 278 278 279 279 280 280 280 281 281
267 266 266 266 266 266 266 266 266 266 266 266 266 266 266 266 266 266 266 266 266 266 266 266 266 266 266 266 266 266 267 267 267 267 267 267 267 267 267 267 267 267 267 267 267 268 268 268 268 268 268 268 268 268 268 269 269 269 269 269 269 269 270 270 270 270 270 271 271 271 272 272 272 273 273 273 274 274 275 275 276 276 277 277 277 278 278 279 279 280 280 280 281 281 281
266 266 266 266 266 266 266 266 266 266 266 266 266 266 266 266 266 266 266 266 266 266 266 266 266 266 266 266 266 266 267 267 267 267 267 267 267 267 267 267 267 267 267 267 268 268 268 268 268 268 268 268 268 268 269 269 269 269 269 269 269 269 270 270 270 270 271 271 271 271 272 272 272 273 273 274 274 274 275 275 276 276 277 277 278 278 279 279 279 280 280 281 281 281 281
267 266 266 266 266 266 266 266 266 266 266 266 266 266 266 266 266 266 266 266 266 266 266 266 266 266 266 266 266 267 267 267 267 267 267 267 267 267 267 267 267 267 267 268 268 268 268 268 268 268 268 268 268 268 269 269 269 269 269 269 269 270 270 270 270 270 271 271 271 272 272 272 273 273 273 274 274 275 275 276 276 277 277 278 278 278 279 279 280 280 280 281 281 281 282
