data/AilsaCraig_270_1_25m_vel_10m.asc
ncols	257
nrows	257
xllcorner	3364200.000000
yllcorner	3669375.000000
cellsize	25.000000
NODATA_value	-1.000000
[rows 76 to 113 of 257, columns 84 to 167 of 257]
1.30 1.30 1.30 1.30 1.30 1.30 1.30 1.30 1.30 1.30 1.30 1.30 1.30 1.30 1.30 1.30 1.30 1.30 1.30 1.30 1.30 1.30 1.30 1.30 1.30 1.30 1.30 1.30 1.30 1.30 1.30 1.30 1.30 1.30 1.30 1.30 1.30 1.30 1.30 1.30 1.30 1.30 1.30 1.30 1.30 1.30 1.30 1.30 1.30 1.30 1.30 1.30 1.30 1.30 1.30 1.30 1.30 1.30 1.30 1.30 1.30 1.30 1.30 1.30 1.30 1.30 1.30 1.30 1.30 1.30 1.30 1.30 1.30 1.30 1.30 1.30 1.30 1.30 1.30 1.30 1.30 1.30 1.30 1.30
1.30 1.30 1.30 1.30 1.30 1.30 1.30 1.30 1.30 1.30 1.30 1.30 1.30 1.30 1.30 1.30 1.30 1.30 1.30 1.30 1.30 1.30 1.30 1.30 1.30 1.30 1.30 1.30 1.30 1.30 1.30 1.30 1.30 1.30 1.30 1.30 1.30 1.30 1.30 1.30 1.30 1.30 1.30 1.30 1.30 1.30 1.30 1.30 1.30 1.30 1.30 1.30 1.30 1.30 1.30 1.30 1.30 1.30 1.30 1.30 1.30 1.30 1.30 1.30 1.30 1.30 1.30 1.30 1.30 1.30 1.30 1.30 1.30 1.30 1.30 1.30 1.30 1.30 1.30 1.30 1.30 1.30 1.30 1.30
1.30 1.30 1.30 1.30 1.30 1.30 1.30 1.30 1.30 1.30 1.30 1.30 1.30 1.30 1.30 1.30 1.30 1.30 1.30 1.30 1.30 1.30 1.30 1.30 1.30 1.30 1.30 1.30 1.30 1.30 1.30 1.30 1.30 1.30 1.30 1.30 1.30 1.30 1.30 1.30 1.30 1.30 1.30 1.30 1.30 1.30 1.30 1.30 1.30 1.30 1.30 1.30 1.30 1.30 1.30 1.30 1.30 1.30 1.30 1.30 1.30 1.30 1.30 1.30 1.30 1.30 1.30 1.30 1.30 1.30 1.30 1.30 1.30 1.30 1.30 1.30 1.30 1.30 1.30 1.30 1.30 1.30 1.30 1.30
1.30 1.30 1.30 1.30 1.30 1.30 1.30 1.30 1.30 1.30 1.30 1.30 1.30 1.30 1.30 1.30 1.30 1.30 1.30 1.30 1.30 1.30 1.30 1.30 1.30 1.30 1.30 1.30 1.30 1.30 1.30 1.30 1.30 1.30 1.30 1.30 1.30 1.30 1.30 1.30 1.30 1.30 1.30 1.30 1.30 1.30 1.30 1.30 1.30 1.30 1.30 1.30 1.30 1.30 1.30 1.30 1.30 1.30 1.30 1.30 1.30 1.30 1.30 1.30 1.30 1.30 1.30 1.30 1.30 1.30 1.30 1.30 1.30 1.30 1.30 1.30 1.30 1.30 1.30 1.30 1.30 1.30 1.30 1.30
1.30 1.30 1.30 1.30 1.30 1.30 1.30 1.30 1.30 1.30 1.30 1.30 1.30 1.30 1.30 1.30 1.30 1.30 1.30 1.30 1.30 1.30 1.30 1.30 1.30 1.30 1.30 1.30 1.30 1.30 1.30 1.30 1.30 1.30 1.30 1.30 1.30 1.30 1.30 1.30 1.30 1.30 1.30 1.30 1.30 1.30 1.30 1.30 1.30 1.30 1.30 1.30 1.30 1.30 1.30 1.30 1.30 1.30 1.30 1.30 1.30 1.30 1.30 1.30 1.30 1.30 1.30 1.30 1.30 1.30 1.30 1.30 1.30 1.30 1.30 1.30 1.30 1.30 1.30 1.30 1.30 1.30 1.30 1.30
1.30 1.30 1.30 1.30 1.30 1.30 1.30 1.30 1.30 1.30 1.30 1.30 1.30 1.30 1.30 1.30 1.30 1.30 1.30 1.30 1.30 1.30 1.30 1.30 1.30 1.30 1.30 1.30 1.30 1.30 1.30 1.30 1.30 1.30 1.30 1.30 1.30 1.30 1.30 1.30 1.30 1.30 1.30 1.30 1.30 1.30 1.30 1.30 1.30 1.30 1.30 1.30 1.30 1.30 1.30 1.30 1.30 1.30 1.30 1.30 1.30 1.30 1.30 1.30 1.30 1.30 1.30 1.30 1.30 1.30 1.30 1.30 1.30 1.30 1.30 1.30 1.30 1.30 1.30 1.30 1.30 1.30 1.30 1.30
1.30 1.30 1.30 1.30 1.30 1.30 1.30 1.30 1.30 1.30 1.30 1.30 1.30 1.30 1.30 1.30 1.30 1.30 1.30 1.30 1.30 1.30 1.30 1.30 1.30 1.30 1.30 1.30 1.30 1.30 1.30 1.30 1.30 1.30 1.30 1.30 1.30 1.30 1.30 1.30 1.30 1.30 1.30 1.30 1.31 1.31 1.31 1.31 1.31 1.30 1.30 1.30 1.30 1.30 1.30 1.30 1.30 1.30 1.30 1.30 1.30 1.30 1.30 1.30 1.30 1.30 1.30 1.30 1.30 1.30 1.30 1.30 1.30 1.30 1.30 1.30 1.30 1.30 1.30 1.30 1.30 1.30 1.30 1.30
1.30 1.30 1.30 1.30 1.30 1.30 1.30 1.30 1.30 1.30 1.30 1.30 1.30 1.30 1.30 1.30 1.30 1.30 1.30 1.30 1.30 1.30 1.30 1.30 1.30 1.30 1.30 1.30 1.30 1.30 1.30 1.30 1.30 1.30 1.30 1.30 1.30 1.30 1.31 1.31 1.31 1.31 1.31 1.31 1.31 1.31 1.31 1.31 1.31 1.31 1.30 1.30 1.30 1.30 1.30 1.30 1.30 1.30 1.30 1.30 1.30 1.30 1.30 1.30 1.30 1.30 1.30 1.30 1.30 1.30 1.30 1.30 1.30 1.30 1.30 1.30 1.30 1.30 1.30 1.30 1.30 1.30 1.30 1.30
1.30 1.30 1.30 1.30 1.30 1.30 1.30 1.30 1.30 1.30 1.30 1.30 1.30 1.30 1.30 1.30 1.30 1.30 1.30 1.30 1.30 1.30 1.30 1.30 1.30 1.30 1.30 1.30 1.30 1.30 1.30 1.30 1.30 1.30 1.30 1.30 1.30 1.31 1.31 1.31 1.31 1.31 1.31 1.31 1.31 1.31 1.31 1.31 1.31 1.31 1.31 1.30 1.30 1.30 1.30 1.30 1.30 1.30 1.30 1.30 1.30 1.30 1.30 1.30 1.30 1.30 1.30 1.30 1.30 1.30 1.30 1.30 1.30 1.30 1.30 1.30 1.30 1.30 1.30 1.30 1.30 1.30 1.30 1.30
1.30 1.30 1.30 1.30 1.30 1.30 1.30 1.30 1.30 1.30 1.30 1.30 1.30 1.30 1.30 1.30 1.30 1.30 1.30 1.30 1.30 1.30 1.30 1.30 1.30 1.30 1.30 1.30 1.30 1.30 1.30 1.30 1.30 1.30 1.30 1.30 1.31 1.31 1.31 1.31 1.31 1.31 1.31 1.31 1.31 1.31 1.31 1.31 1.31 1.31 1.31 1.31 1.30 1.30 1.30 1.30 1.30 1.30 1.30 1.30 1.30 1.30 1.30 1.30 1.30 1.30 1.30 1.30 1.30 1.30 1.30 1.30 1.30 1.30 1.30 1.30 1.30 1.30 1.30 1.30 1.30 1.30 1.30 1.30
1.30 1.30 1.30 1.30 1.30 1.30 1.30 1.30 1.30 1.30 1.30 1.30 1.30 1.30 1.30 1.30 1.30 1.30 1.30 1.30 1.30 1.30 1.30 1.30 1.30 1.30 1.30 1.30 1.30 1.30 1.30 1.30 1.30 1.30 1.30 1.31 1.31 1.31 1.31 1.31 1.31 1.31 1.31 1.31 1.31 1.31 1.31 1.31 1.31 1.31 1.31 1.31 1.31 1.30 1.30 1.30 1.30 1.30 1.30 1.30 1.30 1.30 1.30 1.30 1.30 1.30 1.30 1.30 1.30 1.30 1.30 1.30 1.30 1.30 1.30 1.30 1.30 1.30 1.30 1.30 1.30 1.30 1.30 1.30
1.30 1.30 1.30 1.30 1.30 1.30 1.30 1.30 1.30 1.30 1.30 1.30 1.30 1.30 1.30 1.30 1.30 1.30 1.30 1.30 1.30 1.30 1.30 1.30 1.30 1.30 1.30 1.30 1.30 1.30 1.30 1.30 1.30 1.30 1.31 1.31 1.31 1.31 1.31 1.31 1.31 1.31 1.31 1.31 1.31 1.31 1.31 1.31 1.31 1.31 1.31 1.31 1.31 1.31 1.30 1.30 1.30 1.30 1.30 1.30 1.30 1.30 1.30 1.30 1.30 1.30 1.30 1.30 1.30 1.30 1.30 1.30 1.30 1.30 1.30 1.30 1.30 1.30 1.30 1.30 1.30 1.30 1.30 1.30
1.30 1.30 1.30 1.30 1.30 1.30 1.30 1.30 1.30 1.30 1.30 1.30 1.30 1.30 1.30 1.30 1.30 1.30 1.30 1.30 1.30 1.30 1.30 1.30 1.30 1.30 1.30 1.30 1.30 1.30 1.30 1.30 1.30 1.30 1.31 1.31 1.31 1.31 1.31 1.31 1.31 1.31 1.31 1.31 1.31 1.31 1.31 1.31 1.31 1.31 1.31 1.31 1.31 1.31 1.31 1.30 1.30 1.30 1.30 1.30 1.30 1.30 1.30 1.30 1.30 1.30 1.30 1.30 1.30 1.30 1.30 1.30 1.30 1.30 1.30 1.30 1.30 1.30 1.30 1.30 1.30 1.30 1.30 1.30
1.30 1.30 1.30 1.30 1.30 1.30 1.30 1.30 1.30 1.30 1.30 1.30 1.30 1.30 1.30 1.30 1.30 1.30 1.30 1.30 1.30 1.30 1.30 1.30 1.30 1.30 1.30 1.30 1.30 1.30 1.30 1.30 1.30 1.30 1.31 1.31 1.31 1.31 1.31 1.31 1.31 1.31 1.31 1.31 1.31 1.31 1.31 1.31 1.31 1.31 1.31 1.31 1.31 1.31 1.31 1.30 1.30 1.30 1.30 1.30 1.30 1.30 1.30 1.30 1.30 1.30 1.30 1.30 1.30 1.30 1.30 1.30 1.30 1.30 1.30 1.30 1.30 1.30 1.30 1.30 1.30 1.30 1.30 1.30
1.30 1.30 1.30 1.30 1.30 1.30 1.30 1.30 1.30 1.30 1.30 1.30 1.30 1.30 1.30 1.30 1.30 1.30 1.30 1.30 1.30 1.30 1.30 1.30 1.30 1.30 1.30 1.30 1.30 1.30 1.30 1.30 1.30 1.31 1.31 1.31 1.31 1.31 1.31 1.31 1.31 1.31 1.31 1.32 1.32 1.31 1.31 1.31 1.31 1.31 1.31 1.31 1.31 1.31 1.31 1.31 1.30 1.30 1.30 1.30 1.30 1.30 1.30 1.30 1.30 1.30 1.30 1.30 1.30 1.30 1.30 1.30 1.30 1.30 1.30 1.30 1.30 1.30 1.30 1.30 1.30 1.30 1.30 1.30
1.30 1.30 1.30 1.30 1.30 1.30 1.30 1.30 1.30 1.30 1.30 1.30 1.30 1.30 1.30 1.30 1.30 1.30 1.30 1.30 1.30 1.30 1.30 1.30 1.30 1.30 1.30 1.30 1.30 1.30 1.30 1.30 1.30 1.31 1.31 1.31 1.31 1.31 1.31 1.32 1.32 1.32 1.32 1.32 1.32 1.32 1.32 1.32 1.32 1.31 1.31 1.31 1.31 1.31 1.31 1.31 1.30 1.30 1.30 1.30 1.30 1.30 1.30 1.30 1.30 1.30 1.30 1.30 1.30 1.30 1.30 1.30 1.30 1.30 1.30 1.30 1.30 1.30 1.30 1.30 1.30 1.30 1.30 1.30
1.30 1.30 1.30 1.30 1.30 1.30 1.30 1.30 1.30 1.30 1.30 1.30 1.30 1.30 1.30 1.30 1.30 1.30 1.30 1.30 1.29 1.30 1.30 1.30 1.30 1.30 1.30 1.30 1.30 1.30 1.30 1.30 1.30 1.31 1.31 1.31 1.31 1.31 1.32 1.32 1.32 1.32 1.32 1.32 1.32 1.32 1.32 1.32 1.32 1.32 1.31 1.31 1.31 1.31 1.31 1.31 1.30 1.30 1.30 1.30 1.30 1.30 1.30 1.30 1.30 1.30 1.30 1.30 1.30 1.30 1.30 1.30 1.30 1.30 1.30 1.30 1.30 1.30 1.30 1.30 1.30 1.30 1.30 1.30
1.30 1.30 1.30 1.30 1.30 1.30 1.30 1.30 1.30 1.30 1.30 1.30 1.30 1.30 1.30 1.30 1.30 1.29 1.29 1.29 1.29 1.29 1.29 1.29 1.29 1.29 1.30 1.30 1.30 1.30 1.30 1.30 1.30 1.31 1.31 1.31 1.31 1.32 1.32 1.32 1.32 1.32 1.32 1.32 1.32 1.32 1.32 1.32 1.32 1.32 1.32 1.31 1.31 1.31 1.31 1.31 1.30 1.30 1.30 1.30 1.30 1.30 1.30 1.30 1.30 1.30 1.29 1.29 1.29 1.29 1.29 1.29 1.30 1.30 1.30 1.30 1.30 1.30 1.30 1.30 1.30 1.30 1.30 1.30
1.30 1.30 1.30 1.30 1.30 1.30 1.30 1.30 1.30 1.30 1.30 1.30 1.30 1.30 1.30 1.29 1.29 1.29 1.29 1.29 1.29 1.29 1.29 1.29 1.29 1.29 1.29 1.30 1.30 1.30 1.30 1.30 1.31 1.31 1.31 1.31 1.32 1.32 1.32 1.32 1.32 1.33 1.33 1.33 1.33 1.33 1.33 1.33 1.32 1.32 1.32 1.32 1.31 1.31 1.31 1.31 1.30 1.30 1.30 1.30 1.30 1.30 1.29 1.29 1.29 1.29 1.29 1.29 1.29 1.29 1.29 1.29 1.29 1.29 1.30 1.30 1.30 1.30 1.30 1.30 1.30 1.30 1.30 1.30
1.30 1.30 1.30 1.30 1.30 1.30 1.30 1.30 1.30 1.30 1.30 1.30 1.30 1.29 1.29 1.29 1.29 1.29 1.29 1.29 1.29 1.29 1.29 1.29 1.29 1.29 1.29 1.29 1.30 1.30 1.30 1.30 1.31 1.31 1.31 1.31 1.32 1.32 1.32 1.33 1.33 1.33 1.33 1.33 1.33 1.33 1.33 1.33 1.33 1.32 1.32 1.32 1.32 1.31 1.31 1.31 1.30 1.30 1.30 1.30 1.30 1.29 1.29 1.29 1.29 1.29 1.29 1.29 1.29 1.29 1.29 1.29 1.29 1.29 1.29 1.29 1.30 1.30 1.30 1.30 1.30 1.30 1.30 1.30
1.30 1.30 1.30 1.30 1.30 1.30 1.30 1.30 1.30 1.30 1.30 1.30 1.29 1.29 1.29 1.29 1.29 1.29 1.29 1.29 1.29 1.29 1.29 1.29 1.29 1.29 1.29 1.29 1.29 1.30 1.30 1.30 1.30 1.31 1.31 1.32 1.32 1.32 1.33 1.33 1.33 1.34 1.34 1.34 1.34 1.34 1.34 1.34 1.33 1.33 1.33 1.32 1.32 1.31 1.31 1.31 1.30 1.30 1.30 1.30 1.29 1.29 1.29 1.29 1.29 1.29 1.29 1.29 1.29 1.29 1.29 1.29 1.29 1.29 1.29 1.29 1.29 1.29 1.30 1.30 1.30 1.30 1.30 1.30
1.30 1.30 1.30 1.30 1.30 1.30 1.30 1.30 1.30 1.30 1.29 1.29 1.29 1.29 1.29 1.29 1.29 1.29 1.29 1.29 1.29 1.29 1.29 1.29 1.29 1.29 1.29 1.29 1.29 1.29 1.30 1.30 1.30 1.31 1.31 1.32 1.32 1.33 1.33 1.34 1.34 1.34 1.35 1.35 1.35 1.35 1.35 1.34 1.34 1.33 1.33 1.32 1.32 1.31 1.31 1.31 1.30 1.30 1.30 1.30 1.29 1.29 1.29 1.29 1.29 1.29 1.29 1.29 1.29 1.29 1.29 1.29 1.29 1.29 1.29 1.29 1.29 1.29 1.29 1.30 1.30 1.30 1.30 1.30
1.30 1.30 1.30 1.30 1.30 1.30 1.30 1.30 1.30 1.29 1.29 1.29 1.29 1.29 1.29 1.29 1.29 1.29 1.29 1.28 1.28 1.28 1.28 1.28 1.28 1.28 1.29 1.29 1.29 1.29 1.30 1.30 1.30 1.31 1.31 1.32 1.32 1.33 1.34 1.34 1.35 1.35 1.36 1.36 1.36 1.36 1.35 1.35 1.35 1.34 1.33 1.33 1.32 1.32 1.31 1.31 1.30 1.30 1.30 1.29 1.29 1.29 1.29 1.29 1.29 1.28 1.29 1.29 1.29 1.29 1.29 1.29 1.29 1.29 1.29 1.29 1.29 1.29 1.29 1.29 1.30 1.30 1.30 1.30
1.30 1.30 1.30 1.30 1.30 1.30 1.30 1.30 1.29 1.29 1.29 1.29 1.29 1.29 1.29 1.29 1.29 1.28 1.28 1.28 1.28 1.28 1.28 1.28 1.28 1.28 1.28 1.28 1.29 1.29 1.29 1.30 1.30 1.31 1.31 1.32 1.33 1.33 1.34 1.35 1.36 1.36 1.37 1.37 1.37 1.37 1.37 1.36 1.36 1.35 1.34 1.33 1.32 1.32 1.31 1.31 1.30 1.30 1.29 1.29 1.29 1.29 1.28 1.28 1.28 1.28 1.28 1.28 1.28 1.28 1.28 1.29 1.29 1.29 1.29 1.29 1.29 1.29 1.29 1.29 1.29 1.30 1.30 1.30
1.30 1.30 1.30 1.30 1.30 1.30 1.30 1.29 1.29 1.29 1.29 1.29 1.29 1.29 1.29 1.28 1.28 1.28 1.28 1.28 1.28 1.28 1.28 1.28 1.28 1.28 1.28 1.28 1.28 1.29 1.29 1.30 1.30 1.30 1.31 1.32 1.33 1.34 1.35 1.36 1.37 1.38 1.38 1.39 1.39 1.38 1.38 1.37 1.37 1.36 1.34 1.34 1.33 1.32 1.31 1.30 1.30 1.30 1.29 1.29 1.29 1.28 1.28 1.28 1.28 1.28 1.28 1.28 1.28 1.28 1.28 1.28 1.28 1.29 1.29 1.29 1.29 1.29 1.29 1.29 1.29 1.29 1.29 1.30
1.30 1.30 1.30 1.30 1.30 1.30 1.29 1.29 1.29 1.29 1.29 1.29 1.29 1.29 1.28 1.28 1.28 1.28 1.28 1.28 1.27 1.27 1.27 1.27 1.27 1.27 1.28 1.28 1.28 1.28 1.29 1.29 1.29 1.30 1.31 1.32 1.33 1.34 1.35 1.37 1.38 1.40 1.40 1.41 1.41 1.40 1.40 1.39 1.38 1.37 1.35 1.34 1.33 1.32 1.31 1.30 1.30 1.29 1.29 1.28 1.28 1.28 1.28 1.28 1.28 1.28 1.28 1.28 1.28 1.28 1.28 1.28 1.28 1.28 1.28 1.29 1.29 1.29 1.29 1.29 1.29 1.29 1.29 1.29
1.30 1.30 1.30 1.30 1.30 1.29 1.29 1.29 1.29 1.29 1.29 1.29 1.28 1.28 1.28 1.28 1.28 1.28 1.27 1.27 1.27 1.27 1.27 1.27 1.27 1.27 1.27 1.27 1.28 1.28 1.28 1.29 1.29 1.29 1.31 1.32 1.33 1.35 1.36 1.38 1.40 1.42 1.43 1.43 1.43 1.43 1.42 1.41 1.39 1.38 1.36 1.34 1.33 1.32 1.31 1.30 1.29 1.29 1.28 1.28 1.28 1.27 1.27 1.27 1.27 1.27 1.27 1.27 1.27 1.27 1.28 1.28 1.28 1.28 1.28 1.28 1.29 1.29 1.29 1.29 1.29 1.29 1.29 1.29
1.30 1.30 1.30 1.30 1.29 1.29 1.29 1.29 1.29 1.29 1.29 1.29 1.28 1.28 1.28 1.28 1.27 1.27 1.27 1.27 1.27 1.26 1.26 1.26 1.26 1.26 1.26 1.27 1.27 1.27 1.28 1.27 1.28 1.29 1.30 1.32 1.33 1.35 1.37 1.40 1.43 1.45 1.46 1.47 1.47 1.46 1.45 1.43 1.41 1.39 1.37 1.35 1.33 1.31 1.30 1.29 1.29 1.28 1.28 1.27 1.27 1.27 1.27 1.27 1.27 1.27 1.27 1.27 1.27 1.27 1.27 1.27 1.28 1.28 1.28 1.28 1.28 1.28 1.29 1.29 1.29 1.29 1.29 1.29
1.30 1.30 1.30 1.29 1.29 1.29 1.29 1.29 1.29 1.29 1.29 1.28 1.28 1.28 1.28 1.27 1.27 1.27 1.27 1.26 1.26 1.26 1.26 1.26 1.26 1.26 1.26 1.26 1.27 1.27 1.26 1.26 1.27 1.28 1.29 1.31 1.33 1.35 1.38 1.42 1.45 1.49 1.51 1.51 1.51 1.51 1.49 1.47 1.44 1.41 1.37 1.35 1.32 1.31 1.29 1.28 1.28 1.27 1.27 1.27 1.26 1.26 1.26 1.26 1.26 1.26 1.26 1.26 1.27 1.27 1.27 1.27 1.27 1.27 1.28 1.28 1.28 1.28 1.28 1.29 1.29 1.29 1.29 1.29
1.30 1.30 1.30 1.29 1.29 1.29 1.29 1.29 1.29 1.29 1.28 1.28 1.28 1.28 1.27 1.27 1.27 1.26 1.26 1.26 1.26 1.26 1.25 1.25 1.25 1.25 1.25 1.25 1.26 1.25 1.24 1.25 1.26 1.27 1.28 1.30 1.32 1.35 1.39 1.44 1.50 1.54 1.57 1.58 1.57 1.57 1.55 1.52 1.48 1.43 1.38 1.34 1.32 1.30 1.28 1.27 1.27 1.26 1.26 1.26 1.26 1.26 1.25 1.25 1.26 1.26 1.26 1.26 1.26 1.26 1.26 1.27 1.27 1.27 1.27 1.28 1.28 1.28 1.28 1.28 1.29 1.29 1.29 1.29
1.30 1.30 1.29 1.29 1.29 1.29 1.29 1.29 1.29 1.28 1.28 1.28 1.28 1.27 1.27 1.27 1.26 1.26 1.26 1.25 1.25 1.25 1.25 1.25 1.25 1.24 1.24 1.24 1.24 1.23 1.23 1.23 1.24 1.25 1.26 1.28 1.31 1.34 1.39 1.47 1.56 1.65 1.68 1.65 1.63 1.63 1.64 1.61 1.54 1.45 1.38 1.33 1.30 1.28 1.27 1.26 1.25 1.25 1.25 1.25 1.25 1.25 1.25 1.25 1.25 1.25 1.25 1.25 1.25 1.26 1.26 1.26 1.27 1.27 1.27 1.27 1.28 1.28 1.28 1.28 1.28 1.29 1.29 1.29
1.30 1.30 1.29 1.29 1.29 1.29 1.29 1.29 1.28 1.28 1.28 1.28 1.27 1.27 1.27 1.26 1.26 1.26 1.25 1.25 1.25 1.24 1.24 1.24 1.24 1.24 1.23 1.23 1.22 1.22 1.21 1.22 1.23 1.23 1.24 1.25 1.28 1.32 1.38 1.46 1.65 1.85 1.85 1.72 1.67 1.70 1.75 1.74 1.62 1.47 1.36 1.30 1.28 1.26 1.25 1.24 1.24 1.24 1.24 1.24 1.24 1.24 1.24 1.24 1.24 1.24 1.24 1.25 1.25 1.25 1.25 1.26 1.26 1.26 1.27 1.27 1.27 1.28 1.28 1.28 1.28 1.29 1.29 1.29
1.30 1.29 1.29 1.29 1.29 1.29 1.29 1.28 1.28 1.28 1.28 1.27 1.27 1.27 1.26 1.26 1.25 1.25 1.25 1.24 1.24 1.24 1.24 1.23 1.23 1.22 1.22 1.21 1.21 1.20 1.20 1.20 1.20 1.20 1.21 1.23 1.24 1.29 1.35 1.41 1.65 2.05 2.11 1.85 1.78 1.79 1.89 1.88 1.69 1.45 1.31 1.27 1.24 1.23 1.23 1.22 1.22 1.22 1.22 1.22 1.22 1.22 1.23 1.23 1.23 1.23 1.24 1.24 1.24 1.25 1.25 1.25 1.26 1.26 1.26 1.27 1.27 1.27 1.28 1.28 1.28 1.28 1.29 1.29
1.29 1.29 1.29 1.29 1.29 1.29 1.29 1.28 1.28 1.28 1.27 1.27 1.27 1.26 1.26 1.25 1.25 1.25 1.24 1.24 1.23 1.23 1.23 1.23 1.22 1.21 1.20 1.19 1.19 1.18 1.18 1.18 1.17 1.17 1.18 1.19 1.20 1.23 1.32 1.38 1.61 2.15 2.37 2.19 1.94 1.90 1.97 1.93 1.67 1.33 1.21 1.22 1.20 1.20 1.21 1.20 1.20 1.20 1.20 1.20 1.21 1.21 1.21 1.22 1.22 1.22 1.23 1.23 1.24 1.24 1.24 1.25 1.25 1.26 1.26 1.26 1.27 1.27 1.27 1.28 1.28 1.28 1.28 1.29
1.29 1.29 1.29 1.29 1.29 1.29 1.28 1.28 1.28 1.27 1.27 1.27 1.26 1.26 1.25 1.25 1.25 1.24 1.24 1.23 1.23 1.23 1.22 1.21 1.20 1.19 1.18 1.18 1.17 1.17 1.16 1.15 1.14 1.14 1.14 1.14 1.14 1.16 1.25 1.37 1.67 2.19 2.51 2.32 1.97 1.92 1.99 1.87 1.48 1.09 1.07 1.17 1.18 1.18 1.18 1.18 1.18 1.18 1.18 1.18 1.19 1.19 1.20 1.20 1.21 1.21 1.22 1.22 1.23 1.23 1.24 1.24 1.25 1.25 1.26 1.26 1.26 1.27 1.27 1.27 1.28 1.28 1.28 1.28
1.29 1.29 1.29 1.29 1.29 1.28 1.28 1.28 1.28 1.27 1.27 1.26 1.26 1.25 1.25 1.24 1.24 1.23 1.23 1.23 1.22 1.22 1.21 1.20 1.18 1.17 1.17 1.16 1.15 1.14 1.13 1.12 1.11 1.10 1.10 1.10 1.09 1.07 1.13 1.30 1.66 2.24 2.62 2.33 1.88 1.89 1.95 1.70 1.18 0.89 0.98 1.14 1.20 1.19 1.16 1.16 1.16 1.15 1.15 1.16 1.17 1.17 1.18 1.19 1.19 1.20 1.21 1.21 1.22 1.23 1.23 1.24 1.24 1.25 1.25 1.26 1.26 1.26 1.27 1.27 1.27 1.28 1.28 1.28
1.29 1.29 1.29 1.29 1.29 1.28 1.28 1.28 1.27 1.27 1.27 1.26 1.26 1.25 1.25 1.24 1.23 1.23 1.22 1.22 1.22 1.22 1.20 1.18 1.17 1.16 1.15 1.14 1.13 1.12 1.10 1.09 1.08 1.07 1.06 1.05 1.02 0.98 1.00 1.21 1.58 2.28 2.63 2.24 1.71 1.84 1.89 1.43 0.87 0.81 0.96 1.13 1.23 1.20 1.16 1.15 1.12 1.12 1.13 1.13 1.14 1.15 1.16 1.17 1.18 1.19 1.20 1.20 1.21 1.22 1.22 1.23 1.24 1.24 1.25 1.25 1.26 1.26 1.27 1.27 1.27 1.28 1.28 1.28
1.29 1.29 1.29 1.29 1.28 1.28 1.28 1.27 1.27 1.27 1.26 1.26 1.25 1.25 1.24 1.24 1.23 1.22 1.22 1.22 1.22 1.20 1.18 1.16 1.15 1.14 1.13 1.11 1.10 1.09 1.07 1.06 1.04 1.04 1.04 1.03 0.96 0.88 0.93 1.11 1.50 2.35 2.62 2.08 1.59 1.81 1.78 1.12 0.77 0.84 0.98 1.13 1.24 1.26 1.21 1.12 1.08 1.09 1.09 1.10 1.11 1.12 1.14 1.15 1.16 1.17 1.18 1.19 1.20 1.21 1.22 1.22 1.23 1.24 1.24 1.25 1.25 1.26 1.26 1.27 1.27 1.27 1.28 1.28
