data/AilsaCraig_135_1_25m_vel_2m.asc
ncols	257
nrows	257
xllcorner	3364200.000000
yllcorner	3669375.000000
cellsize	25.000000
NODATA_value	-1.000000
[rows 76 to 113 of 257, columns 84 to 167 of 257]
1.21 1.21 1.21 1.21 1.21 1.21 1.21 1.21 1.21 1.21 1.21 1.21 1.21 1.21 1.21 1.21 1.21 1.21 1.21 1.21 1.21 1.21 1.21 1.21 1.21 1.21 1.21 1.21 1.21 1.21 1.21 1.21 1.21 1.21 1.21 1.21 1.21 1.21 1.21 1.21 1.21 1.21 1.21 1.21 1.21 1.21 1.21 1.21 1.21 1.21 1.21 1.21 1.21 1.21 1.21 1.21 1.21 1.21 1.21 1.21 1.21 1.21 1.21 1.21 1.21 1.21 1.21 1.21 1.21 1.21 1.21 1.21 1.21 1.21 1.21 1.21 1.21 1.21 1.21 1.21 1.21 1.21 1.21 1.21
1.21 1.21 1.21 1.21 1.21 1.21 1.21 1.21 1.21 1.21 1.21 1.21 1.21 1.21 1.21 1.21 1.21 1.21 1.21 1.21 1.21 1.21 1.21 1.21 1.21 1.21 1.21 1.21 1.21 1.21 1.21 1.21 1.21 1.21 1.21 1.21 1.21 1.21 1.21 1.21 1.21 1.21 1.21 1.21 1.21 1.21 1.21 1.21 1.21 1.21 1.21 1.21 1.21 1.21 1.21 1.21 1.21 1.21 1.21 1.21 1.21 1.21 1.21 1.21 1.21 1.21 1.21 1.21 1.21 1.21 1.21 1.21 1.21 1.21 1.21 1.21 1.21 1.21 1.21 1.21 1.21 1.21 1.21 1.21
1.21 1.21 1.21 1.21 1.21 1.21 1.21 1.21 1.21 1.21 1.21 1.21 1.21 1.21 1.21 1.21 1.21 1.21 1.21 1.21 1.21 1.21 1.21 1.21 1.21 1.21 1.21 1.21 1.21 1.21 1.21 1.21 1.21 1.21 1.21 1.21 1.21 1.21 1.21 1.21 1.21 1.21 1.21 1.21 1.21 1.21 1.21 1.21 1.21 1.21 1.21 1.21 1.21 1.21 1.21 1.21 1.21 1.21 1.21 1.21 1.21 1.21 1.21 1.21 1.21 1.21 1.21 1.21 1.21 1.21 1.21 1.21 1.21 1.21 1.21 1.21 1.21 1.21 1.21 1.21 1.21 1.21 1.21 1.21
1.21 1.21 1.21 1.21 1.21 1.21 1.21 1.21 1.21 1.21 1.21 1.21 1.21 1.21 1.21 1.21 1.21 1.21 1.21 1.21 1.21 1.21 1.21 1.21 1.21 1.21 1.21 1.21 1.21 1.21 1.21 1.21 1.21 1.20 1.20 1.21 1.21 1.21 1.21 1.21 1.21 1.21 1.21 1.21 1.21 1.21 1.21 1.21 1.21 1.21 1.21 1.21 1.21 1.21 1.21 1.21 1.21 1.21 1.21 1.21 1.21 1.21 1.21 1.21 1.21 1.21 1.21 1.21 1.21 1.21 1.21 1.21 1.21 1.21 1.21 1.21 1.21 1.21 1.21 1.21 1.21 1.21 1.21 1.21
1.21 1.21 1.21 1.21 1.21 1.21 1.21 1.21 1.21 1.21 1.21 1.21 1.21 1.21 1.21 1.21 1.21 1.21 1.21 1.21 1.21 1.21 1.21 1.21 1.21 1.21 1.21 1.20 1.20 1.20 1.20 1.20 1.20 1.20 1.20 1.20 1.20 1.20 1.20 1.20 1.20 1.21 1.21 1.21 1.21 1.21 1.21 1.21 1.21 1.21 1.21 1.21 1.21 1.21 1.21 1.21 1.21 1.21 1.21 1.21 1.21 1.21 1.21 1.21 1.21 1.21 1.21 1.21 1.21 1.21 1.21 1.21 1.21 1.21 1.21 1.21 1.21 1.21 1.21 1.21 1.21 1.21 1.21 1.21
1.21 1.21 1.21 1.21 1.21 1.21 1.21 1.21 1.21 1.21 1.21 1.21 1.21 1.21 1.21 1.21 1.21 1.21 1.21 1.21 1.21 1.21 1.21 1.21 1.21 1.20 1.20 1.20 1.20 1.20 1.20 1.20 1.20 1.20 1.20 1.20 1.20 1.20 1.20 1.20 1.20 1.20 1.20 1.20 1.21 1.21 1.21 1.21 1.21 1.21 1.21 1.21 1.21 1.21 1.21 1.21 1.21 1.21 1.21 1.21 1.21 1.21 1.21 1.21 1.21 1.21 1.21 1.21 1.21 1.21 1.21 1.21 1.21 1.21 1.21 1.21 1.21 1.21 1.21 1.21 1.21 1.21 1.21 1.21
1.21 1.21 1.21 1.21 1.21 1.21 1.21 1.21 1.21 1.21 1.21 1.21 1.21 1.21 1.21 1.21 1.21 1.21 1.21 1.21 1.21 1.20 1.20 1.20 1.20 1.20 1.20 1.20 1.20 1.20 1.20 1.20 1.20 1.20 1.20 1.20 1.20 1.20 1.20 1.20 1.20 1.20 1.20 1.20 1.20 1.20 1.21 1.21 1.21 1.21 1.21 1.21 1.21 1.21 1.21 1.21 1.21 1.21 1.21 1.21 1.21 1.21 1.21 1.21 1.21 1.21 1.21 1.21 1.21 1.21 1.21 1.21 1.21 1.21 1.21 1.21 1.21 1.21 1.21 1.21 1.21 1.21 1.21 1.21
1.21 1.21 1.21 1.21 1.21 1.21 1.21 1.21 1.21 1.21 1.21 1.21 1.21 1.21 1.21 1.21 1.21 1.21 1.21 1.21 1.20 1.20 1.20 1.20 1.20 1.20 1.20 1.20 1.20 1.20 1.20 1.20 1.20 1.20 1.20 1.20 1.20 1.20 1.20 1.20 1.20 1.20 1.20 1.20 1.20 1.20 1.20 1.21 1.21 1.21 1.21 1.21 1.21 1.21 1.21 1.21 1.21 1.21 1.21 1.21 1.21 1.21 1.21 1.21 1.21 1.21 1.21 1.21 1.21 1.21 1.21 1.21 1.21 1.21 1.21 1.21 1.21 1.21 1.21 1.21 1.21 1.21 1.21 1.21
1.21 1.21 1.21 1.21 1.21 1.21 1.21 1.21 1.21 1.21 1.21 1.21 1.21 1.21 1.21 1.21 1.21 1.21 1.20 1.20 1.20 1.20 1.20 1.20 1.20 1.20 1.20 1.20 1.20 1.20 1.20 1.20 1.20 1.20 1.20 1.20 1.20 1.20 1.20 1.20 1.20 1.20 1.20 1.20 1.20 1.20 1.20 1.20 1.20 1.21 1.21 1.21 1.21 1.21 1.21 1.21 1.21 1.21 1.21 1.21 1.21 1.21 1.21 1.21 1.21 1.21 1.21 1.21 1.21 1.21 1.21 1.21 1.21 1.21 1.21 1.21 1.21 1.21 1.21 1.21 1.21 1.21 1.21 1.21
1.21 1.21 1.21 1.21 1.21 1.21 1.21 1.21 1.21 1.21 1.21 1.21 1.21 1.21 1.21 1.21 1.20 1.20 1.20 1.20 1.20 1.20 1.20 1.20 1.20 1.20 1.20 1.20 1.20 1.20 1.20 1.20 1.20 1.20 1.20 1.20 1.20 1.20 1.20 1.20 1.20 1.20 1.20 1.20 1.20 1.20 1.20 1.20 1.20 1.21 1.21 1.21 1.21 1.21 1.21 1.21 1.21 1.21 1.21 1.21 1.21 1.21 1.21 1.21 1.21 1.21 1.21 1.21 1.21 1.21 1.21 1.21 1.21 1.21 1.21 1.21 1.21 1.21 1.21 1.21 1.21 1.21 1.21 1.21
1.21 1.21 1.21 1.21 1.21 1.21 1.21 1.21 1.21 1.21 1.21 1.21 1.21 1.21 1.21 1.20 1.20 1.20 1.20 1.20 1.20 1.20 1.20 1.20 1.20 1.20 1.20 1.20 1.20 1.20 1.20 1.20 1.20 1.19 1.19 1.19 1.19 1.20 1.20 1.20 1.20 1.20 1.20 1.20 1.20 1.20 1.20 1.20 1.20 1.20 1.21 1.21 1.21 1.21 1.21 1.21 1.21 1.21 1.21 1.21 1.21 1.21 1.21 1.21 1.21 1.21 1.21 1.21 1.21 1.21 1.21 1.21 1.21 1.21 1.21 1.21 1.21 1.21 1.21 1.21 1.21 1.21 1.21 1.21
1.21 1.21 1.21 1.21 1.21 1.21 1.21 1.21 1.21 1.21 1.21 1.21 1.21 1.21 1.20 1.20 1.20 1.20 1.20 1.20 1.20 1.20 1.20 1.20 1.20 1.20 1.20 1.20 1.19 1.19 1.19 1.19 1.19 1.19 1.19 1.19 1.19 1.19 1.19 1.19 1.19 1.20 1.20 1.20 1.20 1.20 1.20 1.20 1.20 1.20 1.21 1.21 1.21 1.21 1.21 1.21 1.21 1.21 1.21 1.21 1.21 1.21 1.21 1.21 1.21 1.21 1.21 1.21 1.21 1.21 1.21 1.21 1.21 1.21 1.21 1.21 1.21 1.21 1.21 1.21 1.21 1.21 1.21 1.21
1.21 1.21 1.21 1.21 1.21 1.21 1.21 1.21 1.21 1.21 1.21 1.21 1.21 1.20 1.20 1.20 1.20 1.20 1.20 1.20 1.20 1.20 1.20 1.20 1.20 1.19 1.19 1.19 1.19 1.19 1.19 1.19 1.19 1.19 1.19 1.19 1.19 1.19 1.19 1.19 1.19 1.19 1.19 1.20 1.20 1.20 1.20 1.20 1.20 1.20 1.20 1.21 1.21 1.21 1.21 1.21 1.21 1.21 1.21 1.21 1.21 1.21 1.21 1.21 1.21 1.21 1.21 1.21 1.21 1.21 1.21 1.21 1.21 1.21 1.21 1.21 1.21 1.21 1.21 1.21 1.21 1.21 1.21 1.21
1.21 1.21 1.21 1.21 1.21 1.21 1.21 1.21 1.21 1.21 1.21 1.20 1.20 1.20 1.20 1.20 1.20 1.20 1.20 1.20 1.20 1.20 1.20 1.19 1.19 1.19 1.19 1.19 1.19 1.19 1.19 1.19 1.19 1.19 1.19 1.19 1.19 1.19 1.19 1.19 1.19 1.19 1.19 1.19 1.20 1.20 1.20 1.20 1.20 1.20 1.20 1.21 1.21 1.21 1.21 1.21 1.21 1.21 1.21 1.21 1.21 1.21 1.21 1.21 1.21 1.21 1.21 1.21 1.21 1.21 1.21 1.21 1.21 1.21 1.21 1.21 1.21 1.21 1.21 1.21 1.21 1.21 1.21 1.21
1.21 1.21 1.21 1.21 1.21 1.21 1.21 1.21 1.21 1.21 1.20 1.20 1.20 1.20 1.20 1.20 1.20 1.20 1.20 1.20 1.20 1.19 1.19 1.19 1.19 1.19 1.19 1.19 1.19 1.18 1.18 1.18 1.18 1.18 1.18 1.18 1.18 1.18 1.18 1.19 1.19 1.19 1.19 1.19 1.19 1.20 1.20 1.20 1.20 1.20 1.20 1.21 1.21 1.21 1.21 1.21 1.21 1.21 1.21 1.21 1.21 1.21 1.21 1.21 1.21 1.21 1.21 1.21 1.21 1.21 1.21 1.21 1.21 1.21 1.21 1.21 1.21 1.21 1.21 1.21 1.21 1.21 1.21 1.21
1.21 1.21 1.21 1.21 1.21 1.21 1.21 1.21 1.21 1.21 1.20 1.20 1.20 1.20 1.20 1.20 1.20 1.20 1.20 1.20 1.19 1.19 1.19 1.19 1.19 1.19 1.18 1.18 1.18 1.18 1.18 1.18 1.18 1.18 1.18 1.18 1.18 1.18 1.18 1.18 1.18 1.19 1.19 1.19 1.19 1.19 1.20 1.20 1.20 1.20 1.20 1.21 1.21 1.21 1.21 1.21 1.21 1.21 1.21 1.21 1.21 1.21 1.21 1.21 1.21 1.21 1.21 1.21 1.21 1.21 1.21 1.21 1.21 1.21 1.21 1.21 1.21 1.21 1.21 1.21 1.21 1.21 1.21 1.21
1.21 1.21 1.21 1.21 1.21 1.21 1.21 1.21 1.21 1.20 1.20 1.20 1.20 1.20 1.20 1.20 1.20 1.20 1.19 1.19 1.19 1.19 1.19 1.19 1.18 1.18 1.18 1.18 1.18 1.18 1.17 1.17 1.17 1.17 1.17 1.17 1.17 1.17 1.18 1.18 1.18 1.18 1.18 1.19 1.19 1.19 1.19 1.20 1.20 1.20 1.20 1.21 1.21 1.21 1.21 1.21 1.21 1.21 1.21 1.21 1.21 1.21 1.21 1.21 1.21 1.21 1.21 1.21 1.21 1.21 1.21 1.21 1.21 1.21 1.21 1.21 1.21 1.21 1.21 1.21 1.21 1.21 1.21 1.21
1.21 1.21 1.21 1.21 1.21 1.21 1.21 1.21 1.20 1.20 1.20 1.20 1.20 1.20 1.20 1.20 1.20 1.19 1.19 1.19 1.19 1.19 1.18 1.18 1.18 1.18 1.18 1.17 1.17 1.17 1.17 1.17 1.17 1.17 1.17 1.17 1.17 1.17 1.17 1.17 1.18 1.18 1.18 1.18 1.19 1.19 1.19 1.20 1.20 1.20 1.20 1.21 1.21 1.21 1.21 1.21 1.21 1.21 1.21 1.21 1.21 1.21 1.21 1.21 1.21 1.21 1.21 1.21 1.21 1.21 1.21 1.21 1.21 1.21 1.21 1.21 1.21 1.21 1.21 1.21 1.21 1.21 1.21 1.21
1.21 1.21 1.21 1.21 1.21 1.21 1.21 1.20 1.20 1.20 1.20 1.20 1.20 1.20 1.20 1.20 1.19 1.19 1.19 1.19 1.19 1.18 1.18 1.18 1.18 1.17 1.17 1.17 1.17 1.16 1.16 1.16 1.16 1.16 1.16 1.16 1.16 1.16 1.17 1.17 1.17 1.17 1.18 1.18 1.19 1.19 1.19 1.20 1.20 1.20 1.20 1.21 1.21 1.21 1.21 1.21 1.21 1.21 1.21 1.21 1.21 1.21 1.21 1.21 1.21 1.21 1.21 1.21 1.21 1.21 1.21 1.21 1.21 1.21 1.21 1.21 1.21 1.21 1.21 1.21 1.21 1.21 1.21 1.21
1.21 1.21 1.21 1.21 1.21 1.21 1.20 1.20 1.20 1.20 1.20 1.20 1.20 1.20 1.20 1.19 1.19 1.19 1.19 1.19 1.18 1.18 1.18 1.17 1.17 1.17 1.17 1.16 1.16 1.16 1.16 1.15 1.15 1.15 1.15 1.15 1.16 1.16 1.16 1.16 1.17 1.17 1.17 1.18 1.18 1.19 1.19 1.20 1.20 1.20 1.21 1.21 1.21 1.21 1.21 1.21 1.22 1.22 1.22 1.22 1.22 1.22 1.21 1.21 1.21 1.21 1.21 1.21 1.21 1.21 1.21 1.21 1.21 1.21 1.21 1.21 1.21 1.21 1.21 1.21 1.21 1.21 1.21 1.21
1.21 1.21 1.21 1.21 1.21 1.21 1.20 1.20 1.20 1.20 1.20 1.20 1.20 1.20 1.19 1.19 1.19 1.19 1.18 1.18 1.18 1.18 1.17 1.17 1.17 1.16 1.16 1.16 1.15 1.15 1.15 1.15 1.15 1.15 1.15 1.15 1.15 1.15 1.15 1.16 1.16 1.16 1.17 1.17 1.18 1.18 1.19 1.20 1.20 1.20 1.21 1.21 1.21 1.21 1.22 1.22 1.22 1.22 1.22 1.22 1.22 1.22 1.22 1.22 1.22 1.22 1.21 1.21 1.21 1.21 1.21 1.21 1.21 1.21 1.21 1.21 1.21 1.21 1.21 1.21 1.21 1.21 1.21 1.21
1.21 1.21 1.21 1.21 1.21 1.20 1.20 1.20 1.20 1.20 1.20 1.20 1.20 1.19 1.19 1.19 1.19 1.18 1.18 1.18 1.18 1.17 1.17 1.16 1.16 1.16 1.15 1.15 1.15 1.14 1.14 1.14 1.14 1.14 1.13 1.14 1.14 1.14 1.14 1.15 1.15 1.16 1.16 1.17 1.18 1.18 1.19 1.20 1.20 1.21 1.21 1.21 1.22 1.22 1.22 1.22 1.22 1.22 1.22 1.22 1.22 1.22 1.22 1.22 1.22 1.22 1.22 1.22 1.21 1.21 1.21 1.21 1.21 1.21 1.21 1.21 1.21 1.21 1.21 1.21 1.21 1.21 1.21 1.21
1.21 1.21 1.21 1.21 1.20 1.20 1.20 1.20 1.20 1.20 1.20 1.20 1.19 1.19 1.19 1.19 1.18 1.18 1.18 1.17 1.17 1.17 1.16 1.16 1.15 1.15 1.15 1.14 1.14 1.13 1.13 1.13 1.13 1.13 1.13 1.13 1.13 1.13 1.13 1.14 1.14 1.15 1.16 1.16 1.17 1.18 1.19 1.20 1.20 1.21 1.21 1.22 1.22 1.22 1.22 1.22 1.22 1.22 1.22 1.22 1.22 1.22 1.22 1.22 1.22 1.22 1.22 1.22 1.22 1.21 1.21 1.21 1.21 1.21 1.21 1.21 1.21 1.21 1.21 1.21 1.21 1.21 1.21 1.21
1.21 1.21 1.21 1.20 1.20 1.20 1.20 1.20 1.20 1.20 1.20 1.19 1.19 1.19 1.19 1.18 1.18 1.18 1.17 1.17 1.17 1.16 1.16 1.15 1.15 1.14 1.14 1.13 1.13 1.12 1.12 1.12 1.12 1.12 1.11 1.11 1.11 1.11 1.12 1.12 1.13 1.14 1.15 1.16 1.17 1.18 1.19 1.20 1.20 1.21 1.22 1.22 1.22 1.22 1.23 1.23 1.23 1.23 1.22 1.22 1.22 1.22 1.22 1.22 1.22 1.22 1.22 1.22 1.22 1.22 1.21 1.21 1.21 1.21 1.21 1.21 1.21 1.21 1.21 1.21 1.21 1.21 1.21 1.21
1.21 1.21 1.21 1.20 1.20 1.20 1.20 1.20 1.20 1.20 1.20 1.19 1.19 1.19 1.19 1.18 1.18 1.17 1.17 1.17 1.16 1.16 1.15 1.15 1.14 1.13 1.13 1.12 1.12 1.12 1.11 1.11 1.11 1.10 1.09 1.09 1.09 1.10 1.10 1.10 1.11 1.12 1.14 1.15 1.16 1.17 1.19 1.20 1.21 1.22 1.22 1.23 1.23 1.23 1.23 1.23 1.23 1.23 1.23 1.23 1.23 1.22 1.22 1.22 1.22 1.22 1.22 1.22 1.22 1.22 1.21 1.21 1.21 1.21 1.21 1.21 1.21 1.21 1.21 1.21 1.21 1.21 1.21 1.21
1.21 1.21 1.20 1.20 1.20 1.20 1.20 1.20 1.20 1.20 1.19 1.19 1.19 1.19 1.18 1.18 1.18 1.17 1.17 1.16 1.16 1.15 1.15 1.14 1.13 1.13 1.12 1.11 1.11 1.11 1.10 1.10 1.09 1.08 1.08 1.08 1.08 1.08 1.08 1.08 1.09 1.11 1.12 1.14 1.15 1.17 1.19 1.20 1.22 1.22 1.23 1.23 1.24 1.24 1.24 1.23 1.23 1.23 1.23 1.23 1.23 1.23 1.23 1.22 1.22 1.22 1.22 1.22 1.22 1.22 1.22 1.21 1.21 1.21 1.21 1.21 1.21 1.21 1.21 1.21 1.21 1.21 1.21 1.21
1.21 1.21 1.20 1.20 1.20 1.20 1.20 1.20 1.20 1.19 1.19 1.19 1.19 1.18 1.18 1.18 1.17 1.17 1.16 1.16 1.15 1.14 1.14 1.13 1.13 1.12 1.11 1.11 1.10 1.09 1.09 1.09 1.07 1.06 1.05 1.05 1.04 1.04 1.04 1.04 1.06 1.08 1.10 1.12 1.15 1.17 1.19 1.21 1.22 1.23 1.24 1.24 1.24 1.24 1.24 1.24 1.24 1.24 1.23 1.23 1.23 1.23 1.23 1.23 1.22 1.22 1.22 1.22 1.22 1.22 1.22 1.21 1.21 1.21 1.21 1.21 1.21 1.21 1.21 1.21 1.21 1.21 1.21 1.21
1.21 1.20 1.20 1.20 1.20 1.20 1.20 1.20 1.20 1.19 1.19 1.19 1.18 1.18 1.18 1.17 1.17 1.16 1.16 1.15 1.14 1.14 1.13 1.12 1.12 1.11 1.10 1.09 1.09 1.09 1.08 1.06 1.05 1.03 1.01 1.01 1.01 1.00 1.00 1.01 1.02 1.05 1.08 1.11 1.14 1.17 1.20 1.22 1.24 1.25 1.26 1.26 1.26 1.25 1.25 1.25 1.24 1.24 1.24 1.24 1.23 1.23 1.23 1.23 1.23 1.22 1.22 1.22 1.22 1.22 1.22 1.22 1.21 1.21 1.21 1.21 1.21 1.21 1.21 1.21 1.21 1.21 1.21 1.21
1.21 1.20 1.20 1.20 1.20 1.20 1.20 1.20 1.19 1.19 1.19 1.19 1.18 1.18 1.17 1.17 1.16 1.16 1.15 1.15 1.14 1.13 1.12 1.12 1.11 1.10 1.09 1.08 1.08 1.08 1.06 1.03 1.01 0.99 0.98 0.97 0.96 0.96 0.96 0.97 0.98 1.02 1.06 1.09 1.13 1.17 1.21 1.24 1.26 1.27 1.28 1.27 1.27 1.26 1.26 1.25 1.25 1.25 1.24 1.24 1.24 1.23 1.23 1.23 1.23 1.23 1.22 1.22 1.22 1.22 1.22 1.22 1.21 1.21 1.21 1.21 1.21 1.21 1.21 1.21 1.21 1.21 1.21 1.21
1.20 1.20 1.20 1.20 1.20 1.20 1.20 1.19 1.19 1.19 1.19 1.18 1.18 1.18 1.17 1.17 1.16 1.15 1.15 1.14 1.13 1.12 1.12 1.11 1.10 1.09 1.08 1.08 1.08 1.05 1.02 1.00 0.97 0.96 0.95 0.93 0.91 0.90 0.89 0.90 0.92 0.97 1.02 1.08 1.13 1.18 1.24 1.28 1.30 1.31 1.31 1.29 1.28 1.27 1.27 1.26 1.26 1.25 1.25 1.25 1.24 1.24 1.24 1.23 1.23 1.23 1.22 1.22 1.22 1.22 1.22 1.22 1.22 1.21 1.21 1.21 1.21 1.21 1.21 1.21 1.21 1.21 1.21 1.21
1.20 1.20 1.20 1.20 1.20 1.20 1.20 1.19 1.19 1.19 1.19 1.18 1.18 1.17 1.17 1.16 1.16 1.15 1.14 1.13 1.13 1.12 1.11 1.10 1.09 1.08 1.08 1.07 1.05 1.02 0.99 0.96 0.95 0.93 0.90 0.87 0.85 0.82 0.80 0.80 0.84 0.91 1.00 1.06 1.11 1.18 1.27 1.35 1.38 1.37 1.34 1.32 1.30 1.28 1.27 1.27 1.26 1.26 1.25 1.25 1.25 1.24 1.24 1.24 1.23 1.23 1.23 1.22 1.22 1.22 1.22 1.22 1.22 1.21 1.21 1.21 1.21 1.21 1.21 1.21 1.21 1.21 1.21 1.21
1.20 1.20 1.20 1.20 1.20 1.20 1.19 1.19 1.19 1.19 1.18 1.18 1.17 1.17 1.16 1.16 1.15 1.14 1.14 1.13 1.12 1.11 1.10 1.09 1.09 1.08 1.07 1.05 1.02 0.99 0.96 0.94 0.92 0.89 0.85 0.81 0.77 0.73 0.69 0.66 0.73 0.91 1.03 1.06 1.13 1.22 1.36 1.48 1.50 1.44 1.37 1.33 1.31 1.29 1.28 1.28 1.27 1.26 1.26 1.26 1.25 1.25 1.24 1.24 1.23 1.23 1.23 1.23 1.22 1.22 1.22 1.22 1.22 1.21 1.21 1.21 1.21 1.21 1.21 1.21 1.21 1.21 1.21 1.21
1.20 1.20 1.20 1.20 1.20 1.20 1.19 1.19 1.19 1.18 1.18 1.18 1.17 1.17 1.16 1.15 1.15 1.14 1.13 1.12 1.11 1.10 1.10 1.09 1.08 1.07 1.05 1.02 0.99 0.96 0.94 0.92 0.88 0.84 0.79 0.74 0.68 0.61 0.55 0.48 0.59 0.94 1.15 1.15 1.24 1.36 1.61 1.73 1.69 1.52 1.39 1.35 1.31 1.30 1.29 1.28 1.28 1.27 1.27 1.26 1.26 1.25 1.25 1.24 1.24 1.23 1.23 1.23 1.22 1.22 1.22 1.22 1.22 1.21 1.21 1.21 1.21 1.21 1.21 1.21 1.21 1.21 1.21 1.21
1.20 1.20 1.20 1.20 1.20 1.19 1.19 1.19 1.19 1.18 1.18 1.17 1.17 1.16 1.16 1.15 1.14 1.14 1.13 1.12 1.11 1.10 1.09 1.09 1.08 1.05 1.02 1.00 0.97 0.94 0.91 0.88 0.84 0.78 0.73 0.66 0.58 0.48 0.40 0.37 0.49 0.97 1.37 1.53 1.51 1.60 1.83 1.95 1.82 1.54 1.38 1.35 1.31 1.29 1.29 1.29 1.29 1.28 1.27 1.27 1.26 1.25 1.25 1.24 1.24 1.23 1.23 1.23 1.22 1.22 1.22 1.22 1.22 1.21 1.21 1.21 1.21 1.21 1.21 1.21 1.21 1.21 1.21 1.21
1.20 1.20 1.20 1.20 1.20 1.19 1.19 1.19 1.18 1.18 1.18 1.17 1.17 1.16 1.15 1.15 1.14 1.13 1.12 1.11 1.10 1.10 1.09 1.08 1.06 1.03 1.00 0.98 0.94 0.91 0.88 0.84 0.79 0.73 0.66 0.58 0.47 0.36 0.29 0.30 0.52 1.02 1.58 1.79 1.68 1.72 1.95 1.99 1.71 1.34 1.25 1.27 1.27 1.30 1.31 1.31 1.30 1.29 1.28 1.27 1.27 1.26 1.25 1.25 1.24 1.24 1.23 1.23 1.22 1.22 1.22 1.22 1.22 1.21 1.21 1.21 1.21 1.21 1.21 1.21 1.21 1.21 1.21 1.21
1.20 1.20 1.20 1.20 1.20 1.19 1.19 1.19 1.18 1.18 1.17 1.17 1.16 1.16 1.15 1.14 1.13 1.13 1.12 1.11 1.10 1.09 1.09 1.07 1.04 1.01 0.99 0.95 0.92 0.89 0.84 0.80 0.74 0.66 0.58 0.48 0.38 0.30 0.25 0.33 0.59 1.13 1.82 1.95 1.71 1.75 1.96 1.87 1.42 1.10 1.10 1.20 1.30 1.34 1.33 1.32 1.32 1.30 1.29 1.28 1.27 1.27 1.26 1.25 1.24 1.24 1.23 1.23 1.23 1.22 1.22 1.22 1.22 1.21 1.21 1.21 1.21 1.21 1.21 1.21 1.21 1.21 1.21 1.21
1.20 1.20 1.20 1.20 1.19 1.19 1.19 1.19 1.18 1.18 1.17 1.17 1.16 1.15 1.15 1.14 1.13 1.12 1.11 1.10 1.10 1.09 1.08 1.05 1.02 0.99 0.97 0.93 0.90 0.86 0.81 0.75 0.68 0.59 0.49 0.41 0.35 0.30 0.29 0.41 0.64 1.33 1.99 1.95 1.62 1.72 1.84 1.54 1.05 0.94 1.03 1.18 1.30 1.34 1.35 1.37 1.34 1.32 1.31 1.29 1.28 1.27 1.26 1.25 1.24 1.24 1.23 1.23 1.22 1.22 1.22 1.22 1.22 1.21 1.21 1.21 1.21 1.21 1.21 1.21 1.21 1.21 1.21 1.21
1.20 1.20 1.20 1.20 1.19 1.19 1.19 1.18 1.18 1.18 1.17 1.16 1.16 1.15 1.14 1.14 1.13 1.12 1.11 1.10 1.10 1.09 1.07 1.03 1.00 0.98 0.95 0.92 0.87 0.82 0.77 0.70 0.61 0.51 0.43 0.38 0.36 0.35 0.37 0.50 0.76 1.59 2.04 1.76 1.45 1.63 1.60 1.07 0.80 0.86 1.01 1.16 1.25 1.33 1.40 1.38 1.34 1.35 1.33 1.31 1.29 1.28 1.26 1.25 1.24 1.24 1.23 1.23 1.23 1.22 1.22 1.22 1.21 1.21 1.21 1.21 1.21 1.21 1.21 1.21 1.21 1.21 1.21 1.21
