data/AilsaCraig_270_1_25m_ang.asc
ncols	257
nrows	257
xllcorner	3364200.000000
yllcorner	3669375.000000
cellsize	25.000000
NODATA_value	-1.000000
[rows 84 to 125 of 257, columns 94 to 187 of 257]
270 270 270 270 270 270 270 270 270 270 270 270 270 270 270 270 270 270 270 270 270 270 270 270 270 270 270 270 270 270 270 270 270 270 270 270 270 270 270 270 270 270 270 270 270 270 270 270 270 270 270 270 270 270 270 270 270 270 270 270 270 270 270 270 270 270 270 270 270 270 270 270 270 270 270 270 270 270 270 270 270 270 270 270 270 270 270 270 270 270 270 270 270 270
270 270 270 270 270 270 270 270 270 270 270 270 270 270 270 270 270 270 270 270 270 270 270 270 270 270 270 270 270 270 270 270 270 270 270 270 270 270 270 270 270 270 270 270 270 270 270 270 270 270 270 270 270 270 270 270 270 270 270 270 270 270 270 270 270 270 270 270 270 270 270 270 270 270 270 270 270 270 270 270 270 270 270 270 270 270 270 270 270 270 270 270 270 270
270 270 270 270 270 270 270 270 270 270 270 270 270 270 270 270 270 270 270 269 269 269 269 270 270 270 270 270 270 270 270 270 270 270 270 270 270 270 270 270 270 270 270 270 270 270 271 271 271 271 271 270 270 270 270 270 270 270 270 270 270 270 270 270 270 270 270 270 270 270 270 270 270 270 270 270 270 270 270 270 270 270 270 270 270 270 270 270 270 270 270 270 270 270
270 270 270 270 270 270 270 270 270 270 270 270 270 270 270 269 269 269 269 269 269 269 269 269 269 269 269 270 270 270 270 270 270 270 270 270 270 270 270 270 270 270 271 271 271 271 271 271 271 271 271 271 271 271 271 270 270 270 270 270 270 270 270 270 270 270 270 270 270 270 270 270 270 270 270 270 270 270 270 270 270 270 270 270 270 270 270 270 270 270 270 270 270 270
270 270 270 270 270 270 270 270 270 270 270 270 269 269 269 269 269 269 269 269 269 269 269 269 269 269 269 269 269 270 270 270 270 270 270 270 270 270 270 270 270 271 271 271 271 271 271 271 271 271 271 271 271 271 271 271 271 270 270 270 270 270 270 270 270 270 270 270 270 270 270 270 270 270 270 270 270 270 270 270 270 270 270 270 270 270 270 270 270 270 270 270 270 270
270 270 270 270 270 270 270 270 270 270 269 269 269 269 269 269 269 269 269 269 269 269 269 269 269 269 269 269 269 270 270 270 270 270 270 270 270 270 270 271 271 271 271 271 271 271 271 271 271 271 271 271 271 271 271 271 271 271 271 270 270 270 270 270 270 270 270 270 270 270 270 270 270 270 270 270 270 270 270 270 270 270 270 270 270 270 270 270 270 270 270 270 270 270
270 270 270 270 270 270 270 270 270 269 269 269 269 269 269 269 269 269 269 269 269 269 269 269 269 269 269 269 269 269 269 270 270 270 270 270 270 270 271 271 271 271 271 271 271 271 271 271 271 271 271 271 271 271 271 271 271 271 271 271 270 270 270 270 270 270 270 270 270 270 270 270 270 270 270 270 270 270 270 270 270 270 270 270 270 270 270 270 270 270 270 270 270 270
270 270 270 270 270 270 270 270 269 269 269 269 269 269 269 269 269 269 269 269 269 269 269 269 269 269 269 269 269 269 269 270 270 270 270 270 270 270 271 271 271 271 271 271 271 271 271 271 271 271 271 271 271 271 271 271 271 271 271 271 271 271 270 270 270 270 270 270 270 270 270 270 270 270 270 270 270 270 270 270 270 270 270 270 270 270 270 270 270 270 270 270 270 270
270 270 270 270 270 270 269 269 269 269 269 269 269 269 269 269 269 269 269 269 269 269 269 269 269 269 269 269 269 269 269 269 270 270 270 270 270 271 271 271 271 271 271 271 271 271 271 271 271 271 271 271 271 271 271 271 271 271 271 271 271 271 271 270 270 270 270 270 270 270 270 270 270 270 270 270 270 270 270 270 270 270 270 270 270 270 270 270 270 270 270 270 270 270
270 270 270 270 270 269 269 269 269 269 269 269 269 269 269 269 269 269 268 268 268 268 268 268 268 268 269 269 269 269 269 269 270 270 270 270 270 271 271 271 271 271 271 271 272 272 272 272 271 271 271 271 271 271 271 271 271 271 271 271 271 271 271 271 270 270 270 270 270 270 270 270 270 270 270 270 270 270 270 270 270 270 270 270 270 270 270 270 270 270 270 270 270 270
270 270 270 270 269 269 269 269 269 269 269 269 269 269 269 268 268 268 268 268 268 268 268 268 268 268 268 268 269 269 269 269 269 270 270 270 270 271 271 271 271 271 272 272 272 272 272 272 272 272 272 272 271 271 271 271 271 271 271 271 271 271 271 271 271 270 270 270 270 270 270 270 270 270 270 270 270 270 270 270 270 270 270 270 270 270 270 270 270 270 270 270 270 270
270 270 270 269 269 269 269 269 269 269 269 269 269 269 268 268 268 268 268 268 268 268 268 268 268 268 268 268 268 268 269 269 269 270 270 270 271 271 271 271 272 272 272 272 272 272 272 272 272 272 272 272 272 272 272 271 271 271 271 271 271 271 271 271 271 271 270 270 270 270 270 270 270 270 270 270 270 270 270 270 270 270 270 270 270 270 270 270 270 270 270 270 270 270
270 270 270 269 269 269 269 269 269 269 269 269 268 268 268 268 268 268 268 268 267 268 267 267 267 268 268 268 268 268 269 269 269 270 270 270 271 271 271 272 272 272 272 272 272 272 272 272 272 272 272 272 272 272 272 272 271 271 271 271 271 271 271 271 271 271 271 270 270 270 270 270 270 270 270 270 270 270 270 270 270 270 270 270 270 270 270 270 270 270 270 270 270 270
270 270 269 269 269 269 269 269 269 269 269 268 268 268 268 268 268 268 267 267 267 267 267 267 267 267 267 267 268 268 268 269 269 269 270 270 271 271 272 272 272 272 273 273 273 273 273 273 273 273 272 272 272 272 272 272 272 272 271 271 271 271 271 271 271 271 271 271 270 270 270 270 270 270 270 270 270 270 270 270 270 270 270 270 270 270 270 270 270 270 270 270 270 270
270 269 269 269 269 269 269 269 269 269 268 268 268 268 268 268 267 267 267 267 267 267 267 267 266 267 267 267 267 267 268 268 269 269 270 271 271 272 272 272 273 273 273 273 273 273 273 273 273 273 273 273 272 272 272 272 272 272 272 271 271 271 271 271 271 271 271 271 270 270 270 270 270 270 270 270 270 270 270 270 270 270 270 270 270 270 270 270 270 270 270 270 270 270
269 269 269 269 269 269 269 269 269 268 268 268 268 268 267 267 267 267 267 266 266 266 266 266 266 266 266 266 266 267 267 268 269 269 270 271 271 272 273 273 273 274 274 274 274 274 274 274 273 273 273 273 273 273 272 272 272 272 272 272 271 271 271 271 271 271 271 271 271 270 270 270 270 270 270 270 270 270 270 270 270 270 270 270 270 270 270 270 270 270 270 270 270 270
269 269 269 269 269 269 269 269 268 268 268 268 268 267 267 267 267 267 266 266 266 266 265 265 265 265 265 265 265 266 266 267 268 269 270 271 272 272 273 274 274 274 275 275 275 274 274 274 274 274 274 273 273 273 273 273 272 272 272 272 272 271 271 271 271 271 271 271 271 271 270 270 270 270 270 270 270 270 270 270 270 270 270 270 270 270 270 270 270 270 270 270 270 270
269 269 269 269 269 269 269 268 268 268 268 268 267 267 267 267 266 266 266 266 265 265 265 264 264 264 264 264 264 265 266 267 268 269 270 271 272 273 274 275 275 275 276 276 275 275 275 275 275 274 274 274 274 273 273 273 273 272 272 272 272 272 271 271 271 271 271 271 271 271 270 270 270 270 270 270 270 270 270 270 270 270 270 270 270 270 270 270 270 270 270 270 270 270
269 269 269 269 269 269 269 268 268 268 268 267 267 267 267 266 266 266 265 265 265 265 264 263 263 263 262 262 263 263 264 266 267 269 270 272 273 274 275 276 277 277 277 277 276 276 276 276 275 275 275 274 274 274 273 273 273 273 272 272 272 272 272 271 271 271 271 271 271 271 271 270 270 270 270 270 270 270 270 270 270 270 270 270 270 270 270 270 270 270 270 270 270 270
269 269 269 269 269 269 268 268 268 268 267 267 267 267 266 266 265 265 265 265 264 263 262 262 261 261 261 261 261 262 263 264 266 268 270 272 274 275 277 278 278 278 278 278 278 277 277 276 276 276 275 275 274 274 274 273 273 273 273 272 272 272 272 271 271 271 271 271 271 271 271 270 270 270 270 270 270 270 270 270 270 270 270 270 270 270 270 270 270 270 270 270 270 270
269 269 269 269 269 268 268 268 268 267 267 267 267 266 266 265 265 265 264 264 263 261 261 260 260 259 258 258 259 259 261 262 265 268 270 272 275 277 279 280 281 281 280 280 279 279 278 277 277 276 276 275 275 274 274 274 273 273 273 273 272 272 272 272 271 271 271 271 271 271 271 271 270 270 270 270 270 270 270 270 270 270 270 270 270 270 270 270 270 270 270 270 270 270
269 269 269 269 269 268 268 268 268 267 267 267 266 266 265 265 265 264 264 263 261 260 259 259 258 257 256 255 255 256 258 260 264 267 270 273 276 279 281 283 284 284 283 282 281 280 279 279 278 277 277 276 275 275 275 274 274 273 273 273 272 272 272 272 272 271 271 271 271 271 271 271 270 270 270 270 270 270 270 270 270 270 270 270 270 270 270 270 270 270 270 270 270 270
269 269 269 269 268 268 268 268 267 267 267 266 266 266 265 265 264 264 263 261 260 259 258 257 256 254 253 251 250 250 252 257 262 267 270 272 275 281 285 288 288 287 286 285 283 282 281 280 279 278 277 277 276 275 275 274 274 274 273 273 273 272 272 272 272 271 271 271 271 271 271 271 271 270 270 270 270 270 270 270 270 270 270 270 270 270 270 270 270 270 270 270 270 270
269 269 269 269 268 268 268 267 267 267 267 266 266 265 265 265 264 263 261 260 259 258 256 255 253 251 248 246 244 241 242 252 264 268 268 270 275 283 290 294 294 291 289 287 286 284 283 281 280 279 278 277 277 276 275 275 274 274 274 273 273 273 272 272 272 272 271 271 271 271 271 271 271 270 270 270 270 270 270 270 270 270 270 270 270 270 270 270 270 270 270 270 270 270
269 269 269 268 268 268 268 267 267 267 266 266 266 265 265 264 263 261 260 259 257 256 254 252 250 247 244 240 238 233 232 247 264 271 272 274 280 288 297 302 300 296 293 290 288 286 285 283 282 281 279 278 277 277 276 275 275 274 274 273 273 273 272 272 272 272 271 271 271 271 271 271 271 270 270 270 270 270 270 270 270 270 270 270 270 270 270 270 270 270 270 270 270 270
269 269 269 268 268 268 268 267 267 266 266 266 266 265 264 263 261 260 259 258 256 254 252 249 246 243 239 233 231 230 229 244 261 276 281 283 287 295 305 313 306 300 298 294 291 289 287 285 284 282 281 279 278 277 277 276 275 275 274 274 273 273 273 272 272 272 271 271 271 271 271 271 271 271 270 270 270 270 270 270 270 270 270 270 270 270 270 270 270 270 270 270 270 270
269 269 268 268 268 268 267 267 267 266 266 266 265 265 263 262 261 260 258 256 255 252 250 246 243 239 234 227 224 225 229 244 263 280 285 285 291 300 312 318 305 299 299 297 295 292 290 288 286 284 282 281 279 278 277 276 276 275 274 274 273 273 273 272 272 272 272 271 271 271 271 271 271 271 270 270 270 270 270 270 270 270 270 270 270 270 270 270 270 270 270 270 270 270
269 269 268 268 268 268 267 267 267 266 266 266 265 264 262 261 260 259 257 255 252 250 247 243 239 234 229 222 217 221 230 246 268 286 288 283 292 304 316 313 298 292 296 301 300 296 294 291 288 286 284 282 280 279 278 277 276 275 275 274 274 273 273 272 272 272 272 271 271 271 271 271 271 271 270 270 270 270 270 270 270 270 270 270 270 270 270 270 270 270 270 270 270 270
269 269 268 268 268 267 267 267 266 266 266 266 265 263 261 261 259 257 256 253 250 247 243 239 235 232 226 219 218 223 232 249 272 289 289 283 291 304 310 302 295 288 290 300 303 303 299 294 291 288 286 284 282 280 278 277 276 276 275 274 274 273 273 273 272 272 272 271 271 271 271 271 271 271 270 270 270 270 270 270 270 270 270 270 270 270 270 270 270 270 270 270 270 270
269 268 268 268 268 267 267 267 266 266 266 265 264 262 261 260 258 256 254 251 248 244 239 234 231 232 227 221 219 226 236 258 273 286 283 281 288 295 289 287 291 287 284 289 301 308 305 299 295 291 288 285 283 281 279 278 277 276 275 274 274 273 273 273 272 272 272 271 271 271 271 271 271 271 270 270 270 270 270 270 270 270 270 270 270 270 270 270 270 270 270 270 270 270
269 268 268 268 268 267 267 267 266 266 266 265 263 261 261 259 257 255 252 249 245 240 234 229 229 232 233 225 224 233 245 266 274 277 274 276 280 278 277 280 285 286 283 285 295 309 313 308 300 295 291 287 284 282 280 278 277 276 275 275 274 273 273 273 272 272 272 272 271 271 271 271 271 271 271 270 270 270 270 270 270 270 270 270 270 270 270 270 270 270 270 270 270 270
269 268 268 268 268 267 267 267 266 266 265 264 262 261 261 259 256 254 251 247 242 236 229 226 229 235 238 232 234 243 253 268 272 269 267 271 270 270 277 280 283 287 288 288 292 304 324 319 305 299 294 290 286 283 281 279 278 276 275 275 274 274 273 273 272 272 272 272 271 271 271 271 271 271 271 270 270 270 270 270 270 270 270 270 270 270 270 270 270 270 270 270 270 270
269 268 268 268 268 267 267 267 266 266 265 263 262 261 260 258 255 252 249 244 237 230 226 227 232 238 240 237 243 251 259 266 268 262 263 269 268 265 275 283 285 287 289 291 292 299 327 326 312 304 297 292 288 284 282 280 278 277 276 275 274 274 273 273 272 272 272 272 271 271 271 271 271 271 271 270 270 270 270 270 270 270 270 270 270 270 270 270 270 270 270 270 270 270
269 268 268 268 267 267 267 267 266 266 264 263 262 261 259 257 254 251 246 240 232 224 225 231 237 241 241 243 251 257 262 263 262 259 263 269 270 265 272 284 287 288 287 290 291 293 311 328 321 309 300 294 290 286 282 280 278 277 276 275 274 274 273 273 272 272 272 272 271 271 271 271 271 271 271 270 270 270 270 270 270 270 270 270 270 270 270 270 270 270 270 270 270 270
269 268 268 268 267 267 267 267 266 265 264 263 262 261 259 256 253 249 244 235 227 222 227 235 243 246 246 250 256 261 262 260 258 259 265 269 270 270 276 279 283 288 288 288 292 292 300 329 327 315 305 296 292 287 283 281 279 277 276 275 274 274 273 273 272 272 272 272 271 271 271 271 271 271 270 270 270 270 270 270 270 270 270 270 270 270 270 270 270 270 270 270 270 270
269 268 268 268 267 267 267 266 266 265 264 263 262 260 258 255 252 247 241 230 221 222 228 237 245 248 251 256 259 261 261 259 258 262 266 268 270 274 278 276 277 287 290 289 293 292 296 319 331 323 309 299 293 288 284 281 279 277 276 275 274 274 273 273 272 272 272 271 271 271 271 271 271 271 270 270 270 270 270 270 270 270 270 270 270 270 270 270 270 270 270 270 270 270
269 268 268 268 267 267 267 266 266 265 264 263 262 259 257 255 251 245 237 225 218 222 227 236 243 248 254 258 259 259 259 260 261 264 266 267 271 275 277 277 278 282 287 289 293 293 295 308 330 327 314 303 294 290 285 282 279 277 276 275 274 273 273 273 272 272 272 271 271 271 271 271 271 271 270 270 270 270 270 270 270 270 270 270 270 270 270 270 270 270 270 270 270 270
269 268 268 268 268 267 267 266 266 265 264 263 261 259 257 254 250 244 234 222 218 223 229 236 241 245 253 257 256 257 259 262 264 266 266 267 270 274 277 278 279 279 283 290 294 297 297 302 320 326 320 308 296 290 286 282 279 277 276 275 274 273 273 272 272 272 272 271 271 271 271 271 271 271 270 270 270 270 270 270 270 270 270 270 270 270 270 270 270 270 270 270 270 270
269 268 268 268 268 267 267 267 266 265 264 262 261 259 257 253 249 241 231 222 220 223 232 239 240 243 251 255 256 257 261 264 266 268 267 268 270 273 276 276 277 281 285 290 294 297 298 298 309 327 327 313 298 290 286 283 279 277 276 275 274 273 273 272 272 272 271 271 271 271 271 271 271 270 270 270 270 270 270 270 270 270 270 270 270 270 270 270 270 270 270 270 270 270
269 268 268 268 268 267 267 267 266 264 263 262 261 259 256 252 247 239 230 224 222 224 236 243 244 245 250 254 256 260 263 265 267 269 269 269 270 272 274 275 278 282 287 290 292 294 296 294 297 318 328 316 301 291 286 283 279 277 276 274 274 273 272 272 272 272 271 271 271 271 271 271 271 270 270 270 270 270 270 270 270 270 270 270 270 270 270 270 270 270 270 270 270 270
269 268 268 268 268 267 267 267 266 264 263 262 260 258 255 251 246 237 230 227 224 227 238 245 249 250 252 255 257 262 266 267 268 270 271 271 271 272 272 274 278 282 286 288 290 291 293 294 292 298 320 319 304 292 285 282 279 277 275 274 273 273 272 272 272 271 271 271 271 271 271 271 270 270 270 270 270 270 270 270 270 270 270 270 270 270 270 270 270 270 270 270 270 270
269 268 268 268 268 268 267 267 266 264 264 262 260 258 255 250 243 235 231 230 229 233 240 246 252 254 256 257 258 263 267 269 271 272 272 272 273 273 271 273 276 281 283 284 285 288 289 291 290 293 307 321 308 292 285 281 279 277 275 274 273 272 272 272 271 271 271 271 271 271 271 271 270 270 270 270 270 270 270 270 270 270 270 270 270 270 270 270 270 270 270 270 270 270
