data/AilsaCraig_270_1_25m_vel_2m.asc
ncols	257
nrows	257
xllcorner	3364200.000000
yllcorner	3669375.000000
cellsize	25.000000
NODATA_value	-1.000000
[rows 114 to 151 of 257, columns 84 to 167 of 257]
2.68 2.68 2.67 2.67 2.66 2.65 2.65 2.64 2.63 2.62 2.61 2.60 2.58 2.57 2.56 2.54 2.53 2.52 2.51 2.51 2.50 2.46 2.40 2.35 2.34 2.32 2.26 2.23 2.19 2.16 2.12 2.07 2.06 2.07 2.14 2.16 1.89 1.60 1.80 2.16 3.10 5.58 5.96 3.94 3.25 3.97 3.53 2.16 1.74 1.90 2.13 2.32 2.61 2.84 2.74 2.35 2.20 2.16 2.16 2.19 2.21 2.24 2.27 2.31 2.34 2.38 2.41 2.43 2.46 2.48 2.50 2.51 2.53 2.54 2.56 2.57 2.59 2.60 2.61 2.62 2.63 2.64 2.65 2.65
2.68 2.68 2.67 2.66 2.66 2.65 2.64 2.63 2.62 2.61 2.60 2.59 2.58 2.56 2.55 2.53 2.52 2.51 2.50 2.50 2.47 2.42 2.35 2.32 2.31 2.27 2.21 2.17 2.13 2.09 2.03 1.97 1.95 2.00 2.10 2.17 1.88 1.53 1.78 2.13 3.39 5.88 5.86 3.69 3.51 4.02 3.36 2.66 2.21 2.13 2.32 2.45 2.68 2.90 2.92 2.56 2.07 1.96 2.06 2.09 2.12 2.16 2.20 2.25 2.29 2.33 2.37 2.41 2.43 2.46 2.48 2.50 2.52 2.53 2.55 2.56 2.58 2.59 2.60 2.61 2.62 2.63 2.64 2.65
2.68 2.67 2.67 2.66 2.66 2.65 2.64 2.63 2.62 2.61 2.59 2.58 2.57 2.55 2.54 2.52 2.51 2.50 2.49 2.48 2.44 2.38 2.32 2.30 2.27 2.21 2.16 2.10 2.05 2.00 1.93 1.89 1.88 1.94 2.06 2.15 1.90 1.61 1.86 2.25 3.75 5.91 5.68 3.80 3.83 4.10 3.37 3.10 2.86 2.45 2.48 2.60 2.75 2.89 2.93 2.59 1.85 1.80 1.95 1.97 2.03 2.07 2.12 2.18 2.24 2.29 2.33 2.37 2.41 2.44 2.46 2.48 2.50 2.52 2.54 2.55 2.57 2.58 2.59 2.61 2.62 2.63 2.64 2.65
2.68 2.67 2.67 2.66 2.65 2.64 2.63 2.62 2.61 2.60 2.59 2.57 2.56 2.54 2.53 2.51 2.50 2.49 2.48 2.45 2.40 2.34 2.30 2.27 2.22 2.16 2.10 2.03 1.96 1.90 1.82 1.80 1.87 1.94 2.04 2.09 1.89 1.76 2.02 2.50 3.99 5.73 5.58 4.29 4.18 4.17 3.44 3.25 3.35 2.84 2.57 2.65 2.77 2.86 2.80 2.66 2.08 1.73 1.77 1.85 1.92 1.99 2.04 2.11 2.18 2.24 2.29 2.34 2.38 2.41 2.44 2.46 2.49 2.51 2.53 2.54 2.56 2.57 2.59 2.60 2.61 2.62 2.63 2.64
2.67 2.67 2.66 2.66 2.65 2.64 2.63 2.62 2.61 2.59 2.58 2.56 2.55 2.53 2.51 2.50 2.49 2.48 2.46 2.42 2.36 2.31 2.27 2.23 2.17 2.10 2.03 1.96 1.87 1.79 1.72 1.72 1.85 1.99 2.09 2.03 1.89 1.92 2.22 2.78 4.05 5.34 5.43 4.79 4.47 4.18 3.65 3.45 3.46 3.05 2.74 2.73 2.73 2.84 2.73 2.68 2.42 1.67 1.61 1.73 1.79 1.89 1.96 2.03 2.11 2.18 2.25 2.31 2.35 2.39 2.42 2.45 2.47 2.49 2.51 2.53 2.55 2.57 2.58 2.59 2.61 2.62 2.63 2.64
2.67 2.67 2.66 2.65 2.64 2.64 2.62 2.61 2.60 2.59 2.57 2.56 2.54 2.52 2.50 2.49 2.48 2.47 2.44 2.39 2.33 2.29 2.25 2.18 2.12 2.05 1.96 1.88 1.77 1.64 1.60 1.68 1.84 2.08 2.18 2.06 1.99 2.11 2.42 3.01 4.00 4.86 5.12 4.93 4.58 4.18 3.86 3.69 3.42 3.05 3.05 2.90 2.65 2.80 2.73 2.56 2.45 1.79 1.48 1.56 1.67 1.79 1.88 1.95 2.04 2.13 2.21 2.27 2.32 2.36 2.40 2.43 2.46 2.48 2.50 2.52 2.54 2.56 2.57 2.59 2.60 2.61 2.62 2.64
2.67 2.66 2.66 2.65 2.64 2.63 2.62 2.61 2.59 2.58 2.56 2.55 2.53 2.51 2.49 2.48 2.46 2.45 2.42 2.35 2.31 2.27 2.21 2.13 2.07 1.99 1.89 1.79 1.66 1.51 1.47 1.59 1.77 2.09 2.24 2.18 2.20 2.30 2.56 3.14 3.89 4.49 4.82 4.81 4.54 4.23 4.03 3.79 3.40 3.13 3.17 3.01 2.69 2.78 2.69 2.47 2.44 1.94 1.34 1.39 1.55 1.67 1.79 1.87 1.96 2.08 2.16 2.23 2.29 2.34 2.38 2.41 2.44 2.47 2.49 2.51 2.53 2.55 2.57 2.58 2.60 2.61 2.62 2.63
2.67 2.66 2.66 2.65 2.64 2.63 2.62 2.60 2.59 2.57 2.56 2.54 2.52 2.50 2.49 2.47 2.45 2.44 2.39 2.33 2.28 2.24 2.17 2.08 2.02 1.94 1.82 1.70 1.54 1.40 1.39 1.49 1.67 1.98 2.18 2.29 2.41 2.44 2.62 3.17 3.79 4.28 4.58 4.58 4.38 4.22 4.09 3.82 3.44 3.19 3.13 3.07 2.93 2.80 2.64 2.45 2.33 1.97 1.37 1.34 1.44 1.54 1.69 1.80 1.90 2.01 2.11 2.19 2.25 2.31 2.36 2.40 2.43 2.46 2.48 2.50 2.52 2.54 2.56 2.58 2.59 2.61 2.62 2.63
2.67 2.66 2.65 2.64 2.63 2.62 2.61 2.60 2.58 2.57 2.55 2.53 2.51 2.49 2.48 2.46 2.44 2.42 2.37 2.30 2.24 2.21 2.13 2.04 1.97 1.88 1.75 1.61 1.44 1.31 1.29 1.39 1.60 1.85 2.02 2.27 2.51 2.53 2.65 3.17 3.73 4.16 4.38 4.33 4.18 4.13 4.07 3.82 3.45 3.21 3.15 3.13 3.06 2.80 2.52 2.35 2.11 1.79 1.44 1.26 1.28 1.40 1.57 1.73 1.84 1.94 2.06 2.14 2.22 2.29 2.34 2.38 2.42 2.45 2.47 2.50 2.52 2.54 2.55 2.57 2.59 2.60 2.61 2.63
2.66 2.66 2.65 2.64 2.63 2.62 2.61 2.59 2.58 2.56 2.54 2.52 2.50 2.49 2.47 2.45 2.43 2.40 2.34 2.27 2.22 2.18 2.10 2.00 1.92 1.82 1.69 1.52 1.37 1.26 1.20 1.28 1.58 1.81 1.90 2.15 2.49 2.57 2.71 3.22 3.69 4.03 4.20 4.13 3.99 3.98 3.96 3.77 3.45 3.25 3.22 3.18 3.02 2.70 2.39 2.19 1.93 1.70 1.49 1.16 1.12 1.26 1.46 1.65 1.79 1.88 2.00 2.11 2.19 2.26 2.32 2.36 2.40 2.44 2.46 2.49 2.51 2.53 2.55 2.57 2.58 2.60 2.61 2.62
2.66 2.66 2.65 2.64 2.63 2.62 2.60 2.59 2.57 2.55 2.54 2.52 2.50 2.48 2.46 2.44 2.42 2.38 2.31 2.24 2.19 2.15 2.06 1.96 1.87 1.75 1.62 1.46 1.32 1.24 1.16 1.21 1.53 1.81 1.90 2.06 2.37 2.53 2.77 3.29 3.66 3.89 4.04 3.95 3.82 3.81 3.82 3.67 3.45 3.31 3.26 3.16 2.89 2.54 2.27 2.06 1.82 1.60 1.46 1.28 1.07 1.16 1.35 1.55 1.73 1.83 1.94 2.07 2.16 2.23 2.30 2.35 2.39 2.43 2.46 2.48 2.50 2.53 2.55 2.56 2.58 2.59 2.61 2.62
2.66 2.65 2.64 2.64 2.62 2.61 2.60 2.58 2.57 2.55 2.53 2.51 2.49 2.47 2.45 2.43 2.41 2.36 2.28 2.21 2.17 2.11 2.01 1.92 1.82 1.69 1.54 1.41 1.33 1.24 1.15 1.18 1.45 1.77 1.93 2.05 2.27 2.43 2.76 3.33 3.63 3.80 3.90 3.79 3.67 3.67 3.67 3.53 3.39 3.35 3.26 3.07 2.72 2.39 2.17 1.99 1.74 1.52 1.41 1.32 1.13 1.04 1.21 1.47 1.67 1.79 1.90 2.02 2.13 2.20 2.28 2.34 2.38 2.42 2.45 2.47 2.50 2.52 2.54 2.56 2.58 2.59 2.61 2.62
2.66 2.65 2.64 2.63 2.62 2.61 2.59 2.58 2.56 2.54 2.52 2.50 2.48 2.46 2.44 2.42 2.40 2.34 2.25 2.18 2.15 2.07 1.97 1.88 1.76 1.63 1.46 1.35 1.34 1.28 1.19 1.20 1.39 1.70 1.92 2.08 2.26 2.38 2.75 3.33 3.60 3.75 3.79 3.65 3.55 3.59 3.56 3.37 3.27 3.36 3.30 2.99 2.58 2.30 2.15 1.93 1.69 1.49 1.36 1.32 1.15 0.95 1.10 1.38 1.59 1.75 1.86 1.97 2.09 2.19 2.26 2.32 2.37 2.41 2.44 2.47 2.49 2.52 2.54 2.56 2.57 2.59 2.60 2.62
2.66 2.65 2.64 2.63 2.62 2.61 2.59 2.57 2.56 2.54 2.52 2.50 2.48 2.45 2.43 2.42 2.38 2.31 2.22 2.15 2.12 2.04 1.93 1.83 1.71 1.56 1.38 1.28 1.32 1.32 1.27 1.28 1.40 1.64 1.88 2.10 2.25 2.39 2.82 3.34 3.60 3.74 3.71 3.56 3.50 3.55 3.46 3.20 3.16 3.36 3.36 3.01 2.57 2.35 2.17 1.90 1.66 1.47 1.32 1.26 1.20 1.03 1.04 1.27 1.53 1.71 1.84 1.94 2.06 2.17 2.25 2.31 2.36 2.40 2.44 2.47 2.49 2.51 2.53 2.55 2.57 2.59 2.60 2.61
2.66 2.65 2.64 2.63 2.62 2.60 2.59 2.57 2.55 2.53 2.51 2.49 2.47 2.45 2.43 2.41 2.36 2.29 2.19 2.13 2.09 2.00 1.89 1.78 1.65 1.49 1.31 1.23 1.28 1.33 1.37 1.41 1.48 1.64 1.86 2.14 2.24 2.41 2.94 3.40 3.65 3.74 3.65 3.52 3.52 3.54 3.33 3.06 3.10 3.31 3.37 3.15 2.76 2.50 2.24 1.90 1.65 1.46 1.29 1.21 1.22 1.15 1.03 1.19 1.45 1.66 1.82 1.92 2.03 2.15 2.23 2.30 2.36 2.40 2.43 2.46 2.49 2.51 2.53 2.55 2.57 2.58 2.60 2.61
2.65 2.65 2.64 2.63 2.61 2.60 2.59 2.57 2.55 2.53 2.51 2.49 2.46 2.44 2.42 2.40 2.34 2.25 2.16 2.12 2.06 1.95 1.84 1.73 1.58 1.40 1.25 1.22 1.25 1.31 1.46 1.54 1.57 1.67 1.89 2.17 2.25 2.47 3.06 3.48 3.69 3.72 3.59 3.50 3.55 3.51 3.19 3.00 3.07 3.19 3.31 3.33 3.04 2.68 2.34 1.95 1.68 1.43 1.22 1.18 1.20 1.21 1.12 1.14 1.38 1.62 1.80 1.92 2.01 2.12 2.22 2.29 2.35 2.40 2.43 2.46 2.49 2.51 2.53 2.55 2.57 2.58 2.60 2.61
2.65 2.65 2.64 2.62 2.61 2.60 2.58 2.56 2.55 2.53 2.50 2.48 2.46 2.44 2.42 2.39 2.32 2.22 2.14 2.10 2.03 1.91 1.80 1.68 1.51 1.30 1.17 1.19 1.22 1.30 1.53 1.65 1.65 1.76 1.97 2.18 2.33 2.64 3.16 3.54 3.71 3.68 3.53 3.48 3.56 3.47 3.12 2.97 3.02 3.04 3.24 3.44 3.24 2.79 2.39 2.02 1.73 1.42 1.15 1.16 1.20 1.24 1.21 1.15 1.32 1.58 1.77 1.91 2.00 2.11 2.22 2.29 2.34 2.39 2.43 2.46 2.49 2.51 2.53 2.55 2.57 2.58 2.60 2.61
2.65 2.64 2.63 2.62 2.61 2.60 2.58 2.56 2.54 2.52 2.50 2.48 2.46 2.44 2.42 2.38 2.30 2.20 2.13 2.08 1.99 1.87 1.75 1.62 1.45 1.20 1.09 1.16 1.21 1.33 1.60 1.73 1.74 1.88 2.09 2.26 2.48 2.85 3.29 3.59 3.72 3.66 3.51 3.47 3.55 3.48 3.16 2.95 2.93 2.97 3.22 3.47 3.28 2.80 2.42 2.09 1.79 1.42 1.17 1.18 1.21 1.25 1.28 1.23 1.31 1.54 1.76 1.91 2.01 2.10 2.21 2.28 2.34 2.39 2.43 2.46 2.49 2.51 2.53 2.55 2.57 2.58 2.60 2.61
2.65 2.64 2.63 2.62 2.61 2.59 2.58 2.56 2.54 2.52 2.50 2.48 2.45 2.43 2.41 2.36 2.28 2.18 2.11 2.07 1.95 1.84 1.71 1.55 1.38 1.12 0.99 1.12 1.21 1.38 1.67 1.82 1.85 2.00 2.22 2.44 2.70 3.09 3.44 3.64 3.72 3.66 3.52 3.46 3.54 3.55 3.26 2.94 2.88 2.99 3.25 3.44 3.20 2.74 2.42 2.17 1.86 1.44 1.23 1.21 1.21 1.25 1.32 1.33 1.36 1.53 1.75 1.91 2.02 2.10 2.19 2.28 2.34 2.39 2.43 2.46 2.49 2.51 2.53 2.55 2.57 2.58 2.60 2.61
2.65 2.64 2.63 2.62 2.61 2.59 2.58 2.56 2.54 2.52 2.50 2.48 2.45 2.43 2.41 2.35 2.26 2.16 2.10 2.04 1.92 1.80 1.67 1.48 1.29 1.06 0.94 1.06 1.20 1.42 1.74 1.92 1.98 2.14 2.40 2.67 2.98 3.32 3.58 3.70 3.73 3.67 3.54 3.47 3.55 3.59 3.34 3.00 2.95 3.07 3.25 3.33 3.10 2.74 2.46 2.24 1.91 1.50 1.28 1.22 1.21 1.27 1.34 1.40 1.46 1.58 1.74 1.90 2.03 2.11 2.19 2.28 2.34 2.39 2.43 2.46 2.49 2.51 2.53 2.55 2.57 2.58 2.60 2.61
2.65 2.64 2.63 2.62 2.61 2.59 2.58 2.56 2.54 2.52 2.50 2.48 2.46 2.43 2.40 2.34 2.24 2.15 2.10 2.01 1.90 1.76 1.62 1.42 1.18 1.00 0.95 1.03 1.18 1.43 1.80 2.03 2.13 2.31 2.62 2.95 3.27 3.53 3.69 3.75 3.73 3.65 3.53 3.49 3.58 3.59 3.37 3.15 3.11 3.12 3.15 3.16 3.07 2.81 2.54 2.34 2.01 1.61 1.31 1.19 1.20 1.28 1.36 1.46 1.57 1.66 1.77 1.90 2.03 2.12 2.19 2.28 2.35 2.39 2.44 2.47 2.49 2.52 2.54 2.55 2.57 2.59 2.60 2.61
2.65 2.64 2.63 2.62 2.61 2.59 2.58 2.56 2.54 2.52 2.50 2.48 2.46 2.43 2.39 2.33 2.23 2.15 2.09 1.99 1.87 1.74 1.57 1.36 1.07 0.90 0.93 1.03 1.18 1.43 1.81 2.12 2.29 2.51 2.87 3.25 3.51 3.65 3.75 3.76 3.71 3.63 3.54 3.54 3.60 3.53 3.36 3.31 3.25 3.09 3.00 3.05 3.09 2.88 2.63 2.44 2.16 1.79 1.44 1.21 1.18 1.30 1.39 1.52 1.66 1.75 1.83 1.91 2.03 2.13 2.20 2.28 2.35 2.40 2.44 2.47 2.50 2.52 2.54 2.56 2.57 2.59 2.60 2.61
2.65 2.64 2.63 2.62 2.61 2.59 2.58 2.56 2.54 2.52 2.50 2.48 2.46 2.43 2.38 2.32 2.22 2.15 2.08 1.97 1.85 1.72 1.53 1.29 0.98 0.80 0.89 1.05 1.21 1.46 1.82 2.17 2.44 2.74 3.15 3.51 3.66 3.70 3.75 3.76 3.70 3.61 3.54 3.55 3.56 3.44 3.40 3.44 3.28 2.97 2.88 3.01 3.11 2.95 2.70 2.50 2.26 1.94 1.58 1.29 1.24 1.35 1.43 1.58 1.74 1.82 1.89 1.96 2.04 2.13 2.22 2.29 2.36 2.41 2.45 2.48 2.50 2.52 2.54 2.56 2.58 2.59 2.60 2.62
2.65 2.64 2.63 2.62 2.61 2.59 2.58 2.56 2.54 2.52 2.50 2.48 2.46 2.42 2.37 2.31 2.24 2.16 2.08 1.96 1.84 1.70 1.49 1.22 0.91 0.74 0.86 1.05 1.24 1.52 1.86 2.24 2.59 2.98 3.40 3.65 3.70 3.71 3.75 3.74 3.68 3.59 3.52 3.53 3.48 3.38 3.45 3.48 3.17 2.82 2.79 2.99 3.13 3.01 2.77 2.55 2.32 2.03 1.67 1.37 1.34 1.43 1.49 1.64 1.81 1.89 1.95 2.01 2.06 2.14 2.23 2.30 2.37 2.42 2.46 2.48 2.51 2.53 2.55 2.56 2.58 2.59 2.61 2.62
2.65 2.64 2.63 2.62 2.61 2.60 2.58 2.56 2.55 2.53 2.51 2.49 2.46 2.42 2.37 2.32 2.25 2.17 2.07 1.97 1.84 1.68 1.46 1.16 0.86 0.74 0.87 1.06 1.27 1.57 1.93 2.37 2.80 3.20 3.53 3.67 3.70 3.72 3.74 3.72 3.65 3.56 3.49 3.48 3.39 3.35 3.49 3.41 2.98 2.70 2.74 2.96 3.13 3.05 2.83 2.62 2.38 2.09 1.72 1.44 1.46 1.53 1.58 1.72 1.87 1.94 1.99 2.05 2.10 2.17 2.25 2.33 2.39 2.44 2.47 2.49 2.51 2.53 2.55 2.57 2.58 2.60 2.61 2.62
2.65 2.64 2.63 2.62 2.61 2.60 2.58 2.57 2.55 2.53 2.51 2.49 2.46 2.42 2.38 2.33 2.26 2.18 2.08 1.97 1.85 1.69 1.45 1.11 0.82 0.80 0.93 1.06 1.32 1.62 2.02 2.58 3.04 3.36 3.57 3.67 3.70 3.73 3.73 3.69 3.61 3.55 3.51 3.43 3.29 3.29 3.43 3.28 2.82 2.61 2.70 2.93 3.12 3.07 2.88 2.69 2.45 2.15 1.75 1.51 1.57 1.65 1.69 1.80 1.92 1.98 2.02 2.08 2.15 2.21 2.29 2.36 2.41 2.45 2.48 2.50 2.52 2.54 2.56 2.57 2.59 2.60 2.61 2.62
2.65 2.65 2.64 2.63 2.61 2.60 2.59 2.57 2.55 2.53 2.51 2.49 2.46 2.43 2.39 2.34 2.27 2.19 2.11 2.00 1.87 1.71 1.49 1.14 0.87 0.93 1.01 1.10 1.46 1.74 2.21 2.82 3.21 3.44 3.61 3.69 3.71 3.71 3.71 3.68 3.62 3.61 3.60 3.38 3.11 3.15 3.30 3.14 2.79 2.60 2.66 2.93 3.13 3.09 2.94 2.77 2.52 2.19 1.79 1.58 1.67 1.77 1.81 1.89 1.97 2.00 2.04 2.13 2.21 2.26 2.33 2.38 2.43 2.47 2.49 2.51 2.53 2.55 2.56 2.58 2.59 2.61 2.62 2.63
2.66 2.65 2.64 2.63 2.62 2.60 2.59 2.57 2.56 2.54 2.52 2.50 2.47 2.44 2.40 2.35 2.29 2.22 2.14 2.03 1.89 1.75 1.57 1.31 1.11 1.08 1.13 1.26 1.61 1.98 2.48 2.98 3.27 3.48 3.67 3.73 3.70 3.68 3.72 3.74 3.70 3.75 3.72 3.25 2.80 2.93 3.08 3.00 2.84 2.63 2.66 2.95 3.14 3.12 3.03 2.87 2.59 2.22 1.85 1.67 1.77 1.89 1.91 1.96 2.00 2.02 2.09 2.18 2.26 2.30 2.36 2.41 2.45 2.48 2.50 2.52 2.53 2.55 2.57 2.59 2.60 2.61 2.62 2.63
2.66 2.65 2.64 2.63 2.62 2.61 2.59 2.58 2.56 2.54 2.52 2.50 2.48 2.45 2.41 2.37 2.31 2.25 2.17 2.07 1.94 1.81 1.68 1.50 1.36 1.36 1.34 1.44 1.75 2.23 2.71 3.03 3.26 3.54 3.77 3.76 3.67 3.66 3.75 3.84 3.86 3.93 3.79 3.02 2.49 2.72 2.80 2.78 2.80 2.64 2.70 3.00 3.15 3.15 3.11 2.97 2.68 2.28 1.91 1.79 1.89 1.99 2.00 2.00 2.03 2.09 2.16 2.24 2.30 2.34 2.39 2.44 2.47 2.49 2.51 2.52 2.54 2.56 2.58 2.59 2.61 2.61 2.62 2.63
2.66 2.65 2.64 2.63 2.62 2.61 2.60 2.58 2.57 2.55 2.53 2.51 2.49 2.46 2.42 2.39 2.34 2.28 2.20 2.11 2.01 1.90 1.79 1.66 1.55 1.54 1.55 1.58 1.87 2.38 2.81 3.02 3.25 3.63 3.83 3.77 3.66 3.67 3.80 3.99 4.10 4.12 3.74 2.79 2.36 2.55 2.53 2.54 2.63 2.60 2.75 3.04 3.15 3.16 3.17 3.06 2.78 2.35 1.96 1.91 2.02 2.08 2.07 2.04 2.09 2.17 2.22 2.29 2.35 2.38 2.42 2.47 2.49 2.51 2.52 2.53 2.55 2.57 2.59 2.60 2.61 2.62 2.63 2.64
2.66 2.65 2.64 2.64 2.63 2.61 2.60 2.59 2.57 2.56 2.54 2.52 2.50 2.47 2.44 2.41 2.36 2.30 2.24 2.16 2.08 1.99 1.89 1.78 1.71 1.65 1.62 1.58 1.89 2.41 2.83 3.03 3.31 3.69 3.84 3.77 3.70 3.71 3.86 4.17 4.39 4.22 3.49 2.58 2.33 2.42 2.36 2.34 2.40 2.48 2.74 3.04 3.14 3.17 3.21 3.13 2.87 2.42 2.03 2.03 2.14 2.14 2.11 2.11 2.18 2.24 2.27 2.33 2.39 2.42 2.45 2.49 2.51 2.51 2.53 2.55 2.56 2.58 2.60 2.60 2.61 2.62 2.63 2.64
2.66 2.66 2.65 2.64 2.63 2.62 2.61 2.59 2.58 2.56 2.55 2.53 2.51 2.48 2.46 2.42 2.38 2.34 2.28 2.22 2.15 2.07 1.98 1.90 1.84 1.77 1.74 1.57 1.48 2.48 2.86 3.07 3.38 3.67 3.78 3.77 3.76 3.79 3.94 4.39 4.66 4.16 3.09 2.42 2.30 2.32 2.22 2.13 2.17 2.35 2.68 2.98 3.12 3.19 3.23 3.18 2.95 2.50 2.15 2.14 2.22 2.19 2.17 2.21 2.26 2.29 2.33 2.38 2.42 2.45 2.48 2.51 2.52 2.52 2.54 2.56 2.58 2.59 2.60 2.61 2.62 2.63 2.64 2.65
2.66 2.66 2.65 2.64 2.63 2.62 2.61 2.60 2.59 2.57 2.56 2.54 2.52 2.50 2.47 2.44 2.41 2.37 2.33 2.27 2.21 2.15 2.08 2.01 1.96 1.90 1.86 1.79 1.92 2.48 2.87 3.08 3.43 3.60 3.69 3.75 3.83 3.88 4.01 4.59 4.82 3.88 2.71 2.32 2.19 2.17 2.02 1.88 1.98 2.24 2.55 2.86 3.06 3.17 3.22 3.22 3.02 2.61 2.30 2.23 2.26 2.25 2.25 2.29 2.32 2.34 2.37 2.41 2.46 2.49 2.51 2.52 2.52 2.54 2.56 2.58 2.59 2.60 2.61 2.61 2.62 2.63 2.64 2.65
2.67 2.66 2.65 2.65 2.64 2.63 2.62 2.61 2.59 2.58 2.56 2.55 2.53 2.51 2.49 2.46 2.43 2.40 2.36 2.32 2.27 2.22 2.17 2.11 2.07 2.03 2.00 2.07 2.25 2.37 2.65 3.07 3.39 3.54 3.60 3.72 3.89 3.98 4.13 4.77 4.84 3.59 2.64 2.32 2.06 1.95 1.70 1.54 1.86 2.16 2.37 2.69 2.95 3.07 3.16 3.22 3.07 2.72 2.43 2.32 2.32 2.33 2.33 2.36 2.38 2.39 2.41 2.45 2.49 2.52 2.53 2.53 2.54 2.56 2.58 2.59 2.60 2.60 2.61 2.62 2.63 2.64 2.65 2.65
2.67 2.66 2.66 2.65 2.64 2.63 2.62 2.61 2.60 2.59 2.57 2.56 2.54 2.53 2.51 2.48 2.46 2.43 2.40 2.37 2.33 2.29 2.25 2.20 2.17 2.14 2.14 2.19 2.24 2.30 2.39 2.86 3.32 3.47 3.56 3.71 3.92 4.11 4.37 4.88 4.72 3.65 2.96 2.57 2.14 1.85 1.51 1.41 1.81 2.13 2.22 2.53 2.79 2.88 3.03 3.16 3.08 2.79 2.50 2.40 2.40 2.40 2.41 2.41 2.43 2.43 2.44 2.49 2.53 2.54 2.53 2.54 2.56 2.58 2.59 2.60 2.60 2.61 2.62 2.63 2.64 2.64 2.65 2.66
2.67 2.67 2.66 2.65 2.65 2.64 2.63 2.62 2.61 2.60 2.58 2.57 2.56 2.54 2.52 2.50 2.48 2.46 2.44 2.41 2.38 2.35 2.32 2.29 2.26 2.24 2.25 2.27 2.31 2.36 2.41 2.56 3.07 3.37 3.52 3.71 3.95 4.26 4.65 4.88 4.43 3.70 3.33 2.89 2.35 1.97 1.63 1.57 1.90 2.16 2.24 2.46 2.62 2.67 2.85 3.04 3.03 2.81 2.57 2.48 2.47 2.47 2.46 2.47 2.47 2.46 2.48 2.53 2.55 2.55 2.55 2.57 2.58 2.59 2.60 2.60 2.61 2.62 2.63 2.63 2.64 2.65 2.65 2.66
2.67 2.67 2.66 2.66 2.65 2.64 2.63 2.62 2.61 2.60 2.59 2.58 2.57 2.55 2.54 2.52 2.51 2.49 2.47 2.45 2.42 2.40 2.38 2.36 2.34 2.33 2.34 2.36 2.39 2.44 2.49 2.59 2.74 3.17 3.52 3.74 3.96 4.30 4.80 4.79 4.01 3.58 3.52 3.07 2.53 2.13 1.86 1.87 2.07 2.23 2.34 2.45 2.52 2.57 2.72 2.91 2.93 2.78 2.62 2.55 2.52 2.51 2.51 2.51 2.50 2.49 2.52 2.55 2.56 2.56 2.57 2.59 2.60 2.60 2.61 2.61 2.62 2.63 2.63 2.64 2.65 2.65 2.66 2.66
2.67 2.67 2.67 2.66 2.65 2.65 2.64 2.63 2.62 2.61 2.60 2.59 2.58 2.57 2.55 2.54 2.53 2.51 2.50 2.48 2.46 2.45 2.43 2.42 2.41 2.41 2.41 2.43 2.46 2.50 2.56 2.63 2.71 2.93 3.46 3.75 3.89 4.13 4.69 4.73 3.90 3.55 3.58 3.14 2.61 2.24 2.08 2.12 2.23 2.33 2.41 2.48 2.53 2.55 2.66 2.81 2.83 2.74 2.65 2.59 2.56 2.55 2.55 2.54 2.53 2.52 2.54 2.57 2.58 2.58 2.59 2.60 2.61 2.61 2.61 2.62 2.63 2.63 2.64 2.65 2.65 2.66 2.66 2.67
