data/AilsaCraig_135_1_25m_ang.asc
ncols	257
nrows	257
xllcorner	3364200.000000
yllcorner	3669375.000000
cellsize	25.000000
NODATA_value	-1.000000
[rows 126 to 167 of 257, columns 94 to 187 of 257]
138 138 139 139 140 140 140 141 142 144 145 146 148 152 155 160 167 174 177 177 172 163 155 149 147 144 140 139 134 130 129 129 130 132 133 134 136 140 142 140 139 141 145 147 148 151 154 158 160 162 163 164 159 155 153 150 148 146 144 143 142 141 140 140 139 139 138 138 138 137 137 137 136 136 136 136 136 136 136 135 135 135 135 135 135 135 135 135 135 135 135 135 135 135
138 138 139 139 140 140 141 141 143 145 146 147 150 153 156 163 171 177 178 178 173 163 154 147 144 141 139 138 133 129 129 129 130 132 133 133 136 141 142 140 139 141 143 143 144 148 152 155 159 162 162 162 160 156 153 151 149 147 145 143 142 141 141 140 139 139 138 138 138 137 137 137 136 136 136 136 136 136 136 135 135 135 135 135 135 135 135 135 135 135 135 135 135 135
138 139 139 139 140 140 141 142 144 146 147 148 151 155 159 166 176 180 179 178 171 162 154 147 143 139 138 137 132 129 128 128 129 131 131 131 135 139 139 138 138 138 140 140 142 147 150 153 158 162 163 162 161 158 155 152 150 148 146 144 143 141 141 140 139 139 138 138 138 137 137 137 137 136 136 136 136 136 136 135 135 135 135 135 135 135 135 135 135 135 135 135 135 135
138 139 139 140 140 141 141 142 145 146 147 149 153 156 161 169 178 181 179 177 168 160 154 148 143 139 138 138 133 131 129 129 130 130 129 129 133 136 136 136 134 133 136 139 143 148 151 155 161 163 163 163 162 160 156 153 150 148 146 144 143 142 141 140 140 139 139 138 138 137 137 137 137 136 136 136 136 136 136 136 135 135 135 135 135 135 135 135 135 135 135 135 135 135
138 139 139 140 140 141 141 143 145 147 148 150 155 158 163 172 180 182 180 174 164 157 153 148 144 141 140 139 134 132 130 130 131 131 129 128 132 134 134 134 131 130 135 141 146 150 153 158 164 165 164 164 163 162 158 154 151 148 147 144 143 142 141 140 140 139 139 138 138 137 137 137 137 136 136 136 136 136 136 136 135 135 135 135 135 135 135 135 135 135 135 135 135 135
138 139 139 140 140 141 142 144 146 147 149 152 156 160 166 175 182 183 181 172 161 156 153 147 143 141 139 137 133 131 130 130 131 131 129 128 131 134 134 135 133 132 137 144 149 153 156 162 166 165 165 165 165 163 159 155 151 149 147 145 143 142 141 140 140 139 139 138 138 137 137 137 137 136 136 136 136 136 136 136 135 135 135 135 135 135 135 135 135 135 135 135 135 135
139 139 140 140 141 141 142 145 147 148 150 153 157 162 169 178 184 182 179 170 161 155 151 146 142 140 137 134 132 129 128 129 130 131 130 129 131 135 136 136 135 135 139 145 150 153 157 163 166 166 167 167 166 164 160 155 151 148 147 145 143 142 141 140 140 139 139 138 138 137 137 137 137 136 136 136 136 136 136 136 135 135 135 135 135 135 135 135 135 135 135 135 135 135
139 139 140 140 141 141 143 145 147 148 151 155 158 164 173 182 185 181 176 169 160 154 150 146 141 138 136 133 130 129 128 128 129 130 130 130 132 136 137 138 138 138 140 143 146 148 152 158 163 165 168 167 166 165 160 155 151 148 147 145 143 142 141 140 139 139 139 138 138 137 137 137 137 136 136 136 136 136 136 136 135 135 135 135 135 135 135 135 135 135 135 135 135 135
139 139 140 140 141 141 143 145 147 149 151 156 160 165 176 184 185 181 174 168 159 154 150 145 140 137 135 132 130 128 127 127 128 130 130 130 133 137 138 139 139 139 139 141 144 145 149 153 157 162 167 168 167 164 160 155 151 149 146 145 143 142 141 140 139 139 138 138 138 137 137 137 137 136 136 136 136 136 136 136 135 135 135 135 135 135 135 135 135 135 135 135 135 135
139 139 140 140 141 142 143 146 147 149 152 156 161 167 177 184 184 180 173 167 159 154 150 145 140 136 134 132 130 128 127 127 128 130 130 131 134 136 137 140 141 140 139 141 145 147 151 155 159 163 168 168 167 163 159 155 151 149 146 145 143 142 141 140 139 139 138 138 138 137 137 137 137 136 136 136 136 136 136 135 135 135 135 135 135 135 135 135 135 135 135 135 135 135
139 139 140 140 141 142 144 146 147 150 153 157 162 170 179 185 184 179 174 167 160 155 150 146 141 137 135 133 130 128 128 128 129 129 129 130 132 133 135 139 142 141 139 141 144 148 152 157 162 168 171 168 166 162 157 154 151 149 147 145 144 142 141 140 139 139 138 138 138 137 137 137 136 136 136 136 136 136 136 135 135 135 135 135 135 135 135 135 135 135 135 135 135 135
139 139 140 140 141 142 144 146 148 150 154 157 162 172 182 187 183 178 174 168 161 156 150 146 141 137 135 133 131 130 129 129 130 129 129 131 131 131 134 140 142 141 139 140 144 147 151 156 163 171 172 168 166 160 156 153 151 149 147 145 143 142 140 140 139 139 138 138 138 137 137 137 136 136 136 136 136 136 136 135 135 135 135 135 135 135 135 135 135 135 135 135 135 135
139 139 140 140 141 142 143 145 147 150 153 157 163 172 181 184 179 175 173 167 162 156 150 145 141 138 137 135 133 132 131 130 130 130 131 133 131 131 135 141 143 141 139 140 143 146 150 155 164 173 172 168 164 158 154 152 151 149 147 145 143 141 140 140 139 139 138 138 137 137 137 137 136 136 136 136 136 136 136 135 135 135 135 135 135 135 135 135 135 135 135 135 135 135
139 139 140 140 141 142 143 145 147 149 153 156 162 171 179 179 175 173 170 166 162 155 149 144 141 139 138 137 135 134 132 132 132 133 136 137 134 133 138 143 144 142 139 139 142 145 149 155 165 173 171 166 161 156 153 151 150 148 146 144 142 141 140 139 139 138 138 138 137 137 137 137 136 136 136 136 136 136 136 135 135 135 135 135 135 135 135 135 135 135 135 135 135 135
138 139 139 140 141 142 143 144 146 149 152 155 160 168 174 174 173 171 165 162 158 151 146 143 140 139 138 137 136 134 134 133 132 135 140 141 138 137 141 145 146 143 140 139 141 143 147 154 165 172 169 164 158 154 151 151 149 146 144 143 142 140 140 139 139 138 138 138 137 137 137 136 136 136 136 136 136 136 136 135 135 135 135 135 135 135 135 135 135 135 135 135 135 135
138 139 139 140 141 141 143 144 146 148 150 153 157 161 164 168 171 169 161 157 151 145 142 140 138 136 136 135 134 133 134 133 131 134 141 140 139 141 144 147 148 144 140 140 140 142 146 154 166 171 165 160 156 152 151 150 147 145 143 142 141 140 139 139 138 138 138 137 137 137 137 136 136 136 136 136 136 136 135 135 135 135 135 135 135 135 135 135 135 135 135 135 135 135
138 139 139 140 140 141 142 143 145 147 149 151 154 155 155 155 162 164 159 152 145 139 137 135 133 132 132 133 132 131 131 130 128 133 142 139 138 142 143 148 148 142 139 138 139 140 144 153 165 169 161 155 153 151 150 148 145 143 142 141 140 139 139 139 138 138 137 137 137 137 136 136 136 136 136 136 136 136 135 135 135 135 135 135 135 135 135 135 135 135 135 135 135 135
138 138 139 139 140 141 142 143 144 145 147 149 151 152 150 146 145 154 155 148 141 137 135 132 129 128 129 130 130 128 127 126 124 131 140 136 136 140 141 146 145 139 136 136 135 136 141 151 164 164 156 152 151 151 148 146 144 142 141 140 139 139 139 138 138 138 137 137 137 137 136 136 136 136 136 136 136 135 135 135 135 135 135 135 135 135 135 135 135 135 135 135 135 135
138 138 139 139 140 140 141 142 143 144 146 147 148 149 149 145 143 142 147 145 139 137 135 130 126 125 126 127 127 125 123 120 119 129 135 132 134 137 140 143 140 135 132 132 131 132 136 148 160 157 152 150 150 148 145 143 142 141 140 139 139 138 138 138 138 137 137 137 137 136 136 136 136 136 136 136 136 135 135 135 135 135 135 135 135 135 135 135 135 135 135 135 135 135
138 138 138 139 139 140 141 141 142 143 144 145 146 147 147 146 145 147 154 142 138 137 134 129 126 124 124 125 125 122 116 112 114 124 128 129 131 136 140 140 135 130 128 127 126 127 131 143 153 150 147 147 146 144 143 142 141 140 139 139 138 138 138 138 137 137 137 137 137 136 136 136 136 136 136 136 136 135 135 135 135 135 135 135 135 135 135 135 135 135 135 135 135 135
137 138 138 139 139 139 140 141 141 142 143 144 144 145 145 145 145 150 152 142 137 136 132 128 126 124 124 123 124 119 110 103 107 113 120 122 126 133 135 132 128 124 121 121 121 122 126 137 144 144 143 143 143 142 141 141 140 139 138 138 138 138 138 137 137 137 137 137 136 136 136 136 136 136 136 136 135 135 135 135 135 135 135 135 135 135 135 135 135 135 135 135 135 135
137 138 138 138 139 139 139 140 140 141 142 142 143 143 143 143 144 145 140 136 135 133 128 126 125 124 123 122 122 118 107 96 99 101 105 105 107 113 116 115 116 115 114 115 115 116 120 129 137 140 140 140 141 140 140 139 139 138 138 138 138 137 137 137 137 137 137 136 136 136 136 136 136 136 136 135 135 135 135 135 135 135 135 135 135 135 135 135 135 135 135 135 135 135
137 137 138 138 138 139 139 139 140 140 140 141 141 141 141 142 142 140 137 135 135 131 126 123 123 123 121 120 120 114 101 91 93 94 96 94 89 92 99 101 104 106 107 108 109 110 115 123 132 136 137 138 138 138 139 138 138 137 137 137 137 137 137 137 137 136 136 136 136 136 136 136 136 136 136 135 135 135 135 135 135 135 135 135 135 135 135 135 135 135 135 135 135 135
137 137 137 138 138 138 138 139 139 139 139 140 140 140 140 140 139 138 137 136 135 134 126 122 122 121 120 118 114 106 95 90 90 91 92 88 84 90 96 98 103 105 104 105 107 109 114 121 130 134 135 136 137 137 138 138 137 137 137 137 137 137 137 137 136 136 136 136 136 136 136 136 136 136 135 135 135 135 135 135 135 135 135 135 135 135 135 135 135 135 135 135 135 135
137 137 137 137 137 138 138 138 138 138 139 139 139 139 139 138 138 137 135 134 133 133 131 124 121 119 118 115 108 98 92 93 91 89 88 85 82 91 100 104 107 108 108 110 112 113 116 122 129 132 134 135 136 137 137 137 136 136 136 137 137 136 136 136 136 136 136 136 136 136 136 136 136 135 135 135 135 135 135 135 135 135 135 135 135 135 135 135 135 135 135 135 135 135
136 137 137 137 137 137 137 138 138 138 138 138 138 138 137 137 136 135 134 133 132 131 131 130 122 118 115 113 106 96 90 94 92 89 87 83 86 97 104 108 110 112 114 116 117 118 121 125 129 132 133 134 135 136 136 136 136 136 136 136 136 136 136 136 136 136 136 136 136 136 136 136 135 135 135 135 135 135 135 135 135 135 135 135 135 135 135 135 135 135 135 135 135 135
136 136 137 137 137 137 137 137 137 137 137 137 137 137 136 136 135 134 133 132 131 130 129 129 126 116 112 111 106 95 89 93 91 87 84 83 94 104 108 111 113 115 118 120 121 122 125 127 130 132 133 134 135 135 136 136 136 136 136 136 136 136 136 136 136 136 136 136 136 136 136 135 135 135 135 135 135 135 135 135 135 135 135 135 135 135 135 135 135 135 135 135 135 135
136 136 136 136 137 137 137 137 137 137 137 137 136 136 136 135 135 134 133 131 130 129 127 127 123 114 110 109 105 95 90 90 88 84 84 91 101 109 113 116 118 120 123 125 125 126 127 129 130 132 133 134 134 135 136 136 136 136 136 136 136 136 136 136 136 136 136 136 136 136 135 135 135 135 135 135 135 135 135 135 135 135 135 135 135 135 135 135 135 135 135 135 135 135
136 136 136 136 136 136 136 136 136 136 136 136 136 136 135 135 134 133 132 131 130 128 126 124 120 116 113 109 104 98 93 90 88 86 90 100 108 113 117 120 123 125 127 128 128 128 129 130 131 132 133 134 134 135 135 135 135 135 135 136 136 136 136 136 136 136 136 136 135 135 135 135 135 135 135 135 135 135 135 135 135 135 135 135 135 135 135 135 135 135 135 135 135 135
136 136 136 136 136 136 136 136 136 136 136 136 135 135 135 134 134 133 132 131 129 128 126 124 120 118 115 111 108 104 99 95 93 94 101 109 115 118 122 124 126 127 128 129 129 129 130 131 132 133 134 134 134 135 135 135 135 135 135 135 135 135 135 135 135 135 135 135 135 135 135 135 135 135 135 135 135 135 135 135 135 135 135 135 135 135 135 135 135 135 135 135 135 135
136 136 136 136 136 136 136 136 136 136 136 135 135 135 134 134 133 133 132 131 129 128 126 124 122 119 117 114 112 109 106 104 103 105 110 116 120 122 125 126 127 128 128 129 129 130 131 132 132 133 134 134 134 134 135 135 135 135 135 135 135 135 135 135 135 135 135 135 135 135 135 135 135 135 135 135 135 135 135 135 135 135 135 135 135 135 135 135 135 135 135 135 135 135
136 136 136 136 136 136 136 136 136 135 135 135 135 135 134 134 133 132 132 131 130 128 127 125 123 122 120 117 115 114 112 112 112 113 116 119 122 124 125 127 128 128 129 130 130 131 131 132 133 133 134 134 134 134 135 135 135 135 135 135 135 135 135 135 135 135 135 135 135 135 135 135 135 135 135 135 135 135 135 135 135 135 135 135 135 135 135 135 135 135 135 135 135 135
136 136 136 136 136 136 135 135 135 135 135 135 135 134 134 133 133 132 132 131 130 129 128 126 125 123 122 120 119 118 117 117 117 118 120 122 124 125 126 127 128 129 130 130 131 131 132 133 133 133 134 134 134 134 134 135 135 135 135 135 135 135 135 135 135 135 135 135 135 135 135 135 135 135 135 135 135 135 135 135 135 135 135 135 135 135 135 135 135 135 135 135 135 135
135 135 135 135 135 135 135 135 135 135 135 135 134 134 134 133 133 132 132 131 130 129 128 127 126 125 124 123 122 121 121 121 121 122 123 124 125 126 127 128 129 130 131 131 131 132 132 133 133 133 134 134 134 134 134 135 135 135 135 135 135 135 135 135 135 135 135 135 135 135 135 135 135 135 135 135 135 135 135 135 135 135 135 135 135 135 135 135 135 135 135 135 135 135
135 135 135 135 135 135 135 135 135 135 135 135 134 134 134 133 133 132 132 131 131 130 129 128 127 127 126 125 124 124 123 123 124 124 125 126 127 128 128 129 130 131 131 131 131 132 132 133 133 133 134 134 134 134 134 134 135 135 135 135 135 135 135 135 135 135 135 135 135 135 135 135 135 135 135 135 135 135 135 135 135 135 135 135 135 135 135 135 135 135 135 135 135 135
135 135 135 135 135 135 135 135 135 135 135 134 134 134 134 133 133 133 132 132 131 130 130 129 128 128 127 127 126 126 126 126 126 126 127 127 128 129 129 130 130 131 131 131 132 132 132 133 133 133 134 134 134 134 134 134 135 135 135 135 135 135 135 135 135 135 135 135 135 135 135 135 135 135 135 135 135 135 135 135 135 135 135 135 135 135 135 135 135 135 135 135 135 135
135 135 135 135 135 135 135 135 135 135 135 134 134 134 134 133 133 133 132 132 131 131 130 130 129 129 128 128 128 127 127 127 127 128 128 128 129 129 130 130 131 131 131 132 132 132 133 133 133 134 134 134 134 134 134 134 135 135 135 135 135 135 135 135 135 135 135 135 135 135 135 135 135 135 135 135 135 135 135 135 135 135 135 135 135 135 135 135 135 135 135 135 135 135
135 135 135 135 135 135 135 135 135 135 135 134 134 134 134 133 133 133 132 132 132 131 131 130 130 130 129 129 129 129 128 128 129 129 129 129 130 130 130 131 131 131 132 132 132 133 133 133 133 134 134 134 134 134 134 134 135 135 135 135 135 135 135 135 135 135 135 135 135 135 135 135 135 135 135 135 135 135 135 135 135 135 135 135 135 135 135 135 135 135 135 135 135 135
135 135 135 135 135 135 135 135 135 135 134 134 134 134 134 134 133 133 133 132 132 132 131 131 131 130 130 130 130 129 129 129 130 130 130 130 130 131 131 131 132 132 132 132 132 133 133 133 133 134 134 134 134 134 134 134 135 135 135 135 135 135 135 135 135 135 135 135 135 135 135 135 135 135 135 135 135 135 135 135 135 135 135 135 135 135 135 135 135 135 135 135 135 135
135 135 135 135 135 135 135 135 135 135 134 134 134 134 134 134 133 133 133 133 132 132 132 131 131 131 131 131 130 130 130 130 130 130 131 131 131 131 131 132 132 132 132 133 133 133 133 133 134 134 134 134 134 134 134 135 135 135 135 135 135 135 135 135 135 135 135 135 135 135 135 135 135 135 135 135 135 135 135 135 135 135 135 135 135 135 135 135 135 135 135 135 135 135
135 135 135 135 135 135 135 135 135 135 134 134 134 134 134 134 134 133 133 133 133 132 132 132 132 131 131 131 131 131 131 131 131 131 131 131 131 132 132 132 132 132 133 133 133 133 133 134 134 134 134 134 134 134 134 135 135 135 135 135 135 135 135 135 135 135 135 135 135 135 135 135 135 135 135 135 135 135 135 135 135 135 135 135 135 135 135 135 135 135 135 135 135 135
135 135 135 135 135 135 135 135 135 135 135 134 134 134 134 134 134 133 133 133 133 133 132 132 132 132 132 132 132 131 131 131 131 132 132 132 132 132 132 132 133 133 133 133 133 133 134 134 134 134 134 134 134 134 135 135 135 135 135 135 135 135 135 135 135 135 135 135 135 135 135 135 135 135 135 135 135 135 135 135 135 135 135 135 135 135 135 135 135 135 135 135 135 135
