data/AilsaCraig_0_1_25m_vel_2m.asc
ncols	257
nrows	257
xllcorner	3364200.000000
yllcorner	3669375.000000
cellsize	25.000000
NODATA_value	-1.000000
[rows 76 to 113 of 257, columns 84 to 167 of 257]
2.71 2.71 2.71 2.71 2.71 2.71 2.70 2.70 2.70 2.70 2.70 2.70 2.70 2.70 2.70 2.70 2.70 2.70 2.70 2.70 2.70 2.70 2.70 2.70 2.70 2.70 2.70 2.70 2.70 2.70 2.70 2.70 2.70 2.70 2.70 2.70 2.69 2.69 2.69 2.69 2.69 2.69 2.69 2.69 2.69 2.69 2.69 2.69 2.69 2.69 2.69 2.69 2.69 2.69 2.70 2.70 2.70 2.70 2.70 2.70 2.70 2.70 2.70 2.70 2.70 2.70 2.70 2.70 2.70 2.70 2.70 2.70 2.70 2.70 2.70 2.70 2.70 2.70 2.70 2.70 2.70 2.70 2.70 2.70
2.71 2.71 2.71 2.71 2.71 2.71 2.71 2.70 2.70 2.70 2.70 2.70 2.70 2.70 2.70 2.70 2.70 2.70 2.70 2.70 2.70 2.70 2.70 2.70 2.70 2.70 2.70 2.70 2.70 2.70 2.70 2.70 2.70 2.69 2.69 2.69 2.69 2.69 2.69 2.69 2.69 2.69 2.69 2.69 2.69 2.69 2.69 2.69 2.69 2.69 2.69 2.69 2.69 2.69 2.69 2.69 2.69 2.70 2.70 2.70 2.70 2.70 2.70 2.70 2.70 2.70 2.70 2.70 2.70 2.70 2.70 2.70 2.70 2.70 2.70 2.70 2.70 2.70 2.70 2.70 2.70 2.70 2.70 2.70
2.71 2.71 2.71 2.71 2.71 2.71 2.70 2.70 2.70 2.70 2.70 2.70 2.70 2.70 2.70 2.70 2.70 2.70 2.70 2.70 2.70 2.70 2.70 2.70 2.70 2.70 2.70 2.70 2.70 2.70 2.69 2.69 2.69 2.69 2.69 2.69 2.69 2.69 2.69 2.69 2.69 2.69 2.69 2.69 2.69 2.69 2.69 2.69 2.69 2.69 2.69 2.69 2.69 2.69 2.69 2.69 2.69 2.69 2.69 2.69 2.70 2.70 2.70 2.70 2.70 2.70 2.70 2.70 2.70 2.70 2.70 2.70 2.70 2.70 2.70 2.70 2.70 2.70 2.70 2.70 2.70 2.70 2.70 2.70
2.71 2.71 2.71 2.71 2.70 2.70 2.70 2.70 2.70 2.70 2.70 2.70 2.70 2.70 2.70 2.70 2.70 2.70 2.70 2.70 2.70 2.70 2.70 2.70 2.70 2.70 2.70 2.70 2.69 2.69 2.69 2.69 2.69 2.69 2.69 2.69 2.69 2.69 2.69 2.69 2.69 2.69 2.68 2.68 2.68 2.68 2.68 2.68 2.69 2.69 2.69 2.69 2.69 2.69 2.69 2.69 2.69 2.69 2.69 2.69 2.69 2.69 2.70 2.70 2.70 2.70 2.70 2.70 2.70 2.70 2.70 2.70 2.70 2.70 2.70 2.70 2.70 2.70 2.70 2.70 2.70 2.70 2.70 2.70
2.71 2.71 2.71 2.70 2.70 2.70 2.70 2.70 2.70 2.70 2.70 2.70 2.70 2.70 2.70 2.70 2.70 2.70 2.70 2.70 2.70 2.70 2.70 2.70 2.70 2.70 2.70 2.69 2.69 2.69 2.69 2.69 2.69 2.69 2.69 2.69 2.68 2.68 2.68 2.68 2.68 2.68 2.68 2.68 2.68 2.68 2.68 2.68 2.68 2.68 2.68 2.68 2.68 2.69 2.69 2.69 2.69 2.69 2.69 2.69 2.69 2.69 2.69 2.69 2.70 2.70 2.70 2.70 2.70 2.70 2.70 2.70 2.70 2.70 2.70 2.70 2.70 2.70 2.70 2.70 2.70 2.70 2.70 2.70
2.71 2.71 2.70 2.71 2.70 2.70 2.70 2.70 2.70 2.70 2.70 2.70 2.70 2.70 2.70 2.70 2.70 2.70 2.70 2.70 2.70 2.70 2.70 2.70 2.70 2.69 2.69 2.69 2.69 2.69 2.69 2.69 2.69 2.68 2.68 2.68 2.68 2.68 2.68 2.68 2.68 2.68 2.68 2.68 2.68 2.68 2.68 2.68 2.68 2.68 2.68 2.68 2.68 2.68 2.68 2.68 2.69 2.69 2.69 2.69 2.69 2.69 2.69 2.69 2.69 2.70 2.70 2.70 2.70 2.70 2.70 2.70 2.70 2.70 2.70 2.70 2.70 2.70 2.70 2.70 2.70 2.70 2.70 2.70
2.71 2.70 2.71 2.70 2.70 2.70 2.70 2.70 2.70 2.70 2.70 2.70 2.70 2.70 2.70 2.70 2.70 2.70 2.70 2.70 2.70 2.70 2.70 2.70 2.69 2.69 2.69 2.69 2.69 2.69 2.69 2.68 2.68 2.68 2.68 2.68 2.68 2.68 2.67 2.67 2.67 2.67 2.67 2.67 2.67 2.67 2.67 2.67 2.67 2.67 2.67 2.68 2.68 2.68 2.68 2.68 2.68 2.68 2.69 2.69 2.69 2.69 2.69 2.69 2.69 2.69 2.69 2.70 2.70 2.70 2.70 2.70 2.70 2.70 2.70 2.70 2.70 2.70 2.70 2.70 2.70 2.70 2.70 2.70
2.71 2.71 2.70 2.70 2.70 2.70 2.70 2.70 2.70 2.70 2.70 2.70 2.70 2.70 2.70 2.70 2.70 2.70 2.70 2.70 2.70 2.70 2.69 2.69 2.69 2.69 2.69 2.69 2.69 2.68 2.68 2.68 2.68 2.68 2.68 2.67 2.67 2.67 2.67 2.67 2.67 2.67 2.67 2.67 2.67 2.67 2.67 2.67 2.67 2.67 2.67 2.67 2.67 2.67 2.68 2.68 2.68 2.68 2.68 2.68 2.68 2.69 2.69 2.69 2.69 2.69 2.69 2.69 2.70 2.70 2.70 2.70 2.70 2.70 2.70 2.70 2.70 2.70 2.70 2.70 2.70 2.70 2.70 2.70
2.71 2.70 2.70 2.70 2.70 2.70 2.70 2.70 2.70 2.70 2.70 2.70 2.70 2.70 2.70 2.70 2.70 2.70 2.70 2.70 2.70 2.69 2.69 2.69 2.69 2.69 2.69 2.69 2.68 2.68 2.68 2.68 2.68 2.67 2.67 2.67 2.67 2.67 2.66 2.66 2.66 2.66 2.66 2.66 2.66 2.66 2.66 2.66 2.66 2.66 2.66 2.67 2.67 2.67 2.67 2.67 2.67 2.68 2.68 2.68 2.68 2.68 2.69 2.69 2.69 2.69 2.69 2.69 2.69 2.70 2.70 2.70 2.70 2.70 2.70 2.70 2.70 2.70 2.70 2.70 2.70 2.70 2.70 2.70
2.71 2.70 2.70 2.70 2.70 2.70 2.70 2.70 2.70 2.70 2.70 2.70 2.70 2.70 2.70 2.70 2.70 2.70 2.70 2.70 2.69 2.69 2.69 2.69 2.69 2.69 2.68 2.68 2.68 2.68 2.68 2.67 2.67 2.67 2.67 2.66 2.66 2.66 2.66 2.66 2.66 2.65 2.65 2.65 2.65 2.65 2.65 2.65 2.66 2.66 2.66 2.66 2.66 2.66 2.67 2.67 2.67 2.67 2.67 2.68 2.68 2.68 2.68 2.68 2.69 2.69 2.69 2.69 2.69 2.69 2.70 2.70 2.70 2.70 2.70 2.70 2.70 2.70 2.70 2.70 2.70 2.70 2.70 2.70
2.70 2.70 2.70 2.70 2.70 2.70 2.70 2.70 2.70 2.70 2.70 2.70 2.70 2.70 2.70 2.70 2.70 2.70 2.70 2.69 2.69 2.69 2.69 2.69 2.68 2.68 2.68 2.68 2.68 2.67 2.67 2.67 2.67 2.66 2.66 2.66 2.66 2.65 2.65 2.65 2.65 2.65 2.65 2.65 2.65 2.65 2.65 2.65 2.65 2.65 2.65 2.65 2.65 2.66 2.66 2.66 2.66 2.67 2.67 2.67 2.67 2.68 2.68 2.68 2.68 2.69 2.69 2.69 2.69 2.69 2.69 2.69 2.70 2.70 2.70 2.70 2.70 2.70 2.70 2.70 2.70 2.70 2.70 2.70
2.70 2.70 2.70 2.70 2.70 2.70 2.70 2.70 2.70 2.70 2.70 2.70 2.70 2.70 2.70 2.70 2.70 2.70 2.69 2.69 2.69 2.69 2.69 2.68 2.68 2.68 2.68 2.67 2.67 2.67 2.67 2.66 2.66 2.66 2.65 2.65 2.65 2.65 2.64 2.64 2.64 2.64 2.64 2.64 2.64 2.64 2.64 2.64 2.64 2.64 2.64 2.64 2.65 2.65 2.65 2.66 2.66 2.66 2.66 2.67 2.67 2.67 2.68 2.68 2.68 2.68 2.69 2.69 2.69 2.69 2.69 2.69 2.70 2.70 2.70 2.70 2.70 2.70 2.70 2.70 2.70 2.70 2.70 2.70
2.70 2.70 2.70 2.70 2.70 2.70 2.70 2.70 2.70 2.70 2.70 2.70 2.70 2.70 2.70 2.70 2.70 2.69 2.69 2.69 2.69 2.69 2.68 2.68 2.68 2.68 2.67 2.67 2.67 2.66 2.66 2.66 2.65 2.65 2.65 2.64 2.64 2.64 2.63 2.63 2.63 2.63 2.63 2.63 2.63 2.63 2.63 2.63 2.63 2.63 2.63 2.64 2.64 2.64 2.64 2.65 2.65 2.66 2.66 2.66 2.67 2.67 2.67 2.68 2.68 2.68 2.68 2.69 2.69 2.69 2.69 2.69 2.69 2.70 2.70 2.70 2.70 2.70 2.70 2.70 2.70 2.70 2.70 2.70
2.70 2.70 2.70 2.70 2.70 2.70 2.70 2.70 2.70 2.70 2.70 2.70 2.70 2.70 2.70 2.70 2.69 2.69 2.69 2.69 2.69 2.68 2.68 2.68 2.68 2.67 2.67 2.67 2.66 2.66 2.65 2.65 2.65 2.64 2.64 2.63 2.63 2.63 2.62 2.62 2.62 2.62 2.62 2.61 2.61 2.61 2.62 2.62 2.62 2.62 2.62 2.63 2.63 2.63 2.64 2.64 2.64 2.65 2.65 2.66 2.66 2.66 2.67 2.67 2.67 2.68 2.68 2.68 2.68 2.69 2.69 2.69 2.69 2.69 2.70 2.70 2.70 2.70 2.70 2.70 2.70 2.70 2.70 2.70
2.70 2.70 2.70 2.70 2.70 2.70 2.70 2.70 2.70 2.70 2.70 2.70 2.70 2.70 2.70 2.69 2.69 2.69 2.69 2.69 2.69 2.68 2.68 2.68 2.67 2.67 2.67 2.66 2.66 2.65 2.65 2.64 2.64 2.64 2.63 2.63 2.62 2.62 2.61 2.61 2.61 2.60 2.60 2.60 2.60 2.60 2.60 2.60 2.61 2.61 2.61 2.62 2.62 2.62 2.63 2.63 2.64 2.64 2.65 2.65 2.65 2.66 2.66 2.67 2.67 2.67 2.68 2.68 2.68 2.68 2.69 2.69 2.69 2.69 2.70 2.70 2.70 2.70 2.70 2.70 2.70 2.70 2.70 2.70
2.70 2.70 2.70 2.70 2.70 2.70 2.70 2.70 2.70 2.70 2.70 2.70 2.70 2.70 2.70 2.69 2.69 2.69 2.69 2.69 2.68 2.68 2.68 2.67 2.67 2.67 2.66 2.66 2.65 2.65 2.64 2.64 2.63 2.63 2.62 2.61 2.61 2.60 2.60 2.60 2.59 2.59 2.59 2.59 2.59 2.59 2.59 2.59 2.59 2.60 2.60 2.60 2.61 2.61 2.62 2.62 2.63 2.63 2.64 2.64 2.65 2.65 2.66 2.66 2.67 2.67 2.67 2.68 2.68 2.68 2.69 2.69 2.69 2.69 2.69 2.70 2.70 2.70 2.70 2.70 2.70 2.70 2.70 2.70
2.70 2.70 2.70 2.70 2.70 2.70 2.70 2.70 2.70 2.70 2.70 2.70 2.70 2.70 2.69 2.69 2.69 2.69 2.69 2.68 2.68 2.68 2.67 2.67 2.67 2.66 2.66 2.65 2.64 2.64 2.63 2.63 2.62 2.61 2.61 2.60 2.60 2.59 2.59 2.58 2.58 2.58 2.57 2.57 2.57 2.57 2.57 2.57 2.58 2.58 2.59 2.59 2.60 2.60 2.61 2.61 2.62 2.63 2.63 2.64 2.64 2.65 2.65 2.66 2.66 2.67 2.67 2.67 2.68 2.68 2.68 2.69 2.69 2.69 2.69 2.69 2.70 2.70 2.70 2.70 2.70 2.70 2.70 2.70
2.70 2.70 2.70 2.70 2.70 2.70 2.70 2.70 2.70 2.70 2.70 2.70 2.70 2.69 2.69 2.69 2.69 2.69 2.68 2.68 2.68 2.67 2.67 2.67 2.66 2.66 2.65 2.64 2.64 2.63 2.63 2.62 2.61 2.61 2.60 2.59 2.59 2.58 2.57 2.57 2.56 2.56 2.56 2.55 2.55 2.55 2.55 2.56 2.56 2.57 2.57 2.58 2.58 2.59 2.60 2.60 2.61 2.62 2.62 2.63 2.64 2.64 2.65 2.65 2.66 2.66 2.67 2.67 2.68 2.68 2.68 2.69 2.69 2.69 2.69 2.69 2.69 2.70 2.70 2.70 2.70 2.70 2.70 2.70
2.70 2.70 2.70 2.70 2.70 2.70 2.70 2.70 2.70 2.70 2.70 2.70 2.70 2.69 2.69 2.69 2.69 2.69 2.68 2.68 2.68 2.67 2.67 2.66 2.66 2.65 2.65 2.64 2.63 2.62 2.62 2.61 2.60 2.59 2.58 2.58 2.57 2.56 2.55 2.55 2.54 2.54 2.53 2.53 2.53 2.53 2.53 2.54 2.54 2.55 2.55 2.56 2.57 2.58 2.58 2.59 2.60 2.61 2.61 2.62 2.63 2.64 2.64 2.65 2.65 2.66 2.66 2.67 2.67 2.68 2.68 2.68 2.69 2.69 2.69 2.69 2.69 2.70 2.70 2.70 2.70 2.70 2.70 2.70
2.70 2.70 2.70 2.70 2.70 2.70 2.70 2.70 2.70 2.70 2.70 2.70 2.69 2.69 2.69 2.69 2.69 2.68 2.68 2.68 2.67 2.67 2.66 2.66 2.65 2.65 2.64 2.63 2.62 2.62 2.61 2.60 2.59 2.59 2.58 2.57 2.56 2.55 2.54 2.53 2.52 2.51 2.51 2.51 2.51 2.51 2.51 2.51 2.52 2.52 2.53 2.54 2.55 2.56 2.57 2.58 2.59 2.60 2.61 2.61 2.62 2.63 2.64 2.64 2.65 2.66 2.66 2.67 2.67 2.67 2.68 2.68 2.68 2.69 2.69 2.69 2.69 2.70 2.70 2.70 2.70 2.70 2.70 2.70
2.70 2.70 2.70 2.70 2.70 2.70 2.70 2.70 2.70 2.70 2.70 2.70 2.69 2.69 2.69 2.69 2.68 2.68 2.68 2.67 2.67 2.67 2.66 2.65 2.65 2.64 2.63 2.63 2.62 2.61 2.60 2.59 2.59 2.57 2.56 2.55 2.54 2.52 2.51 2.50 2.49 2.49 2.48 2.48 2.47 2.48 2.48 2.48 2.49 2.50 2.51 2.52 2.53 2.54 2.56 2.57 2.58 2.59 2.60 2.61 2.62 2.62 2.63 2.64 2.65 2.65 2.66 2.66 2.67 2.67 2.68 2.68 2.68 2.69 2.69 2.69 2.69 2.69 2.70 2.70 2.70 2.70 2.70 2.70
2.70 2.70 2.70 2.70 2.70 2.70 2.70 2.70 2.70 2.70 2.70 2.70 2.69 2.69 2.69 2.69 2.68 2.68 2.68 2.67 2.67 2.66 2.66 2.65 2.64 2.64 2.63 2.62 2.61 2.60 2.59 2.58 2.57 2.55 2.54 2.53 2.52 2.50 2.49 2.48 2.46 2.45 2.45 2.44 2.44 2.44 2.44 2.45 2.46 2.47 2.48 2.50 2.51 2.52 2.54 2.55 2.56 2.58 2.59 2.60 2.61 2.62 2.63 2.63 2.64 2.65 2.65 2.66 2.66 2.67 2.67 2.68 2.68 2.68 2.69 2.69 2.69 2.69 2.70 2.70 2.70 2.70 2.70 2.70
2.70 2.70 2.70 2.70 2.70 2.70 2.70 2.70 2.70 2.70 2.70 2.69 2.69 2.69 2.69 2.68 2.68 2.68 2.67 2.67 2.67 2.66 2.65 2.65 2.64 2.63 2.63 2.61 2.60 2.60 2.58 2.57 2.57 2.56 2.54 2.52 2.51 2.49 2.47 2.45 2.43 2.41 2.40 2.39 2.39 2.39 2.40 2.41 2.42 2.43 2.45 2.47 2.49 2.50 2.52 2.53 2.55 2.56 2.58 2.59 2.60 2.61 2.62 2.63 2.63 2.64 2.65 2.66 2.66 2.67 2.67 2.68 2.68 2.68 2.69 2.69 2.69 2.69 2.69 2.70 2.70 2.70 2.70 2.70
2.70 2.70 2.70 2.70 2.70 2.70 2.70 2.70 2.70 2.70 2.70 2.69 2.69 2.69 2.69 2.68 2.68 2.68 2.67 2.67 2.66 2.66 2.65 2.64 2.64 2.63 2.62 2.61 2.60 2.59 2.58 2.57 2.55 2.53 2.51 2.48 2.46 2.43 2.41 2.39 2.37 2.35 2.34 2.33 2.33 2.33 2.34 2.35 2.37 2.39 2.42 2.44 2.45 2.48 2.50 2.51 2.53 2.55 2.56 2.58 2.59 2.60 2.61 2.62 2.63 2.64 2.64 2.65 2.66 2.66 2.67 2.67 2.68 2.68 2.69 2.69 2.69 2.69 2.69 2.70 2.70 2.70 2.70 2.70
2.70 2.70 2.70 2.70 2.70 2.70 2.70 2.70 2.70 2.70 2.69 2.69 2.69 2.69 2.69 2.68 2.68 2.67 2.67 2.67 2.66 2.65 2.65 2.64 2.63 2.62 2.62 2.61 2.59 2.58 2.57 2.55 2.53 2.51 2.49 2.46 2.44 2.41 2.38 2.35 2.32 2.29 2.27 2.26 2.25 2.26 2.27 2.29 2.31 2.34 2.37 2.40 2.43 2.45 2.47 2.50 2.52 2.54 2.55 2.57 2.58 2.59 2.60 2.62 2.63 2.63 2.64 2.65 2.66 2.66 2.67 2.67 2.68 2.68 2.68 2.69 2.69 2.69 2.69 2.70 2.70 2.70 2.70 2.70
2.70 2.70 2.70 2.70 2.70 2.70 2.70 2.70 2.70 2.70 2.69 2.69 2.69 2.69 2.68 2.68 2.68 2.67 2.67 2.66 2.66 2.65 2.65 2.64 2.63 2.62 2.61 2.60 2.59 2.58 2.56 2.54 2.53 2.50 2.47 2.44 2.41 2.37 2.33 2.29 2.24 2.21 2.18 2.16 2.16 2.16 2.18 2.21 2.24 2.28 2.31 2.35 2.39 2.42 2.45 2.48 2.50 2.52 2.54 2.56 2.57 2.59 2.60 2.61 2.62 2.63 2.64 2.65 2.65 2.66 2.67 2.67 2.68 2.68 2.68 2.69 2.69 2.69 2.69 2.70 2.70 2.70 2.70 2.70
2.70 2.70 2.70 2.70 2.70 2.70 2.70 2.70 2.70 2.70 2.69 2.69 2.69 2.69 2.68 2.68 2.68 2.67 2.67 2.66 2.66 2.65 2.64 2.63 2.63 2.62 2.61 2.60 2.59 2.57 2.55 2.54 2.51 2.47 2.43 2.38 2.33 2.29 2.23 2.18 2.13 2.09 2.06 2.04 2.03 2.04 2.07 2.11 2.15 2.20 2.25 2.30 2.35 2.39 2.42 2.46 2.48 2.51 2.53 2.55 2.56 2.58 2.59 2.61 2.62 2.63 2.64 2.65 2.65 2.66 2.67 2.67 2.68 2.68 2.68 2.69 2.69 2.69 2.69 2.70 2.70 2.70 2.70 2.70
2.70 2.70 2.70 2.70 2.70 2.70 2.70 2.70 2.70 2.70 2.69 2.69 2.69 2.69 2.68 2.68 2.68 2.67 2.67 2.66 2.65 2.65 2.64 2.64 2.63 2.62 2.60 2.59 2.58 2.57 2.55 2.52 2.47 2.44 2.40 2.36 2.31 2.26 2.19 2.13 2.06 1.98 1.92 1.89 1.87 1.89 1.92 1.98 2.04 2.11 2.18 2.25 2.30 2.35 2.39 2.43 2.46 2.49 2.52 2.54 2.56 2.57 2.59 2.60 2.61 2.63 2.64 2.64 2.65 2.66 2.66 2.67 2.67 2.68 2.68 2.69 2.69 2.69 2.69 2.70 2.70 2.70 2.70 2.70
2.70 2.70 2.70 2.70 2.70 2.70 2.70 2.70 2.70 2.69 2.69 2.69 2.69 2.68 2.68 2.68 2.67 2.67 2.67 2.66 2.65 2.65 2.64 2.63 2.62 2.61 2.60 2.59 2.58 2.56 2.53 2.48 2.45 2.41 2.38 2.34 2.28 2.22 2.15 2.08 1.98 1.87 1.77 1.71 1.68 1.69 1.74 1.82 1.92 2.02 2.11 2.19 2.25 2.31 2.36 2.40 2.44 2.47 2.50 2.53 2.55 2.57 2.59 2.60 2.61 2.62 2.63 2.64 2.65 2.66 2.66 2.67 2.67 2.68 2.68 2.69 2.69 2.69 2.69 2.70 2.70 2.70 2.70 2.70
2.70 2.70 2.70 2.70 2.70 2.70 2.70 2.70 2.70 2.69 2.69 2.69 2.69 2.69 2.68 2.68 2.67 2.67 2.66 2.66 2.65 2.65 2.64 2.63 2.62 2.62 2.61 2.60 2.58 2.54 2.49 2.47 2.44 2.41 2.37 2.32 2.25 2.17 2.08 1.97 1.84 1.68 1.52 1.43 1.40 1.43 1.51 1.64 1.78 1.92 2.04 2.13 2.21 2.27 2.33 2.37 2.42 2.45 2.49 2.51 2.54 2.56 2.58 2.60 2.61 2.62 2.63 2.64 2.65 2.66 2.66 2.67 2.67 2.68 2.68 2.69 2.69 2.69 2.69 2.70 2.70 2.70 2.70 2.70
2.70 2.70 2.70 2.70 2.70 2.70 2.70 2.70 2.70 2.69 2.69 2.69 2.69 2.68 2.68 2.68 2.67 2.67 2.66 2.66 2.65 2.65 2.64 2.63 2.63 2.62 2.61 2.59 2.55 2.51 2.48 2.47 2.44 2.40 2.35 2.30 2.23 2.14 2.03 1.90 1.71 1.46 1.19 1.02 0.97 1.00 1.11 1.35 1.62 1.84 1.98 2.09 2.16 2.23 2.29 2.34 2.39 2.44 2.47 2.51 2.53 2.56 2.58 2.60 2.61 2.62 2.63 2.64 2.65 2.66 2.66 2.67 2.67 2.68 2.68 2.69 2.69 2.69 2.69 2.70 2.70 2.70 2.70 2.70
2.70 2.70 2.70 2.70 2.70 2.70 2.70 2.70 2.70 2.69 2.69 2.69 2.69 2.68 2.68 2.68 2.67 2.67 2.66 2.66 2.65 2.65 2.64 2.64 2.63 2.62 2.60 2.57 2.53 2.51 2.49 2.47 2.44 2.39 2.33 2.28 2.21 2.13 2.01 1.88 1.75 1.44 0.93 0.57 0.58 0.68 0.88 1.23 1.57 1.80 1.94 2.05 2.12 2.19 2.26 2.32 2.37 2.41 2.46 2.49 2.52 2.55 2.57 2.59 2.61 2.62 2.64 2.64 2.65 2.66 2.67 2.67 2.68 2.68 2.68 2.69 2.69 2.69 2.69 2.70 2.70 2.70 2.70 2.70
2.70 2.70 2.70 2.70 2.70 2.70 2.70 2.70 2.70 2.69 2.69 2.69 2.69 2.68 2.68 2.68 2.67 2.67 2.66 2.66 2.65 2.65 2.65 2.64 2.63 2.61 2.58 2.56 2.54 2.51 2.49 2.46 2.42 2.38 2.32 2.26 2.20 2.13 2.02 1.85 1.81 1.66 1.05 0.49 0.64 0.91 1.40 1.71 1.94 1.98 1.97 2.01 2.09 2.16 2.22 2.28 2.34 2.39 2.44 2.48 2.52 2.55 2.57 2.59 2.61 2.62 2.64 2.65 2.65 2.66 2.67 2.67 2.68 2.68 2.68 2.69 2.69 2.69 2.69 2.70 2.70 2.70 2.70 2.70
2.70 2.70 2.70 2.70 2.70 2.70 2.70 2.70 2.70 2.69 2.69 2.69 2.69 2.68 2.68 2.68 2.67 2.67 2.67 2.66 2.66 2.65 2.65 2.64 2.62 2.60 2.58 2.56 2.54 2.51 2.49 2.46 2.41 2.37 2.32 2.25 2.19 2.15 2.10 1.97 1.95 1.98 1.61 1.38 1.41 1.56 1.99 2.36 2.49 2.31 2.09 2.03 2.04 2.10 2.18 2.25 2.32 2.38 2.43 2.48 2.52 2.55 2.57 2.59 2.61 2.63 2.64 2.65 2.66 2.66 2.67 2.67 2.68 2.68 2.69 2.69 2.69 2.69 2.70 2.70 2.70 2.70 2.70 2.70
2.70 2.70 2.70 2.70 2.70 2.70 2.70 2.70 2.70 2.69 2.69 2.69 2.69 2.68 2.68 2.68 2.67 2.67 2.67 2.66 2.66 2.66 2.65 2.64 2.62 2.60 2.58 2.57 2.55 2.52 2.48 2.45 2.42 2.36 2.31 2.24 2.15 2.14 2.23 2.32 2.36 2.23 1.95 1.98 2.13 2.20 2.39 2.64 2.60 2.32 2.08 1.95 1.93 2.02 2.14 2.23 2.30 2.37 2.43 2.48 2.51 2.54 2.57 2.60 2.61 2.63 2.64 2.65 2.66 2.67 2.67 2.68 2.68 2.68 2.69 2.69 2.69 2.70 2.70 2.70 2.70 2.70 2.70 2.70
2.70 2.70 2.70 2.70 2.70 2.70 2.70 2.70 2.70 2.69 2.69 2.69 2.69 2.68 2.68 2.68 2.68 2.67 2.67 2.66 2.66 2.66 2.65 2.64 2.62 2.60 2.58 2.57 2.55 2.53 2.48 2.45 2.42 2.36 2.28 2.23 2.17 2.16 2.33 2.52 2.57 2.45 2.31 2.46 2.64 2.68 2.76 2.76 2.42 2.07 1.95 1.89 1.94 2.05 2.12 2.21 2.31 2.38 2.43 2.48 2.52 2.55 2.58 2.60 2.62 2.64 2.65 2.66 2.66 2.67 2.68 2.68 2.68 2.69 2.69 2.69 2.69 2.70 2.70 2.70 2.70 2.70 2.70 2.70
2.70 2.70 2.70 2.70 2.70 2.70 2.70 2.70 2.70 2.69 2.69 2.69 2.69 2.69 2.68 2.68 2.68 2.67 2.67 2.67 2.67 2.66 2.65 2.63 2.61 2.60 2.59 2.57 2.56 2.53 2.49 2.44 2.41 2.36 2.26 2.19 2.20 2.22 2.33 2.55 2.74 2.72 2.75 2.85 2.89 2.83 2.77 2.57 2.07 1.82 1.85 1.95 2.00 2.03 2.14 2.27 2.33 2.38 2.44 2.48 2.52 2.56 2.59 2.61 2.63 2.64 2.66 2.66 2.67 2.68 2.68 2.69 2.69 2.69 2.69 2.70 2.70 2.70 2.70 2.70 2.70 2.70 2.70 2.70
2.70 2.70 2.70 2.70 2.70 2.70 2.70 2.70 2.70 2.70 2.69 2.69 2.69 2.69 2.68 2.68 2.68 2.67 2.67 2.67 2.67 2.66 2.64 2.63 2.62 2.61 2.60 2.59 2.57 2.54 2.51 2.46 2.41 2.37 2.34 2.23 2.15 2.23 2.41 2.61 2.78 2.87 2.92 2.97 2.89 2.71 2.46 2.03 1.70 1.62 1.72 1.84 1.89 1.97 2.16 2.26 2.31 2.41 2.46 2.50 2.54 2.58 2.60 2.62 2.64 2.65 2.66 2.67 2.68 2.68 2.69 2.69 2.69 2.69 2.70 2.70 2.70 2.70 2.70 2.70 2.70 2.70 2.70 2.70
