data/AilsaCraig_270_1_25m_vel_500m.asc
ncols	257
nrows	257
xllcorner	3364200.000000
yllcorner	3669375.000000
cellsize	25.000000
NODATA_value	-1.000000
[rows 76 to 113 of 257, columns 84 to 167 of 257]
1.27 1.27 1.27 1.27 1.27 1.27 1.28 1.28 1.28 1.28 1.28 1.28 1.28 1.28 1.28 1.28 1.28 1.28 1.28 1.28 1.28 1.28 1.28 1.29 1.29 1.29 1.29 1.29 1.29 1.29 1.29 1.29 1.29 1.29 1.29 1.29 1.29 1.30 1.30 1.30 1.30 1.30 1.30 1.30 1.30 1.30 1.30 1.30 1.30 1.30 1.30 1.30 1.29 1.29 1.29 1.29 1.29 1.29 1.29 1.29 1.29 1.29 1.29 1.29 1.29 1.29 1.28 1.28 1.28 1.28 1.28 1.28 1.28 1.28 1.28 1.28 1.28 1.28 1.28 1.28 1.28 1.28 1.28 1.27
1.27 1.27 1.27 1.27 1.27 1.27 1.27 1.27 1.28 1.28 1.28 1.28 1.28 1.28 1.28 1.28 1.28 1.28 1.28 1.28 1.28 1.28 1.28 1.29 1.29 1.29 1.29 1.29 1.29 1.29 1.29 1.29 1.29 1.29 1.29 1.30 1.30 1.30 1.30 1.30 1.30 1.30 1.30 1.30 1.30 1.30 1.30 1.30 1.30 1.30 1.30 1.30 1.30 1.30 1.29 1.29 1.29 1.29 1.29 1.29 1.29 1.29 1.29 1.29 1.29 1.29 1.28 1.28 1.28 1.28 1.28 1.28 1.28 1.28 1.28 1.28 1.28 1.28 1.28 1.28 1.28 1.28 1.27 1.27
1.27 1.27 1.27 1.27 1.27 1.27 1.27 1.27 1.27 1.28 1.28 1.28 1.28 1.28 1.28 1.28 1.28 1.28 1.28 1.28 1.28 1.28 1.28 1.29 1.29 1.29 1.29 1.29 1.29 1.29 1.29 1.29 1.29 1.29 1.30 1.30 1.30 1.30 1.30 1.30 1.30 1.30 1.30 1.30 1.30 1.30 1.30 1.30 1.30 1.30 1.30 1.30 1.30 1.30 1.30 1.30 1.29 1.29 1.29 1.29 1.29 1.29 1.29 1.29 1.29 1.29 1.29 1.28 1.28 1.28 1.28 1.28 1.28 1.28 1.28 1.28 1.28 1.28 1.28 1.28 1.28 1.27 1.27 1.27
1.27 1.27 1.27 1.27 1.27 1.27 1.27 1.27 1.27 1.27 1.28 1.28 1.28 1.28 1.28 1.28 1.28 1.28 1.28 1.28 1.28 1.28 1.29 1.29 1.29 1.29 1.29 1.29 1.29 1.29 1.29 1.29 1.30 1.30 1.30 1.30 1.30 1.30 1.30 1.30 1.30 1.30 1.30 1.30 1.30 1.30 1.30 1.30 1.30 1.30 1.30 1.30 1.30 1.30 1.30 1.30 1.30 1.29 1.29 1.29 1.29 1.29 1.29 1.29 1.29 1.29 1.29 1.28 1.28 1.28 1.28 1.28 1.28 1.28 1.28 1.28 1.28 1.28 1.28 1.28 1.27 1.27 1.27 1.27
1.27 1.27 1.27 1.27 1.27 1.27 1.27 1.27 1.27 1.27 1.27 1.28 1.28 1.28 1.28 1.28 1.28 1.28 1.28 1.28 1.28 1.28 1.29 1.29 1.29 1.29 1.29 1.29 1.29 1.29 1.29 1.30 1.30 1.30 1.30 1.30 1.30 1.30 1.30 1.30 1.30 1.30 1.30 1.30 1.30 1.30 1.30 1.30 1.30 1.30 1.30 1.30 1.30 1.30 1.30 1.30 1.30 1.30 1.29 1.29 1.29 1.29 1.29 1.29 1.29 1.29 1.29 1.28 1.28 1.28 1.28 1.28 1.28 1.28 1.28 1.28 1.28 1.28 1.28 1.27 1.27 1.27 1.27 1.27
1.27 1.27 1.27 1.27 1.27 1.27 1.27 1.27 1.27 1.27 1.27 1.28 1.28 1.28 1.28 1.28 1.28 1.28 1.28 1.28 1.28 1.28 1.29 1.29 1.29 1.29 1.29 1.29 1.29 1.29 1.29 1.30 1.30 1.30 1.30 1.30 1.30 1.30 1.30 1.30 1.30 1.30 1.30 1.30 1.30 1.30 1.30 1.30 1.30 1.30 1.30 1.30 1.30 1.30 1.30 1.30 1.30 1.30 1.30 1.29 1.29 1.29 1.29 1.29 1.29 1.29 1.29 1.28 1.28 1.28 1.28 1.28 1.28 1.28 1.28 1.28 1.28 1.28 1.27 1.27 1.27 1.27 1.27 1.27
1.27 1.27 1.27 1.27 1.27 1.27 1.27 1.27 1.27 1.27 1.27 1.27 1.28 1.28 1.28 1.28 1.28 1.28 1.28 1.28 1.28 1.28 1.29 1.29 1.29 1.29 1.29 1.29 1.29 1.29 1.30 1.30 1.30 1.30 1.30 1.30 1.30 1.30 1.30 1.30 1.30 1.31 1.31 1.31 1.31 1.31 1.31 1.31 1.30 1.30 1.30 1.30 1.30 1.30 1.30 1.30 1.30 1.30 1.30 1.29 1.29 1.29 1.29 1.29 1.29 1.29 1.29 1.28 1.28 1.28 1.28 1.28 1.28 1.28 1.28 1.28 1.28 1.28 1.27 1.27 1.27 1.27 1.27 1.27
1.27 1.27 1.27 1.27 1.27 1.27 1.27 1.27 1.27 1.27 1.27 1.27 1.27 1.28 1.28 1.28 1.28 1.28 1.28 1.28 1.28 1.28 1.29 1.29 1.29 1.29 1.29 1.29 1.29 1.30 1.30 1.30 1.30 1.30 1.30 1.30 1.30 1.30 1.31 1.31 1.31 1.31 1.31 1.31 1.31 1.31 1.31 1.31 1.31 1.31 1.31 1.30 1.30 1.30 1.30 1.30 1.30 1.30 1.30 1.30 1.29 1.29 1.29 1.29 1.29 1.29 1.29 1.29 1.28 1.28 1.28 1.28 1.28 1.28 1.28 1.28 1.28 1.27 1.27 1.27 1.27 1.27 1.27 1.27
1.27 1.27 1.27 1.27 1.27 1.27 1.27 1.27 1.27 1.27 1.27 1.27 1.27 1.28 1.28 1.28 1.28 1.28 1.28 1.28 1.28 1.28 1.29 1.29 1.29 1.29 1.29 1.29 1.29 1.30 1.30 1.30 1.30 1.30 1.30 1.30 1.30 1.31 1.31 1.31 1.31 1.31 1.31 1.31 1.31 1.31 1.31 1.31 1.31 1.31 1.31 1.31 1.31 1.30 1.30 1.30 1.30 1.30 1.30 1.30 1.30 1.29 1.29 1.29 1.29 1.29 1.29 1.29 1.28 1.28 1.28 1.28 1.28 1.28 1.28 1.28 1.28 1.27 1.27 1.27 1.27 1.27 1.27 1.27
1.27 1.27 1.27 1.27 1.27 1.27 1.27 1.27 1.27 1.27 1.27 1.27 1.27 1.27 1.28 1.28 1.28 1.28 1.28 1.28 1.28 1.29 1.29 1.29 1.29 1.29 1.29 1.29 1.30 1.30 1.30 1.30 1.30 1.30 1.30 1.31 1.31 1.31 1.31 1.31 1.31 1.31 1.31 1.31 1.31 1.31 1.31 1.31 1.31 1.31 1.31 1.31 1.31 1.31 1.30 1.30 1.30 1.30 1.30 1.30 1.30 1.29 1.29 1.29 1.29 1.29 1.29 1.29 1.28 1.28 1.28 1.28 1.28 1.28 1.28 1.28 1.27 1.27 1.27 1.27 1.27 1.27 1.27 1.27
1.27 1.27 1.27 1.27 1.27 1.27 1.27 1.27 1.27 1.27 1.27 1.27 1.27 1.27 1.28 1.28 1.28 1.28 1.28 1.28 1.28 1.28 1.29 1.29 1.29 1.29 1.29 1.29 1.30 1.30 1.30 1.30 1.30 1.30 1.31 1.31 1.31 1.31 1.31 1.31 1.31 1.31 1.31 1.31 1.32 1.31 1.31 1.31 1.31 1.31 1.31 1.31 1.31 1.31 1.31 1.30 1.30 1.30 1.30 1.30 1.30 1.29 1.29 1.29 1.29 1.29 1.29 1.29 1.28 1.28 1.28 1.28 1.28 1.28 1.28 1.28 1.27 1.27 1.27 1.27 1.27 1.27 1.27 1.27
1.27 1.27 1.27 1.27 1.27 1.27 1.27 1.27 1.27 1.27 1.27 1.27 1.27 1.27 1.28 1.28 1.28 1.28 1.28 1.28 1.28 1.29 1.29 1.29 1.29 1.29 1.29 1.30 1.30 1.30 1.30 1.30 1.30 1.30 1.31 1.31 1.31 1.31 1.31 1.31 1.32 1.32 1.32 1.32 1.32 1.32 1.32 1.32 1.32 1.32 1.31 1.31 1.31 1.31 1.31 1.31 1.30 1.30 1.30 1.30 1.30 1.30 1.29 1.29 1.29 1.29 1.29 1.29 1.28 1.28 1.28 1.28 1.28 1.28 1.28 1.27 1.27 1.27 1.27 1.27 1.27 1.27 1.27 1.27
1.27 1.27 1.27 1.27 1.27 1.27 1.27 1.27 1.27 1.27 1.27 1.27 1.27 1.27 1.28 1.28 1.28 1.28 1.28 1.28 1.28 1.29 1.29 1.29 1.29 1.29 1.29 1.29 1.30 1.30 1.30 1.30 1.30 1.31 1.31 1.31 1.31 1.31 1.32 1.32 1.32 1.32 1.32 1.32 1.32 1.32 1.32 1.32 1.32 1.32 1.32 1.31 1.31 1.31 1.31 1.31 1.31 1.30 1.30 1.30 1.30 1.30 1.29 1.29 1.29 1.29 1.29 1.29 1.28 1.28 1.28 1.28 1.28 1.28 1.28 1.27 1.27 1.27 1.27 1.27 1.27 1.27 1.27 1.27
1.26 1.26 1.27 1.27 1.27 1.27 1.27 1.27 1.27 1.27 1.27 1.27 1.27 1.27 1.27 1.28 1.28 1.28 1.28 1.28 1.28 1.28 1.29 1.29 1.29 1.29 1.29 1.30 1.30 1.30 1.30 1.30 1.31 1.31 1.31 1.31 1.31 1.32 1.32 1.32 1.32 1.32 1.32 1.33 1.33 1.33 1.32 1.32 1.32 1.32 1.32 1.32 1.32 1.31 1.31 1.31 1.31 1.30 1.30 1.30 1.30 1.30 1.29 1.29 1.29 1.29 1.29 1.29 1.28 1.28 1.28 1.28 1.28 1.28 1.28 1.27 1.27 1.27 1.27 1.27 1.27 1.27 1.27 1.27
1.26 1.26 1.26 1.26 1.26 1.27 1.27 1.27 1.27 1.27 1.27 1.27 1.27 1.27 1.27 1.28 1.28 1.28 1.28 1.28 1.28 1.28 1.29 1.29 1.29 1.29 1.29 1.30 1.30 1.30 1.30 1.30 1.31 1.31 1.31 1.32 1.32 1.32 1.32 1.32 1.33 1.33 1.33 1.33 1.33 1.33 1.33 1.33 1.33 1.32 1.32 1.32 1.32 1.32 1.31 1.31 1.31 1.30 1.30 1.30 1.30 1.30 1.29 1.29 1.29 1.29 1.29 1.29 1.28 1.28 1.28 1.28 1.28 1.28 1.27 1.27 1.27 1.27 1.27 1.27 1.27 1.27 1.27 1.27
1.26 1.26 1.26 1.26 1.26 1.26 1.26 1.27 1.27 1.27 1.27 1.27 1.27 1.27 1.27 1.27 1.28 1.28 1.28 1.28 1.28 1.28 1.29 1.29 1.29 1.29 1.29 1.29 1.30 1.30 1.30 1.31 1.31 1.31 1.32 1.32 1.32 1.32 1.33 1.33 1.33 1.33 1.33 1.33 1.33 1.33 1.33 1.33 1.33 1.33 1.33 1.32 1.32 1.32 1.31 1.31 1.31 1.31 1.30 1.30 1.30 1.30 1.29 1.29 1.29 1.29 1.29 1.28 1.28 1.28 1.28 1.28 1.28 1.28 1.27 1.27 1.27 1.27 1.27 1.27 1.27 1.27 1.27 1.27
1.26 1.26 1.26 1.26 1.26 1.26 1.26 1.26 1.27 1.27 1.27 1.27 1.27 1.27 1.27 1.27 1.28 1.28 1.28 1.28 1.28 1.28 1.29 1.29 1.29 1.29 1.29 1.29 1.30 1.30 1.30 1.31 1.31 1.31 1.32 1.32 1.32 1.33 1.33 1.33 1.34 1.34 1.34 1.34 1.34 1.34 1.34 1.34 1.34 1.33 1.33 1.33 1.32 1.32 1.32 1.31 1.31 1.31 1.30 1.30 1.30 1.30 1.29 1.29 1.29 1.29 1.28 1.28 1.28 1.28 1.28 1.28 1.28 1.27 1.27 1.27 1.27 1.27 1.27 1.27 1.27 1.27 1.27 1.26
1.26 1.26 1.26 1.26 1.26 1.26 1.26 1.26 1.26 1.27 1.27 1.27 1.27 1.27 1.27 1.27 1.28 1.28 1.28 1.28 1.28 1.28 1.28 1.28 1.29 1.29 1.29 1.29 1.29 1.30 1.30 1.31 1.31 1.32 1.32 1.32 1.33 1.33 1.34 1.34 1.34 1.34 1.35 1.35 1.35 1.35 1.34 1.34 1.34 1.34 1.33 1.33 1.33 1.32 1.32 1.31 1.31 1.31 1.30 1.30 1.30 1.29 1.29 1.29 1.29 1.29 1.28 1.28 1.28 1.28 1.28 1.28 1.28 1.27 1.27 1.27 1.27 1.27 1.27 1.27 1.27 1.26 1.26 1.26
1.26 1.26 1.26 1.26 1.26 1.26 1.26 1.26 1.26 1.26 1.27 1.27 1.27 1.27 1.27 1.27 1.27 1.28 1.28 1.28 1.28 1.28 1.28 1.28 1.28 1.29 1.29 1.29 1.29 1.30 1.30 1.31 1.31 1.32 1.32 1.33 1.33 1.34 1.34 1.35 1.35 1.35 1.35 1.36 1.36 1.35 1.35 1.35 1.35 1.34 1.34 1.34 1.33 1.33 1.32 1.32 1.31 1.31 1.30 1.30 1.30 1.29 1.29 1.29 1.29 1.28 1.28 1.28 1.28 1.28 1.28 1.28 1.27 1.27 1.27 1.27 1.27 1.27 1.27 1.27 1.26 1.26 1.26 1.26
1.26 1.26 1.26 1.26 1.26 1.26 1.26 1.26 1.26 1.26 1.27 1.27 1.27 1.27 1.27 1.27 1.27 1.27 1.28 1.28 1.28 1.28 1.28 1.28 1.28 1.28 1.28 1.29 1.29 1.30 1.30 1.31 1.32 1.32 1.33 1.33 1.34 1.34 1.35 1.35 1.36 1.36 1.36 1.36 1.36 1.36 1.36 1.36 1.36 1.35 1.35 1.34 1.33 1.33 1.32 1.32 1.31 1.31 1.30 1.30 1.30 1.29 1.29 1.29 1.28 1.28 1.28 1.28 1.28 1.28 1.28 1.27 1.27 1.27 1.27 1.27 1.27 1.27 1.27 1.26 1.26 1.26 1.26 1.26
1.26 1.26 1.26 1.26 1.26 1.26 1.26 1.26 1.26 1.26 1.26 1.27 1.27 1.27 1.27 1.27 1.27 1.27 1.27 1.27 1.27 1.28 1.28 1.28 1.28 1.28 1.28 1.29 1.29 1.30 1.30 1.31 1.32 1.32 1.33 1.34 1.34 1.35 1.35 1.36 1.36 1.37 1.37 1.37 1.37 1.37 1.37 1.37 1.36 1.36 1.35 1.35 1.34 1.33 1.33 1.32 1.32 1.31 1.30 1.30 1.29 1.29 1.29 1.29 1.28 1.28 1.28 1.28 1.28 1.27 1.27 1.27 1.27 1.27 1.27 1.27 1.27 1.27 1.26 1.26 1.26 1.26 1.26 1.26
1.26 1.26 1.26 1.26 1.26 1.26 1.26 1.26 1.26 1.26 1.26 1.26 1.27 1.27 1.27 1.27 1.27 1.27 1.27 1.27 1.27 1.27 1.27 1.27 1.27 1.28 1.28 1.29 1.29 1.30 1.31 1.31 1.32 1.33 1.33 1.34 1.35 1.35 1.36 1.37 1.37 1.38 1.38 1.39 1.39 1.38 1.38 1.38 1.37 1.37 1.36 1.35 1.35 1.34 1.33 1.32 1.32 1.31 1.30 1.30 1.29 1.29 1.29 1.28 1.28 1.28 1.28 1.28 1.27 1.27 1.27 1.27 1.27 1.27 1.27 1.27 1.27 1.26 1.26 1.26 1.26 1.26 1.26 1.26
1.25 1.25 1.26 1.26 1.26 1.26 1.26 1.26 1.26 1.26 1.26 1.26 1.26 1.26 1.27 1.27 1.27 1.27 1.26 1.27 1.27 1.27 1.26 1.26 1.27 1.28 1.28 1.29 1.29 1.30 1.31 1.31 1.32 1.33 1.33 1.34 1.35 1.36 1.37 1.38 1.39 1.39 1.40 1.40 1.40 1.40 1.39 1.39 1.38 1.38 1.37 1.36 1.35 1.34 1.33 1.33 1.32 1.31 1.30 1.30 1.29 1.29 1.28 1.28 1.28 1.27 1.27 1.27 1.27 1.27 1.27 1.27 1.27 1.27 1.27 1.26 1.26 1.26 1.26 1.26 1.26 1.26 1.26 1.26
1.25 1.25 1.25 1.25 1.25 1.26 1.26 1.26 1.26 1.26 1.26 1.26 1.26 1.26 1.27 1.27 1.26 1.26 1.26 1.27 1.27 1.26 1.25 1.26 1.27 1.28 1.28 1.29 1.29 1.30 1.30 1.31 1.32 1.33 1.34 1.35 1.36 1.37 1.38 1.39 1.40 1.41 1.41 1.42 1.42 1.41 1.41 1.40 1.40 1.39 1.38 1.37 1.36 1.35 1.34 1.33 1.32 1.31 1.30 1.30 1.29 1.28 1.28 1.28 1.27 1.27 1.27 1.27 1.27 1.27 1.26 1.27 1.27 1.26 1.26 1.26 1.26 1.26 1.26 1.26 1.26 1.26 1.26 1.26
1.25 1.25 1.25 1.25 1.25 1.25 1.26 1.26 1.26 1.26 1.26 1.26 1.26 1.26 1.26 1.26 1.26 1.26 1.26 1.26 1.26 1.25 1.25 1.26 1.27 1.28 1.28 1.28 1.28 1.29 1.30 1.31 1.32 1.33 1.34 1.35 1.36 1.38 1.39 1.41 1.42 1.43 1.43 1.44 1.44 1.44 1.43 1.42 1.41 1.40 1.39 1.37 1.36 1.35 1.34 1.33 1.32 1.31 1.30 1.29 1.29 1.28 1.28 1.27 1.27 1.27 1.26 1.26 1.26 1.26 1.26 1.26 1.26 1.26 1.26 1.26 1.26 1.26 1.26 1.26 1.26 1.26 1.26 1.26
1.25 1.25 1.25 1.25 1.25 1.25 1.25 1.26 1.26 1.26 1.26 1.26 1.26 1.26 1.26 1.26 1.26 1.26 1.26 1.25 1.25 1.24 1.25 1.26 1.27 1.27 1.27 1.28 1.28 1.28 1.30 1.31 1.32 1.33 1.34 1.35 1.37 1.39 1.40 1.42 1.44 1.45 1.46 1.46 1.47 1.46 1.45 1.44 1.43 1.41 1.40 1.38 1.37 1.35 1.34 1.33 1.32 1.31 1.30 1.29 1.29 1.28 1.27 1.27 1.27 1.26 1.26 1.26 1.26 1.26 1.26 1.26 1.26 1.26 1.26 1.26 1.26 1.26 1.26 1.26 1.26 1.26 1.26 1.25
1.25 1.25 1.25 1.25 1.25 1.25 1.25 1.25 1.25 1.25 1.26 1.26 1.26 1.26 1.26 1.26 1.25 1.25 1.25 1.24 1.24 1.24 1.25 1.26 1.26 1.27 1.27 1.27 1.27 1.28 1.29 1.31 1.32 1.32 1.34 1.36 1.38 1.40 1.42 1.44 1.46 1.48 1.49 1.50 1.50 1.49 1.48 1.47 1.45 1.43 1.41 1.39 1.37 1.35 1.34 1.33 1.31 1.31 1.30 1.29 1.28 1.28 1.27 1.26 1.26 1.26 1.25 1.25 1.25 1.25 1.25 1.25 1.25 1.25 1.26 1.26 1.26 1.26 1.26 1.26 1.25 1.25 1.25 1.25
1.25 1.25 1.25 1.25 1.25 1.25 1.25 1.25 1.25 1.25 1.26 1.25 1.25 1.25 1.25 1.25 1.25 1.24 1.24 1.24 1.23 1.24 1.25 1.25 1.25 1.25 1.26 1.26 1.26 1.27 1.28 1.30 1.31 1.32 1.34 1.36 1.38 1.41 1.44 1.46 1.49 1.51 1.53 1.54 1.54 1.53 1.52 1.50 1.48 1.45 1.42 1.40 1.37 1.35 1.34 1.32 1.31 1.30 1.29 1.28 1.28 1.27 1.26 1.26 1.25 1.25 1.25 1.25 1.25 1.25 1.25 1.25 1.25 1.25 1.25 1.25 1.25 1.25 1.25 1.25 1.25 1.25 1.25 1.25
1.25 1.25 1.25 1.25 1.25 1.25 1.25 1.25 1.25 1.25 1.25 1.25 1.25 1.25 1.25 1.24 1.24 1.24 1.23 1.23 1.23 1.23 1.25 1.25 1.24 1.24 1.25 1.26 1.26 1.26 1.28 1.29 1.31 1.32 1.33 1.35 1.38 1.42 1.45 1.49 1.53 1.56 1.58 1.59 1.59 1.58 1.57 1.54 1.51 1.47 1.44 1.40 1.37 1.35 1.33 1.31 1.30 1.29 1.29 1.28 1.27 1.27 1.26 1.25 1.25 1.25 1.24 1.24 1.24 1.24 1.24 1.24 1.24 1.25 1.25 1.25 1.25 1.25 1.25 1.25 1.25 1.25 1.25 1.25
1.25 1.25 1.25 1.25 1.25 1.25 1.25 1.25 1.25 1.25 1.25 1.25 1.25 1.25 1.25 1.24 1.23 1.23 1.23 1.23 1.23 1.23 1.24 1.24 1.24 1.23 1.24 1.25 1.25 1.25 1.26 1.28 1.30 1.31 1.32 1.34 1.37 1.42 1.47 1.53 1.59 1.63 1.66 1.67 1.66 1.65 1.64 1.60 1.56 1.50 1.45 1.40 1.37 1.34 1.32 1.31 1.29 1.28 1.28 1.27 1.26 1.26 1.25 1.25 1.24 1.24 1.24 1.23 1.23 1.23 1.24 1.24 1.24 1.24 1.24 1.24 1.25 1.25 1.25 1.25 1.25 1.25 1.25 1.25
1.24 1.24 1.24 1.25 1.25 1.25 1.25 1.25 1.25 1.25 1.24 1.24 1.25 1.24 1.24 1.23 1.22 1.22 1.23 1.23 1.23 1.22 1.22 1.23 1.23 1.22 1.22 1.24 1.25 1.25 1.25 1.27 1.28 1.30 1.31 1.33 1.36 1.41 1.47 1.56 1.67 1.76 1.78 1.75 1.72 1.73 1.73 1.71 1.63 1.53 1.45 1.39 1.36 1.33 1.31 1.30 1.28 1.27 1.26 1.26 1.25 1.25 1.25 1.24 1.24 1.23 1.23 1.23 1.23 1.23 1.23 1.23 1.23 1.23 1.24 1.24 1.24 1.24 1.24 1.25 1.25 1.25 1.25 1.25
1.24 1.24 1.24 1.24 1.24 1.24 1.24 1.25 1.25 1.24 1.24 1.24 1.24 1.24 1.23 1.22 1.22 1.22 1.23 1.22 1.22 1.22 1.22 1.22 1.22 1.21 1.21 1.22 1.23 1.24 1.24 1.25 1.26 1.28 1.29 1.31 1.34 1.40 1.46 1.56 1.78 2.02 1.98 1.81 1.77 1.80 1.87 1.86 1.74 1.56 1.43 1.37 1.34 1.31 1.30 1.28 1.27 1.26 1.25 1.25 1.24 1.24 1.24 1.23 1.23 1.22 1.22 1.22 1.22 1.22 1.22 1.22 1.23 1.23 1.23 1.23 1.24 1.24 1.24 1.24 1.24 1.25 1.25 1.25
1.24 1.24 1.24 1.24 1.24 1.24 1.24 1.24 1.24 1.24 1.24 1.24 1.24 1.23 1.21 1.21 1.21 1.22 1.22 1.22 1.21 1.20 1.21 1.20 1.21 1.20 1.19 1.20 1.22 1.23 1.23 1.23 1.24 1.25 1.27 1.28 1.31 1.37 1.45 1.49 1.77 2.26 2.29 1.94 1.88 1.91 2.04 2.04 1.84 1.55 1.39 1.34 1.30 1.29 1.28 1.27 1.26 1.25 1.24 1.23 1.23 1.22 1.22 1.22 1.22 1.22 1.21 1.21 1.21 1.21 1.21 1.22 1.22 1.22 1.23 1.23 1.23 1.24 1.24 1.24 1.24 1.24 1.24 1.24
1.24 1.24 1.24 1.24 1.24 1.24 1.24 1.24 1.24 1.24 1.24 1.24 1.23 1.21 1.21 1.21 1.21 1.21 1.22 1.21 1.20 1.19 1.19 1.19 1.19 1.19 1.18 1.18 1.20 1.21 1.21 1.21 1.21 1.21 1.23 1.25 1.27 1.32 1.43 1.48 1.71 2.39 2.62 2.37 2.08 2.04 2.16 2.14 1.84 1.43 1.30 1.30 1.26 1.26 1.26 1.25 1.24 1.23 1.22 1.21 1.21 1.21 1.21 1.21 1.21 1.21 1.20 1.20 1.20 1.20 1.20 1.21 1.21 1.22 1.22 1.22 1.23 1.23 1.23 1.24 1.24 1.24 1.24 1.24
1.24 1.24 1.24 1.24 1.24 1.24 1.24 1.24 1.23 1.23 1.24 1.23 1.22 1.20 1.20 1.21 1.21 1.21 1.21 1.20 1.19 1.18 1.18 1.18 1.18 1.17 1.17 1.17 1.18 1.19 1.19 1.19 1.19 1.18 1.18 1.20 1.21 1.24 1.36 1.50 1.84 2.44 2.82 2.55 2.13 2.09 2.21 2.10 1.64 1.16 1.15 1.24 1.23 1.24 1.24 1.23 1.22 1.21 1.20 1.20 1.19 1.19 1.19 1.19 1.19 1.20 1.19 1.19 1.19 1.20 1.20 1.20 1.20 1.21 1.21 1.22 1.22 1.23 1.23 1.23 1.24 1.24 1.24 1.24
1.24 1.24 1.24 1.24 1.24 1.24 1.24 1.24 1.23 1.23 1.23 1.22 1.20 1.20 1.20 1.20 1.21 1.20 1.20 1.19 1.18 1.17 1.17 1.17 1.16 1.15 1.15 1.15 1.15 1.16 1.17 1.16 1.16 1.15 1.14 1.15 1.15 1.15 1.23 1.44 1.85 2.52 3.00 2.59 2.00 2.07 2.20 1.91 1.28 0.95 1.03 1.19 1.28 1.26 1.21 1.21 1.20 1.19 1.18 1.18 1.17 1.17 1.17 1.17 1.18 1.18 1.18 1.18 1.19 1.19 1.19 1.19 1.20 1.20 1.21 1.21 1.22 1.22 1.23 1.23 1.23 1.23 1.24 1.24
1.24 1.24 1.24 1.24 1.24 1.24 1.23 1.23 1.23 1.23 1.23 1.21 1.20 1.19 1.20 1.20 1.20 1.20 1.19 1.18 1.17 1.16 1.15 1.15 1.14 1.13 1.13 1.13 1.13 1.13 1.14 1.14 1.13 1.12 1.12 1.10 1.08 1.05 1.08 1.35 1.77 2.59 3.06 2.47 1.78 2.05 2.16 1.58 0.92 0.85 0.99 1.20 1.33 1.27 1.21 1.21 1.18 1.16 1.15 1.15 1.15 1.15 1.15 1.15 1.16 1.17 1.17 1.17 1.18 1.18 1.18 1.18 1.19 1.19 1.20 1.20 1.21 1.21 1.22 1.22 1.23 1.23 1.23 1.24
1.24 1.24 1.23 1.23 1.23 1.23 1.23 1.23 1.23 1.23 1.22 1.20 1.19 1.19 1.20 1.20 1.19 1.18 1.18 1.17 1.16 1.15 1.14 1.13 1.12 1.11 1.11 1.11 1.10 1.10 1.10 1.10 1.10 1.09 1.11 1.10 1.01 0.94 1.03 1.26 1.66 2.70 3.08 2.26 1.66 2.06 2.04 1.21 0.83 0.88 1.01 1.20 1.33 1.34 1.29 1.19 1.13 1.13 1.12 1.12 1.12 1.12 1.12 1.13 1.14 1.15 1.15 1.16 1.17 1.17 1.17 1.18 1.18 1.18 1.19 1.20 1.20 1.21 1.21 1.22 1.22 1.23 1.23 1.23
