data/AilsaCraig_0_1_25m_vel_2m.asc
ncols	257
nrows	257
xllcorner	3364200.000000
yllcorner	3669375.000000
cellsize	25.000000
NODATA_value	-1.000000
[rows 114 to 151 of 257, columns 84 to 167 of 257]
2.70 2.70 2.70 2.70 2.70 2.70 2.70 2.70 2.70 2.70 2.69 2.69 2.69 2.69 2.69 2.68 2.68 2.68 2.68 2.68 2.67 2.66 2.64 2.63 2.63 2.62 2.61 2.60 2.58 2.55 2.52 2.49 2.46 2.44 2.44 2.36 2.22 2.25 2.43 2.59 2.72 2.80 2.79 2.76 2.65 2.44 2.11 1.70 1.56 1.62 1.72 1.82 1.97 2.18 2.31 2.38 2.47 2.50 2.50 2.54 2.57 2.60 2.62 2.64 2.65 2.66 2.67 2.68 2.68 2.69 2.69 2.69 2.70 2.70 2.70 2.70 2.70 2.70 2.70 2.70 2.70 2.70 2.70 2.71
2.70 2.70 2.70 2.70 2.70 2.70 2.70 2.70 2.70 2.70 2.70 2.69 2.69 2.69 2.69 2.68 2.68 2.68 2.68 2.68 2.67 2.65 2.65 2.64 2.64 2.63 2.62 2.61 2.59 2.57 2.54 2.50 2.47 2.47 2.49 2.49 2.38 2.32 2.44 2.61 2.72 2.70 2.57 2.40 2.28 2.13 1.96 1.76 1.65 1.75 1.90 2.04 2.20 2.38 2.50 2.61 2.62 2.53 2.55 2.58 2.60 2.62 2.63 2.65 2.66 2.68 2.69 2.69 2.69 2.70 2.70 2.70 2.70 2.70 2.70 2.70 2.70 2.70 2.71 2.71 2.71 2.71 2.71 2.71
2.70 2.70 2.70 2.70 2.70 2.70 2.70 2.70 2.70 2.70 2.70 2.69 2.69 2.69 2.69 2.69 2.69 2.68 2.68 2.68 2.67 2.66 2.65 2.65 2.65 2.64 2.63 2.62 2.61 2.59 2.58 2.56 2.50 2.49 2.57 2.62 2.56 2.48 2.52 2.64 2.73 2.67 2.48 2.21 2.05 1.97 1.96 1.95 1.86 1.94 2.13 2.25 2.35 2.46 2.53 2.52 2.49 2.55 2.61 2.61 2.63 2.64 2.65 2.67 2.68 2.69 2.70 2.70 2.70 2.71 2.71 2.71 2.71 2.71 2.71 2.71 2.71 2.71 2.71 2.71 2.71 2.71 2.71 2.71
2.70 2.70 2.70 2.70 2.70 2.70 2.70 2.70 2.70 2.70 2.70 2.70 2.69 2.69 2.69 2.69 2.69 2.69 2.68 2.68 2.67 2.66 2.66 2.66 2.65 2.65 2.64 2.64 2.64 2.63 2.60 2.61 2.62 2.61 2.60 2.63 2.64 2.59 2.60 2.66 2.68 2.61 2.51 2.27 2.11 2.06 2.02 2.05 2.16 2.20 2.27 2.36 2.46 2.53 2.55 2.52 2.55 2.61 2.61 2.64 2.67 2.67 2.69 2.70 2.70 2.71 2.71 2.71 2.71 2.71 2.71 2.71 2.71 2.71 2.71 2.71 2.71 2.71 2.71 2.71 2.71 2.71 2.71 2.71
2.70 2.70 2.70 2.70 2.70 2.70 2.70 2.70 2.70 2.70 2.70 2.70 2.70 2.69 2.69 2.69 2.69 2.69 2.68 2.68 2.67 2.67 2.67 2.67 2.66 2.66 2.66 2.66 2.66 2.68 2.69 2.70 2.74 2.71 2.61 2.58 2.59 2.61 2.63 2.63 2.58 2.54 2.55 2.46 2.36 2.30 2.23 2.28 2.47 2.48 2.37 2.48 2.62 2.72 2.75 2.74 2.77 2.72 2.71 2.72 2.71 2.72 2.72 2.72 2.72 2.72 2.72 2.72 2.72 2.73 2.72 2.72 2.72 2.72 2.72 2.72 2.71 2.71 2.71 2.71 2.71 2.71 2.71 2.71
2.70 2.70 2.70 2.70 2.70 2.70 2.70 2.70 2.70 2.70 2.70 2.70 2.70 2.70 2.70 2.70 2.69 2.69 2.69 2.68 2.68 2.68 2.68 2.67 2.67 2.67 2.67 2.68 2.69 2.71 2.78 2.87 2.93 2.92 2.81 2.70 2.66 2.66 2.65 2.57 2.47 2.48 2.57 2.60 2.57 2.50 2.46 2.52 2.57 2.58 2.68 2.77 2.80 2.89 3.00 2.97 2.92 2.85 2.78 2.73 2.74 2.76 2.75 2.74 2.74 2.74 2.74 2.74 2.74 2.74 2.73 2.73 2.73 2.72 2.72 2.72 2.72 2.72 2.71 2.71 2.71 2.71 2.71 2.71
2.71 2.70 2.70 2.70 2.70 2.70 2.70 2.70 2.70 2.70 2.70 2.70 2.70 2.70 2.70 2.70 2.70 2.69 2.69 2.69 2.69 2.69 2.68 2.68 2.67 2.67 2.68 2.69 2.71 2.75 2.81 2.96 3.10 3.18 3.14 3.00 2.85 2.74 2.65 2.52 2.43 2.46 2.57 2.65 2.66 2.62 2.58 2.60 2.62 2.69 2.83 2.90 2.90 3.01 3.14 3.19 3.22 3.05 2.74 2.72 2.78 2.79 2.78 2.77 2.76 2.76 2.76 2.76 2.75 2.74 2.74 2.74 2.73 2.73 2.73 2.72 2.72 2.72 2.72 2.72 2.71 2.71 2.71 2.71
2.71 2.71 2.71 2.70 2.70 2.70 2.70 2.70 2.70 2.70 2.70 2.70 2.70 2.70 2.70 2.70 2.70 2.70 2.70 2.70 2.70 2.69 2.68 2.68 2.68 2.67 2.68 2.68 2.70 2.78 2.88 2.98 3.09 3.23 3.31 3.24 3.01 2.79 2.64 2.54 2.51 2.56 2.63 2.71 2.75 2.75 2.73 2.75 2.79 2.84 2.88 2.95 3.13 3.32 3.39 3.42 3.42 3.30 3.05 2.95 2.92 2.85 2.82 2.80 2.79 2.79 2.78 2.77 2.76 2.76 2.75 2.74 2.74 2.74 2.73 2.73 2.72 2.72 2.72 2.72 2.72 2.71 2.71 2.71
2.71 2.71 2.71 2.71 2.71 2.71 2.71 2.71 2.71 2.71 2.71 2.71 2.71 2.71 2.71 2.70 2.71 2.71 2.71 2.70 2.70 2.69 2.69 2.68 2.68 2.68 2.68 2.68 2.70 2.75 2.86 2.94 2.98 3.03 3.13 3.16 3.01 2.80 2.67 2.63 2.66 2.70 2.74 2.78 2.84 2.90 2.94 2.97 2.99 3.02 3.09 3.24 3.45 3.60 3.62 3.54 3.40 3.24 3.14 3.09 2.99 2.89 2.85 2.84 2.83 2.80 2.79 2.78 2.77 2.76 2.76 2.75 2.75 2.74 2.74 2.73 2.73 2.73 2.72 2.72 2.72 2.72 2.71 2.71
2.71 2.71 2.71 2.71 2.71 2.71 2.71 2.71 2.71 2.71 2.71 2.71 2.71 2.71 2.71 2.71 2.71 2.71 2.71 2.70 2.70 2.70 2.69 2.69 2.69 2.68 2.67 2.67 2.69 2.71 2.74 2.80 2.82 2.78 2.77 2.87 2.93 2.87 2.81 2.81 2.84 2.88 2.89 2.90 2.95 3.03 3.10 3.16 3.19 3.23 3.35 3.52 3.65 3.69 3.65 3.57 3.43 3.30 3.17 2.95 2.84 2.84 2.88 2.87 2.84 2.82 2.80 2.79 2.78 2.77 2.77 2.76 2.75 2.75 2.74 2.74 2.73 2.73 2.72 2.72 2.72 2.72 2.72 2.71
2.71 2.71 2.71 2.71 2.71 2.71 2.71 2.71 2.71 2.71 2.71 2.71 2.71 2.71 2.71 2.72 2.72 2.71 2.71 2.71 2.71 2.71 2.70 2.70 2.69 2.68 2.68 2.65 2.62 2.60 2.59 2.62 2.68 2.68 2.65 2.73 2.92 3.04 3.05 3.02 3.00 3.01 3.04 3.08 3.13 3.19 3.28 3.37 3.43 3.48 3.57 3.67 3.71 3.67 3.59 3.52 3.47 3.41 3.35 3.22 2.98 2.97 2.94 2.89 2.86 2.84 2.82 2.80 2.80 2.79 2.78 2.77 2.76 2.75 2.75 2.74 2.74 2.73 2.73 2.72 2.72 2.72 2.72 2.72
2.71 2.71 2.71 2.71 2.71 2.71 2.71 2.71 2.71 2.71 2.71 2.71 2.71 2.72 2.72 2.72 2.72 2.72 2.72 2.72 2.72 2.71 2.71 2.71 2.70 2.69 2.69 2.68 2.62 2.52 2.45 2.46 2.58 2.72 2.79 2.83 2.96 3.09 3.14 3.13 3.11 3.12 3.16 3.23 3.30 3.37 3.48 3.62 3.72 3.74 3.72 3.70 3.63 3.53 3.43 3.38 3.36 3.33 3.35 3.35 3.28 3.10 2.95 2.90 2.88 2.86 2.83 2.82 2.81 2.80 2.78 2.77 2.76 2.76 2.75 2.74 2.74 2.73 2.73 2.73 2.72 2.72 2.72 2.72
2.71 2.71 2.71 2.71 2.71 2.71 2.71 2.71 2.71 2.71 2.72 2.72 2.72 2.72 2.72 2.72 2.72 2.73 2.73 2.73 2.73 2.72 2.72 2.72 2.71 2.70 2.69 2.70 2.66 2.55 2.43 2.40 2.52 2.73 2.87 2.91 2.96 3.02 3.08 3.14 3.18 3.21 3.25 3.28 3.34 3.43 3.57 3.72 3.82 3.83 3.77 3.64 3.48 3.32 3.24 3.20 3.19 3.19 3.20 3.22 3.14 3.00 2.95 2.93 2.90 2.88 2.86 2.84 2.82 2.80 2.79 2.78 2.77 2.76 2.75 2.75 2.74 2.74 2.73 2.73 2.72 2.72 2.72 2.72
2.71 2.71 2.71 2.71 2.71 2.71 2.71 2.71 2.72 2.72 2.72 2.72 2.72 2.72 2.73 2.73 2.73 2.74 2.74 2.73 2.74 2.74 2.73 2.73 2.73 2.71 2.67 2.65 2.66 2.62 2.52 2.44 2.48 2.64 2.78 2.88 2.94 2.97 3.00 3.08 3.16 3.20 3.21 3.21 3.25 3.33 3.43 3.52 3.61 3.69 3.71 3.59 3.36 3.19 3.12 3.09 3.07 3.09 3.14 3.16 3.13 3.05 2.99 2.94 2.92 2.90 2.87 2.84 2.82 2.81 2.79 2.78 2.78 2.77 2.76 2.75 2.74 2.74 2.73 2.73 2.73 2.72 2.72 2.72
2.71 2.71 2.71 2.71 2.71 2.71 2.71 2.72 2.72 2.72 2.72 2.72 2.73 2.73 2.73 2.74 2.74 2.74 2.74 2.74 2.75 2.75 2.75 2.74 2.74 2.74 2.72 2.69 2.71 2.72 2.64 2.54 2.52 2.57 2.67 2.77 2.83 2.90 2.98 3.05 3.10 3.12 3.10 3.09 3.10 3.12 3.15 3.18 3.27 3.39 3.49 3.46 3.33 3.25 3.22 3.18 3.16 3.19 3.22 3.21 3.21 3.17 3.05 2.98 2.94 2.91 2.88 2.86 2.83 2.82 2.80 2.79 2.78 2.77 2.76 2.75 2.75 2.74 2.73 2.73 2.73 2.72 2.72 2.72
2.71 2.71 2.71 2.71 2.71 2.71 2.72 2.72 2.72 2.72 2.72 2.73 2.73 2.74 2.74 2.75 2.74 2.74 2.75 2.75 2.76 2.76 2.76 2.76 2.76 2.78 2.80 2.80 2.77 2.78 2.73 2.64 2.57 2.56 2.63 2.72 2.78 2.92 3.07 3.13 3.13 3.10 3.06 3.03 3.00 2.96 2.92 2.95 3.01 3.06 3.15 3.27 3.35 3.42 3.47 3.46 3.43 3.42 3.38 3.31 3.26 3.22 3.14 3.03 2.96 2.93 2.90 2.87 2.84 2.82 2.80 2.79 2.78 2.77 2.76 2.75 2.75 2.74 2.74 2.73 2.73 2.72 2.72 2.72
2.71 2.71 2.71 2.71 2.71 2.72 2.72 2.72 2.72 2.72 2.73 2.73 2.74 2.74 2.74 2.75 2.75 2.76 2.77 2.77 2.78 2.78 2.78 2.78 2.79 2.80 2.83 2.82 2.77 2.77 2.75 2.68 2.61 2.60 2.66 2.78 2.92 3.08 3.24 3.30 3.27 3.19 3.12 3.07 3.01 2.93 2.86 2.87 2.88 2.89 3.00 3.20 3.44 3.63 3.72 3.72 3.68 3.60 3.46 3.38 3.35 3.31 3.22 3.08 2.99 2.94 2.90 2.87 2.84 2.82 2.80 2.79 2.78 2.77 2.76 2.75 2.75 2.74 2.74 2.73 2.73 2.72 2.72 2.72
2.71 2.71 2.71 2.71 2.72 2.72 2.72 2.72 2.72 2.73 2.73 2.74 2.74 2.75 2.75 2.76 2.77 2.77 2.78 2.78 2.79 2.79 2.80 2.81 2.81 2.81 2.84 2.85 2.81 2.78 2.75 2.70 2.65 2.64 2.68 2.79 2.96 3.14 3.28 3.33 3.29 3.22 3.16 3.10 3.04 2.99 2.94 2.92 2.93 2.98 3.13 3.35 3.59 3.75 3.82 3.81 3.74 3.61 3.46 3.39 3.38 3.35 3.28 3.15 3.02 2.94 2.90 2.87 2.84 2.82 2.81 2.80 2.79 2.77 2.76 2.75 2.75 2.74 2.74 2.73 2.73 2.72 2.72 2.72
2.71 2.71 2.71 2.71 2.72 2.72 2.72 2.72 2.73 2.73 2.73 2.74 2.74 2.75 2.76 2.77 2.77 2.78 2.78 2.79 2.80 2.81 2.82 2.83 2.83 2.79 2.80 2.87 2.89 2.86 2.81 2.73 2.68 2.66 2.69 2.78 2.93 3.11 3.22 3.23 3.18 3.13 3.09 3.06 3.05 3.08 3.10 3.08 3.08 3.18 3.37 3.53 3.62 3.63 3.61 3.57 3.49 3.40 3.38 3.38 3.36 3.31 3.26 3.16 3.01 2.92 2.89 2.87 2.85 2.83 2.81 2.80 2.78 2.77 2.76 2.76 2.75 2.74 2.74 2.73 2.73 2.72 2.72 2.72
2.71 2.71 2.71 2.72 2.72 2.72 2.72 2.72 2.73 2.73 2.74 2.74 2.75 2.76 2.76 2.77 2.78 2.79 2.80 2.81 2.83 2.84 2.85 2.87 2.87 2.84 2.81 2.88 2.95 2.96 2.91 2.81 2.73 2.71 2.74 2.83 2.97 3.10 3.16 3.13 3.07 3.02 3.00 3.00 3.06 3.15 3.23 3.26 3.30 3.42 3.53 3.56 3.51 3.43 3.35 3.28 3.19 3.13 3.15 3.21 3.24 3.23 3.18 3.12 3.02 2.92 2.87 2.86 2.85 2.83 2.81 2.80 2.79 2.77 2.76 2.76 2.75 2.74 2.74 2.73 2.73 2.72 2.72 2.72
2.71 2.71 2.71 2.72 2.72 2.72 2.72 2.73 2.73 2.73 2.74 2.75 2.75 2.76 2.77 2.77 2.78 2.80 2.82 2.83 2.85 2.87 2.89 2.91 2.94 2.98 2.97 2.95 2.97 3.02 3.03 2.94 2.84 2.80 2.82 2.91 3.03 3.12 3.12 3.05 2.97 2.90 2.90 2.96 3.05 3.15 3.27 3.39 3.50 3.56 3.53 3.44 3.40 3.39 3.38 3.35 3.29 3.20 3.12 3.12 3.16 3.16 3.13 3.10 3.04 2.96 2.88 2.85 2.85 2.83 2.82 2.80 2.78 2.77 2.76 2.75 2.75 2.74 2.74 2.73 2.73 2.72 2.72 2.72
2.71 2.71 2.71 2.72 2.72 2.72 2.72 2.73 2.73 2.74 2.74 2.75 2.76 2.76 2.77 2.78 2.79 2.81 2.83 2.86 2.88 2.91 2.93 2.95 2.99 3.03 3.04 2.99 2.99 3.04 3.11 3.09 3.01 2.97 2.98 3.07 3.15 3.17 3.11 3.01 2.90 2.85 2.86 2.92 2.99 3.06 3.19 3.37 3.49 3.49 3.41 3.37 3.39 3.43 3.47 3.52 3.55 3.53 3.44 3.31 3.20 3.13 3.10 3.07 3.04 2.99 2.93 2.87 2.85 2.83 2.82 2.79 2.78 2.77 2.76 2.75 2.75 2.74 2.74 2.73 2.73 2.72 2.72 2.72
2.71 2.71 2.71 2.72 2.72 2.72 2.72 2.73 2.73 2.74 2.74 2.75 2.76 2.76 2.77 2.78 2.80 2.83 2.85 2.88 2.91 2.94 2.98 3.00 2.98 2.98 3.03 3.09 3.12 3.18 3.24 3.25 3.23 3.22 3.26 3.31 3.30 3.22 3.13 3.04 2.96 2.91 2.89 2.90 2.90 2.94 3.07 3.21 3.28 3.28 3.28 3.33 3.40 3.44 3.47 3.52 3.57 3.60 3.56 3.42 3.25 3.14 3.09 3.07 3.05 3.02 2.98 2.92 2.87 2.84 2.82 2.80 2.78 2.77 2.76 2.75 2.75 2.74 2.73 2.73 2.73 2.72 2.72 2.72
2.71 2.71 2.72 2.72 2.72 2.72 2.73 2.73 2.73 2.74 2.75 2.75 2.76 2.76 2.78 2.80 2.81 2.84 2.86 2.89 2.93 2.98 3.03 3.08 3.09 3.09 3.22 3.35 3.43 3.45 3.46 3.47 3.49 3.54 3.59 3.55 3.44 3.32 3.23 3.15 3.09 3.02 2.97 2.93 2.91 2.95 3.05 3.12 3.13 3.14 3.19 3.26 3.36 3.43 3.46 3.47 3.47 3.46 3.42 3.33 3.23 3.14 3.08 3.06 3.05 3.04 3.02 2.98 2.92 2.86 2.82 2.79 2.77 2.76 2.76 2.75 2.74 2.74 2.73 2.73 2.73 2.72 2.72 2.72
2.71 2.71 2.72 2.72 2.72 2.72 2.73 2.73 2.73 2.74 2.75 2.75 2.76 2.77 2.78 2.80 2.82 2.84 2.87 2.91 2.96 3.02 3.09 3.19 3.31 3.42 3.55 3.68 3.73 3.75 3.76 3.77 3.83 3.89 3.87 3.77 3.65 3.55 3.46 3.35 3.24 3.15 3.09 3.07 3.08 3.12 3.15 3.13 3.10 3.12 3.18 3.25 3.33 3.40 3.42 3.42 3.40 3.37 3.32 3.26 3.20 3.12 3.06 3.05 3.05 3.05 3.03 2.99 2.92 2.85 2.81 2.78 2.77 2.76 2.75 2.75 2.74 2.74 2.73 2.73 2.72 2.72 2.72 2.72
2.71 2.71 2.72 2.72 2.72 2.72 2.73 2.73 2.73 2.74 2.74 2.75 2.76 2.77 2.79 2.80 2.82 2.84 2.87 2.91 2.97 3.04 3.14 3.30 3.48 3.66 3.82 3.91 4.00 4.08 4.13 4.18 4.21 4.18 4.10 4.00 3.91 3.82 3.69 3.55 3.41 3.31 3.30 3.34 3.40 3.42 3.37 3.27 3.19 3.17 3.21 3.26 3.32 3.36 3.37 3.37 3.34 3.30 3.24 3.19 3.16 3.12 3.07 3.05 3.03 3.01 2.96 2.90 2.84 2.81 2.79 2.78 2.77 2.76 2.75 2.74 2.74 2.73 2.73 2.73 2.72 2.72 2.72 2.72
2.71 2.71 2.72 2.72 2.72 2.72 2.73 2.73 2.73 2.74 2.74 2.75 2.76 2.77 2.78 2.80 2.82 2.84 2.87 2.91 2.97 3.06 3.17 3.39 3.70 3.94 3.97 4.04 4.20 4.32 4.44 4.48 4.43 4.30 4.18 4.10 4.02 3.90 3.76 3.63 3.53 3.49 3.51 3.53 3.52 3.49 3.44 3.37 3.33 3.27 3.25 3.25 3.29 3.33 3.34 3.32 3.27 3.22 3.17 3.13 3.11 3.11 3.07 3.02 2.97 2.90 2.82 2.78 2.78 2.78 2.77 2.76 2.76 2.75 2.75 2.74 2.74 2.73 2.73 2.72 2.72 2.72 2.72 2.71
2.71 2.71 2.72 2.72 2.72 2.72 2.72 2.73 2.73 2.74 2.74 2.75 2.76 2.77 2.78 2.80 2.82 2.84 2.87 2.91 2.97 3.05 3.15 3.36 3.73 4.10 4.21 4.20 4.24 4.33 4.43 4.40 4.27 4.15 4.06 3.96 3.85 3.75 3.67 3.60 3.57 3.57 3.55 3.45 3.25 3.14 3.10 3.20 3.29 3.28 3.22 3.21 3.24 3.29 3.31 3.28 3.23 3.17 3.13 3.08 3.04 3.02 3.00 2.95 2.87 2.79 2.75 2.75 2.76 2.76 2.76 2.76 2.75 2.75 2.74 2.74 2.73 2.73 2.72 2.72 2.72 2.72 2.72 2.71
2.71 2.71 2.71 2.72 2.72 2.72 2.72 2.73 2.73 2.74 2.74 2.75 2.76 2.77 2.78 2.79 2.81 2.83 2.86 2.90 2.94 3.00 3.09 3.22 3.40 3.67 4.16 4.28 4.20 4.17 4.11 3.94 3.79 3.76 3.72 3.62 3.52 3.47 3.45 3.45 3.46 3.47 3.38 3.12 2.86 2.74 2.70 2.80 2.98 3.05 3.03 3.05 3.11 3.18 3.22 3.21 3.17 3.11 3.06 3.01 2.96 2.93 2.90 2.84 2.76 2.74 2.74 2.75 2.75 2.75 2.75 2.75 2.74 2.74 2.74 2.73 2.72 2.72 2.72 2.72 2.72 2.72 2.71 2.71
2.71 2.71 2.71 2.72 2.72 2.72 2.72 2.73 2.73 2.73 2.74 2.75 2.75 2.76 2.77 2.79 2.80 2.82 2.85 2.88 2.91 2.95 3.02 3.10 3.14 3.22 3.31 3.82 4.05 3.93 3.71 3.47 3.37 3.36 3.31 3.22 3.17 3.15 3.17 3.21 3.25 3.23 3.03 2.72 2.55 2.43 2.36 2.39 2.54 2.68 2.76 2.84 2.92 2.99 3.05 3.09 3.07 3.01 2.95 2.93 2.91 2.88 2.83 2.75 2.71 2.72 2.73 2.73 2.74 2.74 2.74 2.74 2.74 2.74 2.73 2.72 2.71 2.71 2.72 2.72 2.72 2.71 2.71 2.71
2.71 2.71 2.71 2.72 2.72 2.72 2.72 2.72 2.73 2.73 2.74 2.74 2.75 2.76 2.77 2.78 2.79 2.81 2.83 2.85 2.87 2.91 2.95 3.00 3.03 2.98 2.90 2.80 3.20 3.51 3.41 3.29 3.20 3.14 3.03 2.94 2.89 2.87 2.88 2.93 2.97 2.86 2.56 2.33 2.23 2.12 2.07 2.09 2.20 2.34 2.47 2.61 2.72 2.79 2.88 2.94 2.95 2.89 2.84 2.83 2.83 2.78 2.71 2.68 2.69 2.70 2.71 2.72 2.72 2.73 2.73 2.73 2.73 2.72 2.71 2.71 2.71 2.71 2.72 2.72 2.71 2.71 2.71 2.71
2.71 2.71 2.71 2.71 2.72 2.72 2.72 2.72 2.73 2.73 2.73 2.74 2.74 2.75 2.76 2.77 2.78 2.79 2.81 2.82 2.84 2.86 2.89 2.90 2.91 2.88 2.81 2.59 2.47 3.04 3.28 3.23 3.16 3.03 2.89 2.78 2.71 2.68 2.67 2.68 2.62 2.38 2.06 1.94 1.89 1.86 1.85 1.86 1.91 2.01 2.15 2.34 2.49 2.61 2.71 2.80 2.83 2.79 2.73 2.70 2.67 2.63 2.61 2.64 2.67 2.68 2.69 2.70 2.71 2.71 2.71 2.72 2.71 2.71 2.70 2.71 2.71 2.72 2.71 2.71 2.71 2.71 2.71 2.71
2.71 2.71 2.71 2.71 2.71 2.72 2.72 2.72 2.72 2.73 2.73 2.73 2.74 2.75 2.75 2.76 2.77 2.78 2.79 2.80 2.81 2.82 2.83 2.83 2.82 2.80 2.74 2.73 2.96 3.12 3.12 3.10 3.04 2.92 2.77 2.67 2.62 2.59 2.56 2.53 2.36 1.97 1.66 1.53 1.47 1.48 1.48 1.47 1.52 1.63 1.80 2.01 2.21 2.38 2.53 2.65 2.71 2.69 2.62 2.55 2.52 2.54 2.59 2.62 2.65 2.66 2.68 2.69 2.69 2.70 2.71 2.71 2.70 2.70 2.70 2.71 2.71 2.71 2.71 2.71 2.71 2.71 2.71 2.71
2.71 2.71 2.71 2.71 2.71 2.72 2.72 2.72 2.72 2.72 2.73 2.73 2.73 2.74 2.74 2.75 2.75 2.76 2.77 2.77 2.78 2.78 2.78 2.77 2.75 2.74 2.72 2.81 2.92 2.85 2.81 2.81 2.78 2.68 2.59 2.53 2.53 2.52 2.50 2.44 2.20 1.80 1.55 1.34 1.15 1.03 0.94 0.91 1.08 1.22 1.37 1.61 1.86 2.08 2.28 2.45 2.55 2.54 2.49 2.46 2.47 2.53 2.58 2.61 2.63 2.65 2.67 2.67 2.68 2.70 2.70 2.69 2.69 2.70 2.71 2.71 2.71 2.71 2.71 2.71 2.71 2.71 2.71 2.71
2.71 2.71 2.71 2.71 2.71 2.71 2.71 2.72 2.72 2.72 2.72 2.72 2.73 2.73 2.73 2.74 2.74 2.74 2.75 2.75 2.75 2.75 2.74 2.72 2.70 2.68 2.67 2.66 2.56 2.47 2.43 2.46 2.44 2.38 2.34 2.34 2.36 2.38 2.37 2.24 1.98 1.80 1.67 1.47 1.24 1.02 0.84 0.77 0.85 0.97 1.03 1.22 1.47 1.70 1.95 2.18 2.34 2.39 2.39 2.42 2.47 2.52 2.57 2.60 2.62 2.64 2.65 2.66 2.68 2.68 2.68 2.68 2.69 2.70 2.70 2.71 2.70 2.70 2.70 2.70 2.71 2.70 2.70 2.71
2.71 2.71 2.71 2.71 2.71 2.71 2.71 2.71 2.72 2.72 2.72 2.72 2.72 2.72 2.73 2.73 2.73 2.73 2.73 2.73 2.72 2.71 2.70 2.68 2.66 2.63 2.59 2.54 2.48 2.39 2.30 2.24 2.17 2.12 2.12 2.16 2.18 2.16 2.08 1.87 1.68 1.71 1.72 1.62 1.45 1.29 1.13 1.01 0.98 1.01 1.05 1.11 1.24 1.42 1.66 1.93 2.15 2.28 2.35 2.40 2.46 2.51 2.55 2.59 2.61 2.62 2.64 2.66 2.67 2.66 2.67 2.68 2.69 2.70 2.70 2.70 2.70 2.70 2.70 2.70 2.70 2.70 2.70 2.70
2.71 2.71 2.71 2.71 2.71 2.71 2.71 2.71 2.71 2.71 2.71 2.72 2.72 2.72 2.72 2.72 2.72 2.72 2.71 2.71 2.70 2.69 2.67 2.65 2.62 2.58 2.53 2.47 2.39 2.31 2.21 2.12 2.00 1.92 1.95 1.98 1.96 1.89 1.76 1.59 1.53 1.60 1.67 1.65 1.57 1.47 1.36 1.28 1.25 1.25 1.28 1.31 1.35 1.45 1.63 1.84 2.04 2.20 2.32 2.39 2.45 2.50 2.54 2.58 2.60 2.61 2.64 2.65 2.65 2.66 2.67 2.69 2.69 2.70 2.69 2.69 2.70 2.70 2.70 2.70 2.70 2.70 2.70 2.70
2.71 2.71 2.71 2.71 2.71 2.71 2.71 2.71 2.71 2.71 2.71 2.71 2.71 2.71 2.71 2.71 2.71 2.70 2.70 2.69 2.68 2.67 2.65 2.62 2.59 2.55 2.49 2.43 2.35 2.26 2.16 2.04 1.91 1.82 1.81 1.80 1.71 1.59 1.56 1.57 1.60 1.63 1.67 1.68 1.63 1.55 1.49 1.45 1.45 1.46 1.48 1.53 1.58 1.65 1.75 1.89 2.05 2.19 2.31 2.39 2.45 2.50 2.54 2.56 2.59 2.61 2.63 2.64 2.65 2.67 2.68 2.68 2.69 2.69 2.69 2.69 2.70 2.70 2.70 2.70 2.70 2.70 2.70 2.70
