data/AilsaCraig_135_1_25m_ang_2m.asc
ncols	257
nrows	257
xllcorner	3364200.000000
yllcorner	3669375.000000
cellsize	25.000000
NODATA_value	-1.000000
[rows 126 to 167 of 257, columns 94 to 187 of 257]
137 137 138 138 138 139 139 139 140 142 142 143 145 147 149 152 156 161 163 163 162 158 153 150 148 145 142 140 136 132 131 131 131 132 133 134 136 139 141 140 140 142 145 147 148 150 153 155 157 158 159 159 154 151 149 147 145 144 142 141 140 140 139 139 138 138 138 137 137 137 136 136 136 136 136 136 136 136 135 135 135 135 135 135 135 135 135 135 135 135 135 135 135 135
137 138 138 138 138 139 139 140 141 142 143 144 146 148 150 154 159 163 165 165 163 158 153 148 146 143 141 140 135 132 131 131 131 132 133 134 136 140 141 140 140 142 144 144 145 148 151 153 156 157 158 158 155 152 149 147 146 144 143 141 141 140 139 139 138 138 138 137 137 137 137 136 136 136 136 136 136 136 135 135 135 135 135 135 135 135 135 135 135 135 135 135 135 135
137 138 138 138 139 139 139 140 142 143 143 145 147 149 152 156 162 166 166 166 163 158 152 148 145 142 141 139 135 132 131 130 131 132 132 132 135 139 139 139 139 140 141 141 143 147 150 152 155 158 158 157 156 153 150 148 146 145 143 142 141 140 139 139 138 138 138 137 137 137 137 136 136 136 136 136 136 136 135 135 135 135 135 135 135 135 135 135 135 135 135 135 135 135
137 138 138 139 139 139 140 141 142 143 144 146 148 150 153 159 165 167 167 167 161 156 152 148 145 142 141 140 136 133 131 130 131 131 131 131 134 136 137 137 136 135 138 141 144 148 150 154 158 159 158 158 157 155 151 149 147 145 143 142 141 140 139 139 138 138 138 137 137 137 137 136 136 136 136 136 136 136 135 135 135 135 135 135 135 135 135 135 135 135 135 135 135 135
138 138 138 139 139 139 140 141 143 144 145 146 149 151 155 161 167 169 168 166 159 154 152 148 145 143 142 140 136 134 132 131 132 132 130 130 133 135 135 135 134 133 136 141 146 150 153 156 161 160 159 158 158 156 153 149 147 145 144 142 141 140 139 139 138 138 138 137 137 137 137 136 136 136 136 136 136 136 135 135 135 135 135 135 135 135 135 135 135 135 135 135 135 135
138 138 138 139 139 140 140 142 143 144 145 147 150 153 157 163 169 170 169 165 157 153 151 147 144 142 141 138 135 133 132 131 132 132 131 130 132 135 136 136 134 134 138 144 149 152 155 159 162 161 160 160 158 157 154 150 147 145 144 142 141 140 140 139 138 138 138 137 137 137 137 136 136 136 136 136 136 136 135 135 135 135 135 135 135 135 135 135 135 135 135 135 135 135
138 138 138 139 139 140 141 142 143 144 146 148 151 154 159 165 171 171 169 164 157 153 150 146 143 141 139 136 133 131 130 130 131 131 131 130 133 136 137 137 136 136 140 145 149 152 155 160 162 161 161 160 159 157 154 150 147 145 144 143 141 140 140 139 138 138 138 137 137 137 137 136 136 136 136 136 136 136 135 135 135 135 135 135 135 135 135 135 135 135 135 135 135 135
138 138 139 139 139 140 141 142 144 145 147 149 152 156 162 169 172 171 169 164 157 152 149 146 142 140 137 135 132 130 129 129 130 131 131 131 133 136 138 138 138 138 140 144 146 148 152 156 159 160 161 160 159 157 154 150 147 145 144 143 141 140 140 139 138 138 138 137 137 137 137 136 136 136 136 136 136 136 135 135 135 135 135 135 135 135 135 135 135 135 135 135 135 135
138 138 139 139 139 140 141 143 144 145 147 150 153 157 164 171 174 172 168 164 157 153 149 145 141 138 136 134 131 130 129 128 129 131 131 131 134 137 138 139 139 139 140 142 145 146 149 153 155 158 160 160 159 157 153 150 147 145 144 142 141 140 139 139 138 138 138 137 137 137 137 136 136 136 136 136 136 136 135 135 135 135 135 135 135 135 135 135 135 135 135 135 135 135
138 138 139 139 140 140 141 143 144 146 148 151 154 159 166 172 174 172 168 163 158 153 149 145 141 137 135 133 131 129 128 128 129 130 130 131 134 136 137 139 140 140 139 142 145 147 150 154 157 159 161 160 159 156 152 150 147 145 144 142 141 140 139 139 138 138 138 137 137 137 137 136 136 136 136 136 136 136 135 135 135 135 135 135 135 135 135 135 135 135 135 135 135 135
138 138 139 139 140 140 141 143 144 146 149 151 155 161 168 174 175 172 169 164 158 154 150 145 141 137 135 133 131 130 129 129 130 130 129 131 132 133 135 139 141 140 139 141 144 147 151 155 159 163 163 160 158 155 151 149 147 145 144 142 141 140 139 139 138 138 138 137 137 137 136 136 136 136 136 136 136 136 135 135 135 135 135 135 135 135 135 135 135 135 135 135 135 135
138 138 139 139 140 140 142 143 144 146 149 152 156 163 171 176 175 172 170 165 159 154 150 145 141 138 136 134 132 131 130 130 130 130 130 131 132 132 134 139 141 140 139 140 143 146 150 154 159 165 164 160 157 154 150 148 147 146 144 143 141 140 139 139 138 138 137 137 137 137 136 136 136 136 136 136 136 135 135 135 135 135 135 135 135 135 135 135 135 135 135 135 135 135
138 138 138 139 140 140 141 143 144 146 149 152 156 164 172 176 173 171 169 165 160 154 149 144 141 138 137 135 134 132 131 131 131 131 132 133 132 131 135 140 141 140 139 140 143 145 149 153 159 165 163 159 156 152 149 148 147 145 144 143 141 140 139 138 138 138 137 137 137 137 136 136 136 136 136 136 136 135 135 135 135 135 135 135 135 135 135 135 135 135 135 135 135 135
138 138 138 139 140 140 141 143 144 146 148 151 156 164 171 172 170 169 167 164 159 153 148 144 141 139 138 137 135 134 133 132 132 133 135 136 134 133 137 141 142 141 139 139 142 144 147 152 159 164 162 157 154 150 148 147 146 145 143 142 140 139 139 138 138 138 137 137 137 137 136 136 136 136 136 136 136 135 135 135 135 135 135 135 135 135 135 135 135 135 135 135 135 135
138 138 138 139 139 140 141 142 144 146 148 151 154 161 168 169 168 167 163 161 156 150 145 142 140 138 137 136 135 134 133 133 132 134 138 138 136 136 140 142 143 141 139 139 141 143 146 151 159 163 159 155 152 149 147 146 145 143 142 141 140 139 138 138 138 137 137 137 137 136 136 136 136 136 136 136 136 135 135 135 135 135 135 135 135 135 135 135 135 135 135 135 135 135
138 138 138 139 139 140 141 142 143 145 147 149 152 156 160 164 167 165 160 156 150 145 142 140 138 136 135 135 134 133 133 132 131 134 139 138 136 138 141 143 144 141 138 138 140 141 144 151 158 161 156 152 150 148 146 145 144 142 141 140 139 139 138 138 138 137 137 137 137 136 136 136 136 136 136 136 136 135 135 135 135 135 135 135 135 135 135 135 135 135 135 135 135 135
137 138 138 139 139 140 141 141 143 144 146 148 150 152 152 154 160 161 157 151 144 140 138 136 134 133 132 133 132 131 131 130 129 132 138 136 135 137 139 143 143 139 137 137 138 139 143 150 157 158 153 149 148 146 145 144 142 141 140 139 139 138 138 138 137 137 137 137 136 136 136 136 136 136 136 136 135 135 135 135 135 135 135 135 135 135 135 135 135 135 135 135 135 135
137 138 138 138 139 139 140 141 142 143 144 146 148 149 148 146 145 153 153 147 141 137 135 133 130 129 130 130 130 129 128 126 125 130 137 134 133 135 136 140 140 136 135 135 135 136 140 148 155 154 149 147 146 146 144 142 141 140 139 139 138 138 138 137 137 137 137 136 136 136 136 136 136 136 136 136 135 135 135 135 135 135 135 135 135 135 135 135 135 135 135 135 135 135
137 137 138 138 139 139 140 140 141 142 143 144 146 146 146 144 142 142 147 144 139 137 135 131 128 127 127 128 127 126 124 121 121 128 133 130 131 133 135 137 136 133 131 131 131 133 136 144 151 150 146 145 145 144 142 141 140 139 139 138 138 138 137 137 137 137 137 136 136 136 136 136 136 136 136 135 135 135 135 135 135 135 135 135 135 135 135 135 135 135 135 135 135 135
137 137 138 138 138 139 139 140 141 141 142 143 144 144 144 144 143 145 150 142 138 137 134 130 127 126 125 126 125 123 118 115 116 124 127 127 128 132 134 134 131 128 127 128 128 129 133 141 146 145 143 143 142 141 140 140 139 139 138 138 137 137 137 137 137 137 136 136 136 136 136 136 136 136 136 135 135 135 135 135 135 135 135 135 135 135 135 135 135 135 135 135 135 135
137 137 137 138 138 138 139 139 140 140 141 142 142 143 143 143 143 148 150 141 137 135 132 129 127 125 125 124 124 120 113 108 110 116 120 121 123 128 129 128 126 124 123 123 124 125 129 136 141 141 140 140 140 140 139 139 138 138 137 137 137 137 137 137 136 136 136 136 136 136 136 136 136 136 135 135 135 135 135 135 135 135 135 135 135 135 135 135 135 135 135 135 135 135
137 137 137 137 138 138 138 139 139 140 140 141 141 141 142 142 142 143 141 137 135 133 129 127 126 125 124 123 123 118 110 102 105 108 111 111 113 118 119 119 119 119 119 120 120 122 125 131 136 138 138 138 139 138 138 138 138 137 137 137 137 137 137 136 136 136 136 136 136 136 136 136 136 136 135 135 135 135 135 135 135 135 135 135 135 135 135 135 135 135 135 135 135 135
137 137 137 137 137 138 138 138 139 139 139 140 140 140 140 140 140 139 137 135 135 131 127 125 124 124 123 122 121 115 105 98 101 104 107 107 107 113 113 112 114 114 114 115 117 118 122 128 133 136 136 137 137 137 137 137 137 137 137 137 137 136 136 136 136 136 136 136 136 136 136 136 136 135 135 135 135 135 135 135 135 135 135 135 135 135 135 135 135 135 135 135 135 135
136 137 137 137 137 137 138 138 138 138 139 139 139 139 139 139 138 138 137 135 135 134 127 124 123 123 121 119 116 109 100 97 99 102 105 107 110 114 113 112 114 114 114 114 116 118 121 126 132 134 135 136 136 137 137 137 137 136 136 136 136 136 136 136 136 136 136 136 136 136 136 136 135 135 135 135 135 135 135 135 135 135 135 135 135 135 135 135 135 135 135 135 135 135
136 136 137 137 137 137 137 137 138 138 138 138 138 138 138 137 137 136 135 134 134 133 131 125 122 121 120 117 111 103 98 99 99 100 103 106 110 114 115 116 117 117 117 118 119 120 123 127 131 133 134 135 136 136 136 136 136 136 136 136 136 136 136 136 136 136 136 136 136 136 136 135 135 135 135 135 135 135 135 135 135 135 135 135 135 135 135 135 135 135 135 135 135 135
136 136 136 137 137 137 137 137 137 137 137 137 137 137 137 137 136 135 134 133 132 132 131 130 123 119 117 115 109 101 98 101 101 100 103 106 111 114 117 118 119 120 121 123 123 123 125 128 131 133 134 135 135 136 136 136 136 136 136 136 136 136 136 136 136 136 136 136 136 136 135 135 135 135 135 135 135 135 135 135 135 135 135 135 135 135 135 135 135 135 135 135 135 135
136 136 136 136 136 137 137 137 137 137 137 137 137 136 136 136 135 135 134 133 132 130 130 130 125 118 114 113 109 101 97 100 100 100 102 107 113 116 119 120 121 122 124 125 126 126 128 129 131 133 134 134 135 135 136 136 136 136 136 136 136 136 136 136 136 136 136 136 135 135 135 135 135 135 135 135 135 135 135 135 135 135 135 135 135 135 135 135 135 135 135 135 135 135
136 136 136 136 136 136 136 136 136 136 136 136 136 136 136 135 135 134 133 132 131 130 128 128 124 117 113 112 108 101 97 98 98 98 103 109 115 118 121 122 124 125 126 128 128 129 129 131 132 133 134 134 135 135 135 136 135 135 135 136 136 136 136 136 136 136 135 135 135 135 135 135 135 135 135 135 135 135 135 135 135 135 135 135 135 135 135 135 135 135 135 135 135 135
136 136 136 136 136 136 136 136 136 136 136 136 136 135 135 135 134 134 133 132 131 129 128 126 123 119 116 113 108 103 100 99 99 100 106 113 118 121 123 125 127 128 129 130 130 130 131 132 132 133 134 134 134 135 135 135 135 135 135 135 135 135 135 135 135 135 135 135 135 135 135 135 135 135 135 135 135 135 135 135 135 135 135 135 135 135 135 135 135 135 135 135 135 135
136 136 136 136 136 136 136 136 136 136 136 136 135 135 135 134 134 133 133 132 131 129 128 126 123 122 119 116 112 109 106 104 104 107 112 118 121 124 126 127 129 129 130 131 131 131 131 132 133 133 134 134 134 135 135 135 135 135 135 135 135 135 135 135 135 135 135 135 135 135 135 135 135 135 135 135 135 135 135 135 135 135 135 135 135 135 135 135 135 135 135 135 135 135
136 136 136 136 136 136 136 136 136 136 135 135 135 135 134 134 134 133 132 132 131 129 128 127 125 123 120 119 117 114 112 111 111 114 118 122 124 126 128 129 129 130 130 131 131 131 132 133 133 133 134 134 134 135 135 135 135 135 135 135 135 135 135 135 135 135 135 135 135 135 135 135 135 135 135 135 135 135 135 135 135 135 135 135 135 135 135 135 135 135 135 135 135 135
135 136 136 136 136 136 136 135 135 135 135 135 135 135 134 134 134 133 132 132 131 130 129 127 126 124 123 121 120 118 117 117 118 119 121 124 126 127 128 129 130 130 131 131 131 132 132 133 133 134 134 134 134 135 135 135 135 135 135 135 135 135 135 135 135 135 135 135 135 135 135 135 135 135 135 135 135 135 135 135 135 135 135 135 135 135 135 135 135 135 135 135 135 135
135 135 135 135 135 135 135 135 135 135 135 135 135 134 134 134 133 133 132 132 131 130 129 128 127 126 125 124 123 122 121 121 122 123 124 125 127 128 129 129 130 131 131 132 132 132 133 133 133 134 134 134 134 134 135 135 135 135 135 135 135 135 135 135 135 135 135 135 135 135 135 135 135 135 135 135 135 135 135 135 135 135 135 135 135 135 135 135 135 135 135 135 135 135
135 135 135 135 135 135 135 135 135 135 135 135 135 134 134 134 133 133 133 132 131 131 130 129 128 127 126 126 125 124 124 124 124 125 126 127 128 129 129 130 131 131 132 132 132 132 133 133 133 134 134 134 134 134 135 135 135 135 135 135 135 135 135 135 135 135 135 135 135 135 135 135 135 135 135 135 135 135 135 135 135 135 135 135 135 135 135 135 135 135 135 135 135 135
135 135 135 135 135 135 135 135 135 135 135 135 134 134 134 134 133 133 133 132 132 131 130 130 129 128 128 127 127 126 126 126 127 127 128 128 129 130 130 131 131 132 132 132 132 133 133 133 134 134 134 134 134 134 135 135 135 135 135 135 135 135 135 135 135 135 135 135 135 135 135 135 135 135 135 135 135 135 135 135 135 135 135 135 135 135 135 135 135 135 135 135 135 135
135 135 135 135 135 135 135 135 135 135 135 135 134 134 134 134 133 133 133 132 132 131 131 130 130 129 129 129 128 128 128 128 128 128 129 129 130 130 131 131 132 132 132 132 133 133 133 133 134 134 134 134 134 134 135 135 135 135 135 135 135 135 135 135 135 135 135 135 135 135 135 135 135 135 135 135 135 135 135 135 135 135 135 135 135 135 135 135 135 135 135 135 135 135
135 135 135 135 135 135 135 135 135 135 135 135 134 134 134 134 134 133 133 133 132 132 131 131 131 130 130 130 129 129 129 129 129 129 130 130 130 131 131 131 132 132 132 133 133 133 133 133 134 134 134 134 134 134 135 135 135 135 135 135 135 135 135 135 135 135 135 135 135 135 135 135 135 135 135 135 135 135 135 135 135 135 135 135 135 135 135 135 135 135 135 135 135 135
135 135 135 135 135 135 135 135 135 135 135 135 134 134 134 134 134 133 133 133 132 132 132 132 131 131 131 130 130 130 130 130 130 130 131 131 131 131 132 132 132 132 133 133 133 133 133 134 134 134 134 134 134 134 135 135 135 135 135 135 135 135 135 135 135 135 135 135 135 135 135 135 135 135 135 135 135 135 135 135 135 135 135 135 135 135 135 135 135 135 135 135 135 135
135 135 135 135 135 135 135 135 135 135 135 134 134 134 134 134 134 133 133 133 133 133 132 132 132 131 131 131 131 131 131 131 131 131 131 131 132 132 132 132 132 133 133 133 133 133 134 134 134 134 134 134 134 134 135 135 135 135 135 135 135 135 135 135 135 135 135 135 135 135 135 135 135 135 135 135 135 135 135 135 135 135 135 135 135 135 135 135 135 135 135 135 135 135
135 135 135 135 135 135 135 135 135 135 135 134 134 134 134 134 134 134 133 133 133 133 133 132 132 132 132 132 131 131 131 131 131 132 132 132 132 132 132 132 133 133 133 133 133 133 134 134 134 134 134 134 134 134 135 135 135 135 135 135 135 135 135 135 135 135 135 135 135 135 135 135 135 135 135 135 135 135 135 135 135 135 135 135 135 135 135 135 135 135 135 135 135 135
135 135 135 135 135 135 135 135 135 135 135 135 134 134 134 134 134 134 134 133 133 133 133 133 132 132 132 132 132 132 132 132 132 132 132 132 132 132 133 133 133 133 133 133 133 134 134 134 134 134 134 134 134 135 135 135 135 135 135 135 135 135 135 135 135 135 135 135 135 135 135 135 135 135 135 135 135 135 135 135 135 135 135 135 135 135 135 135 135 135 135 135 135 135
135 135 135 135 135 135 135 135 135 135 135 135 134 134 134 134 134 134 134 133 133 133 133 133 133 133 133 132 132 132 132 132 132 132 132 133 133 133 133 133 133 133 133 134 134 134 134 134 134 134 134 134 134 135 135 135 135 135 135 135 135 135 135 135 135 135 135 135 135 135 135 135 135 135 135 135 135 135 135 135 135 135 135 135 135 135 135 135 135 135 135 135 135 135
