data/AilsaCraig_0_1_25m_ang_2m.asc
ncols	257
nrows	257
xllcorner	3364200.000000
yllcorner	3669375.000000
cellsize	25.000000
NODATA_value	-1.000000
[rows 118 to 176 of 257, columns 96 to 191 of 257]
1 2 2 2 2 2 3 3 4 4 5 6 7 8 9 10 12 15 19 21 22 22 21 19 15 10 4 360 0 8 16 15 9 6 1 355 352 351 344 338 337 336 336 335 335 337 338 341 344 347 349 351 352 354 355 355 356 357 357 357 358 358 358 359 359 359 359 359 359 359 359 360 360 360 360 360 360 360 360 360 360 360 360 360 360 360 360 360 360 360 360 360 360 360 360 360
1 2 2 2 2 2 3 3 4 4 5 6 7 8 9 10 13 15 18 19 20 21 21 18 14 9 4 1 3 8 12 11 8 5 0 354 352 352 347 342 339 337 339 339 338 338 339 340 343 346 349 351 352 354 355 355 356 357 357 358 358 358 358 359 359 359 359 359 359 359 359 360 360 360 360 360 360 360 360 360 360 360 360 360 360 360 360 360 360 360 360 360 360 360 360 360
2 2 2 2 2 3 3 4 4 5 5 6 7 8 9 10 13 15 16 16 16 18 18 17 13 8 5 5 6 8 9 8 7 5 360 356 353 350 348 346 342 338 339 342 341 341 340 338 341 346 349 351 352 353 355 355 356 357 357 358 358 358 358 359 359 359 359 359 359 359 360 360 360 360 360 360 360 360 360 360 360 360 360 360 360 360 360 360 360 360 360 360 360 360 360 360
2 2 2 2 2 3 3 4 4 5 5 6 7 8 9 11 12 13 13 12 12 12 14 14 12 9 7 8 8 7 6 6 5 3 360 356 353 350 348 346 343 340 341 343 345 347 344 340 342 346 349 351 352 353 355 355 356 357 357 358 358 358 358 359 359 359 359 359 359 359 360 360 360 360 360 360 360 360 360 360 360 360 360 360 360 360 360 360 360 360 360 360 360 360 360 360
2 2 2 2 2 3 3 4 4 5 5 6 7 8 9 11 12 11 10 10 9 9 9 11 12 11 10 9 8 6 4 4 3 1 359 357 354 351 348 346 345 345 345 346 348 352 349 344 344 346 348 351 352 353 355 356 356 357 357 358 358 358 359 359 359 359 359 359 359 359 360 360 360 360 360 360 360 360 360 360 360 360 360 360 360 360 360 360 360 360 360 360 360 360 360 360
2 2 2 2 2 3 3 4 4 5 6 6 7 8 10 11 11 10 8 8 9 9 8 9 12 12 11 9 6 4 3 2 1 360 359 357 355 352 349 347 347 349 350 350 351 353 352 346 344 345 348 351 353 354 355 356 356 357 357 358 358 358 359 359 359 359 359 359 359 360 360 360 360 360 360 360 360 360 360 360 360 360 360 360 360 360 360 360 360 360 360 360 360 360 360 360
2 2 2 2 2 3 3 4 4 5 6 7 8 9 10 11 11 10 8 8 9 11 10 9 10 10 9 7 4 3 2 1 359 358 358 357 356 354 351 350 351 352 353 353 354 355 355 352 344 344 348 351 353 354 355 356 357 357 358 358 358 359 359 359 359 359 359 359 359 360 360 360 360 360 360 360 360 360 360 360 360 360 360 360 360 360 360 360 360 360 360 360 360 360 360 360
2 2 2 2 2 3 3 4 4 5 6 7 8 9 10 12 13 12 10 8 9 11 11 9 7 6 5 4 3 1 360 359 359 358 357 358 358 357 355 354 355 356 356 356 356 356 357 356 352 348 349 351 353 355 355 356 357 357 358 358 359 359 359 359 359 359 359 359 360 360 360 360 360 360 360 360 360 360 360 360 360 360 360 360 360 360 360 360 360 360 360 360 360 360 360 360
1 2 2 2 2 3 3 4 5 5 6 7 8 9 11 12 14 14 12 10 8 8 8 7 5 3 2 1 0 359 358 358 358 357 357 359 1 1 359 358 358 358 357 356 357 357 357 358 356 352 350 351 354 355 356 356 357 358 358 358 359 359 359 359 359 359 359 360 360 360 360 360 360 360 360 360 360 360 360 360 360 360 360 360 360 360 360 360 360 360 360 360 360 360 360 360
1 2 2 2 2 3 3 4 5 5 6 7 8 10 11 13 15 16 15 11 7 5 5 4 3 2 0 359 358 357 357 357 357 357 358 1 3 4 4 3 1 359 357 356 356 356 356 358 357 354 350 352 354 356 356 357 357 358 358 359 359 359 359 359 359 359 360 360 360 360 360 360 360 360 360 360 360 360 360 360 360 360 360 360 360 360 360 360 360 360 360 360 0 360 0 360
1 2 2 2 2 3 3 4 5 5 6 7 9 11 13 14 15 16 15 12 7 5 4 2 1 1 359 357 356 355 356 357 356 356 359 2 4 5 7 7 4 359 356 355 354 354 355 358 358 356 353 352 354 356 357 357 358 358 359 359 359 359 359 359 360 360 360 360 360 360 360 360 360 360 360 360 360 360 360 360 360 360 360 360 360 360 360 360 360 360 360 360 0 360 0 360
1 1 2 2 2 3 3 4 5 5 6 7 9 11 13 14 14 15 15 12 8 5 3 2 2 360 358 356 355 355 356 357 357 357 359 1 3 6 9 9 4 359 357 355 354 354 357 358 359 358 356 353 355 356 357 358 358 359 359 359 359 359 360 360 360 360 360 360 360 360 360 360 360 360 360 360 360 360 360 360 360 360 360 360 360 360 360 360 360 0 360 0 360 0 360 360
1 1 1 2 2 3 3 4 4 5 6 7 9 10 12 14 15 14 14 12 9 6 3 1 0 357 355 354 355 355 356 357 358 358 359 0 2 5 7 6 3 0 359 358 357 358 359 360 360 360 358 356 356 357 358 358 359 359 359 359 359 360 360 360 360 360 360 360 360 360 360 360 360 360 360 360 360 360 360 360 360 360 360 360 360 360 360 360 0 360 360 0 360 0 360 0
1 1 1 2 2 3 3 4 4 5 6 8 9 10 12 15 15 14 14 12 9 6 2 359 357 353 351 351 353 355 357 358 360 0 359 360 2 3 3 2 2 2 3 3 2 2 2 1 1 1 1 359 357 358 359 359 359 359 359 360 360 360 360 360 360 360 360 360 360 360 360 360 360 360 360 360 360 360 360 0 360 0 360 360 0 360 0 360 0 360 0 0 0 0 360 0
1 1 1 2 2 3 3 4 4 5 6 8 9 10 12 14 15 14 14 12 9 6 2 358 354 350 348 348 351 354 356 359 1 1 1 0 1 1 0 1 3 6 7 7 6 5 3 2 2 3 3 2 360 359 359 360 360 360 360 360 360 0 0 0 0 0 0 0 0 0 0 0 0 0 0 0 0 0 0 0 0 0 0 0 0 0 0 0 0 0 0 0 0 0 0 0
1 1 1 1 2 2 3 3 4 5 6 8 10 12 12 13 14 14 14 13 9 6 1 357 352 348 346 346 349 352 356 359 1 2 2 2 0 359 359 3 6 8 9 8 7 5 3 3 4 4 5 4 2 360 359 360 0 0 0 0 0 0 0 0 0 0 0 0 0 0 0 0 0 0 0 0 0 0 0 0 0 0 0 0 0 0 0 0 0 0 0 0 0 0 0 0
1 1 1 1 2 2 2 3 4 5 6 7 9 11 12 13 12 13 14 13 10 5 1 355 350 347 345 345 347 351 355 357 359 1 3 3 0 359 2 6 9 9 9 8 6 3 1 1 4 5 6 5 4 2 0 360 0 0 0 0 1 0 0 0 0 0 0 0 0 0 0 0 0 0 0 0 0 0 0 0 0 0 0 0 0 0 0 0 0 0 0 0 0 0 0 0
1 1 1 1 1 2 2 3 3 4 5 7 9 10 12 13 12 12 13 12 10 5 0 355 350 347 345 345 346 349 353 355 357 1 3 3 1 2 5 9 10 10 10 9 7 4 2 2 4 6 6 6 5 3 1 0 0 1 1 1 1 1 1 1 0 0 0 0 0 0 0 0 0 0 0 0 0 0 0 0 0 0 0 0 0 0 0 0 0 0 0 0 0 0 0 0
0 1 1 1 1 1 2 2 3 4 5 7 9 10 13 13 13 12 12 11 9 5 359 354 351 348 347 346 347 349 351 353 356 359 1 1 2 5 8 11 12 11 11 10 9 8 6 6 6 7 7 6 5 4 3 1 1 1 1 1 1 1 1 1 1 1 0 0 0 0 0 0 0 0 0 0 0 0 0 0 0 0 0 0 0 0 0 0 0 0 0 0 0 0 0 0
0 0 1 1 1 1 1 1 2 3 4 7 9 11 12 12 11 11 10 9 6 2 358 355 352 351 349 348 348 349 350 352 355 357 359 359 2 6 9 12 13 13 12 11 11 10 9 9 9 8 7 6 5 4 3 3 2 2 2 2 1 1 1 1 1 1 1 0 0 0 0 0 0 0 0 0 0 0 0 0 0 0 0 0 0 0 0 0 0 0 0 0 0 0 0 0
0 0 0 0 0 0 0 1 1 2 3 5 8 9 9 8 9 9 8 6 3 359 357 355 354 353 351 350 349 350 350 352 354 356 357 359 3 7 10 12 13 14 13 13 12 12 11 11 11 10 8 6 5 4 4 4 3 3 2 2 2 1 1 1 1 1 1 1 0 0 0 0 0 0 0 0 0 0 0 0 0 0 0 0 0 0 0 0 0 0 0 0 0 0 0 0
360 360 360 360 360 360 360 360 360 0 1 3 5 6 4 5 6 5 5 2 359 356 355 355 355 354 353 352 352 351 350 351 354 357 358 1 4 8 10 13 14 15 15 14 14 13 13 12 12 11 8 6 5 5 5 5 5 4 3 2 2 1 1 1 1 1 1 1 1 0 0 0 0 0 0 0 0 0 0 0 0 0 0 0 0 0 0 0 0 0 0 0 0 0 0 0
360 360 360 360 359 359 359 359 359 359 358 359 360 1 2 1 1 360 359 356 355 354 354 354 354 354 354 354 354 352 350 350 354 359 2 6 8 9 11 14 16 17 17 16 15 15 14 13 13 11 9 7 6 6 7 6 5 4 3 2 2 2 1 1 1 1 1 1 1 1 0 0 0 0 0 0 0 0 0 0 0 0 0 0 0 0 0 0 0 0 0 0 0 0 0 0
360 359 359 359 359 359 358 358 357 357 356 354 351 354 359 358 356 354 351 350 351 352 352 352 353 355 356 356 355 353 350 351 356 1 6 11 13 13 14 17 18 19 19 18 17 16 15 14 13 12 9 8 8 8 8 6 5 4 3 3 2 2 1 1 1 1 1 1 1 1 0 0 0 0 0 0 0 0 0 0 0 0 0 0 0 0 0 0 0 0 0 0 0 0 0 0
359 359 359 359 359 358 358 357 356 355 354 350 344 342 349 353 352 349 345 344 347 349 349 350 352 354 356 356 355 353 351 354 359 4 9 15 17 18 19 20 21 21 21 21 20 18 16 15 14 12 10 10 10 9 7 6 5 4 3 3 2 2 2 1 1 1 1 1 1 1 0 0 0 0 0 0 0 0 0 0 0 0 0 0 0 0 0 0 0 0 0 0 0 0 0 0
359 359 359 359 358 358 357 356 355 354 352 349 343 335 333 343 348 346 344 343 345 346 347 349 351 353 355 355 354 352 353 358 3 7 12 17 21 22 23 24 24 24 24 24 22 20 17 16 14 12 12 12 11 9 7 6 5 4 3 3 2 2 2 2 1 1 1 1 1 1 1 0 0 0 0 0 0 0 0 0 0 0 0 0 0 0 0 0 0 0 0 0 0 0 0 0
359 359 359 358 358 357 357 356 355 353 351 348 344 336 330 331 340 344 343 344 344 344 346 348 351 352 354 354 352 351 356 4 7 10 14 18 22 24 26 27 27 27 27 26 24 21 18 16 15 14 14 13 10 8 7 6 5 4 3 3 2 2 2 2 1 1 1 1 1 1 1 0 0 0 0 0 0 0 0 0 0 0 0 0 0 0 0 0 0 0 0 0 0 0 0 0
359 359 358 358 358 357 356 355 354 353 351 348 344 340 333 333 340 341 342 344 344 344 345 348 350 352 353 352 350 351 360 8 11 13 15 19 23 26 28 29 30 29 29 28 26 22 18 17 16 16 15 12 9 8 6 5 5 4 3 3 2 2 2 2 1 1 1 1 1 1 1 0 0 0 0 0 0 0 0 0 0 0 0 0 0 0 0 0 0 0 0 0 0 0 0 0
359 358 358 358 357 357 356 355 354 353 351 348 345 342 337 336 336 334 338 341 342 343 345 349 351 352 352 351 349 353 3 8 11 15 18 22 27 29 31 32 32 31 31 30 28 23 19 18 18 16 13 11 9 7 6 5 4 4 3 3 3 2 2 1 1 1 1 1 1 1 1 0 0 0 0 0 0 0 0 0 0 0 0 0 0 0 0 0 0 0 0 0 0 0 0 0
359 358 358 358 357 357 356 355 354 353 351 349 346 343 340 335 328 324 328 337 339 342 345 348 351 352 352 351 351 359 5 5 7 12 19 28 33 33 34 35 34 33 32 31 29 25 21 19 17 14 12 10 8 7 6 5 4 3 3 3 3 2 2 1 1 1 1 1 1 1 1 0 0 0 0 0 0 0 0 0 0 0 0 0 0 0 0 0 0 0 0 0 0 0 0 0
359 358 358 358 357 357 356 355 354 353 351 349 347 344 340 335 328 323 323 327 335 339 343 347 350 351 351 352 358 8 10 7 7 10 16 25 35 36 35 36 35 34 34 32 29 25 21 18 15 13 11 9 8 6 6 5 4 3 3 3 2 2 2 1 1 1 1 1 1 1 1 0 0 0 0 0 0 0 0 0 0 0 0 0 0 0 0 0 0 0 0 0 0 0 0 0
359 358 358 358 357 357 356 355 354 353 352 350 348 345 341 338 333 327 322 322 327 335 340 344 347 350 351 355 6 14 15 13 12 14 17 22 28 30 30 32 33 33 32 30 27 23 19 16 13 11 10 8 7 6 5 4 4 3 3 3 2 2 2 1 1 1 1 1 1 1 1 0 0 0 0 0 0 0 0 0 0 0 0 0 0 0 0 0 0 0 0 0 0 0 0 0
358 358 358 358 357 357 356 355 354 353 352 350 349 346 343 340 336 331 326 321 320 327 336 340 343 348 354 0 9 16 18 17 16 18 20 21 22 23 23 24 25 25 25 24 23 20 17 14 11 10 9 7 7 6 5 4 4 3 3 2 2 2 2 1 1 1 1 1 1 1 1 0 0 0 0 0 0 0 0 0 0 0 0 0 0 0 0 0 0 0 0 0 0 0 0 0
358 358 358 358 357 357 356 355 355 354 353 351 350 348 345 342 339 335 331 326 321 322 326 333 339 348 357 5 11 16 19 19 20 21 21 20 19 19 19 19 19 19 18 18 18 16 14 12 10 9 8 7 6 5 4 4 3 3 2 2 2 2 2 1 1 1 1 1 1 1 1 0 0 0 0 0 0 0 0 0 0 0 0 0 0 0 0 0 0 0 0 0 0 0 0 0
358 358 358 358 357 357 356 356 355 354 353 352 351 349 347 345 342 339 336 332 328 323 320 321 331 344 357 8 15 18 20 22 23 22 20 18 17 16 16 16 15 14 13 13 13 12 11 10 9 8 7 6 5 5 4 4 3 3 2 2 2 2 1 1 1 1 1 1 1 1 1 0 0 0 0 0 0 0 0 0 0 0 0 0 0 0 0 0 0 0 0 0 0 0 0 0
359 358 358 358 357 357 356 356 355 355 354 353 352 350 349 347 345 343 340 337 334 329 323 317 320 335 350 8 16 20 24 25 24 21 18 16 15 14 13 12 11 11 10 10 10 10 9 8 7 7 6 5 5 4 4 3 3 2 2 2 2 2 1 1 1 1 1 1 1 1 0 0 0 0 0 0 0 0 0 0 0 0 0 0 0 0 0 0 0 0 0 0 0 0 0 0
359 358 358 358 357 357 357 356 356 355 354 354 353 351 350 349 347 346 344 341 339 336 332 328 328 331 342 1 14 21 24 24 21 18 15 13 12 11 10 9 8 8 8 8 8 8 7 7 6 6 5 5 4 4 3 3 3 2 2 2 2 2 1 1 1 1 1 1 1 1 0 0 0 0 0 0 0 0 0 0 0 0 0 0 0 0 0 0 0 0 0 0 0 0 0 0
359 358 358 358 358 357 357 356 356 355 355 354 353 353 352 351 349 348 347 345 344 342 341 340 340 341 347 356 8 16 19 19 16 13 11 10 9 8 7 7 7 7 7 7 7 6 6 6 6 5 4 4 4 3 3 3 2 2 2 2 2 1 1 1 1 1 1 1 1 1 0 0 0 0 0 0 0 0 0 0 0 0 0 0 0 0 0 0 0 0 0 0 0 0 0 0
359 358 358 358 358 357 357 357 356 356 355 355 354 354 353 352 351 350 349 349 347 347 346 346 348 350 353 357 3 9 12 13 12 10 8 7 7 7 6 6 6 7 6 6 5 5 5 5 5 4 4 4 3 3 3 2 2 2 2 2 1 1 1 1 1 1 1 1 1 0 0 0 0 0 0 0 0 0 0 0 0 0 0 0 0 0 0 0 0 0 0 0 0 0 0 0
359 359 358 358 358 358 357 357 357 356 356 355 355 354 354 353 353 352 351 351 351 350 350 351 352 353 356 359 1 5 7 8 8 8 7 6 6 6 6 6 6 6 5 5 5 5 4 4 4 4 3 3 3 3 2 2 2 2 2 2 1 1 1 1 1 1 1 1 1 0 0 0 0 0 0 0 0 0 0 0 0 0 0 0 0 0 0 0 0 0 0 0 0 0 0 0
359 359 358 358 358 358 358 357 357 357 356 356 356 355 355 354 354 353 353 353 353 353 353 353 354 355 357 359 1 3 4 5 6 6 5 5 5 5 5 5 5 4 4 4 4 4 4 4 3 3 3 3 3 3 2 2 2 2 2 1 1 1 1 1 1 1 1 1 0 0 0 0 0 0 0 0 0 0 0 0 0 0 0 0 0 0 0 0 0 0 0 0 0 0 0 0
359 359 359 358 358 358 358 358 357 357 357 356 356 356 355 355 355 355 354 354 354 354 355 355 356 357 358 359 0 2 3 4 4 4 4 4 4 4 4 4 4 4 3 3 3 3 3 3 3 3 3 3 2 2 2 2 2 2 1 1 1 1 1 1 1 1 1 1 0 0 0 0 0 0 0 0 0 0 0 0 0 0 0 0 0 0 0 0 0 0 0 0 0 0 0 0
359 359 359 359 358 358 358 358 358 357 357 357 357 356 356 356 356 356 355 355 355 355 356 356 357 357 358 359 0 1 2 2 3 3 3 3 3 3 4 3 3 3 3 3 3 3 3 3 3 3 2 2 2 2 2 2 2 1 1 1 1 1 1 1 1 1 1 0 0 0 0 0 0 0 0 0 0 0 0 0 0 0 0 0 0 0 0 0 0 0 0 0 0 0 0 0
359 359 359 359 359 358 358 358 358 358 357 357 357 357 357 356 356 356 356 356 356 356 357 357 358 358 359 359 0 1 1 2 2 2 3 3 3 3 3 3 3 3 3 3 3 3 3 3 2 2 2 2 2 2 2 2 1 1 1 1 1 1 1 1 1 1 0 0 0 0 0 0 0 0 0 0 0 0 0 0 0 0 0 0 0 0 0 0 0 0 0 0 0 0 0 0
359 359 359 359 359 359 358 358 358 358 358 358 357 357 357 357 357 357 357 357 357 357 357 358 358 358 359 359 0 0 1 1 2 2 2 2 2 2 2 2 2 2 2 2 2 2 2 2 2 2 2 2 2 2 1 1 1 1 1 1 1 1 1 1 1 0 0 0 0 0 0 0 0 0 0 0 0 0 0 0 0 0 0 0 0 0 0 0 0 0 0 0 0 0 0 0
359 359 359 359 359 359 359 358 358 358 358 358 358 358 357 357 357 357 357 358 357 358 358 358 358 359 359 360 360 0 1 1 1 2 2 2 2 2 2 2 2 2 2 2 2 2 2 2 2 2 2 2 2 1 1 1 1 1 1 1 1 1 1 1 0 0 0 0 0 0 0 0 0 0 0 0 0 0 0 0 0 0 0 0 0 0 0 0 0 0 0 0 0 0 0 0
359 359 359 359 359 359 359 359 358 358 358 358 358 358 358 358 358 358 358 358 358 358 358 358 359 359 359 360 360 0 1 1 1 1 1 1 2 2 2 2 2 2 2 2 2 2 2 2 2 2 2 1 1 1 1 1 1 1 1 1 1 1 1 1 0 0 0 0 0 0 0 0 0 0 0 0 0 0 0 0 0 0 0 0 0 0 0 0 0 0 0 0 0 0 0 0
359 359 359 359 359 359 359 359 359 359 358 358 358 358 358 358 358 358 358 358 358 358 359 359 359 359 359 360 360 0 0 1 1 1 1 1 1 1 1 1 2 2 2 2 2 2 2 2 1 1 1 1 1 1 1 1 1 1 1 1 1 1 1 0 0 0 0 0 0 0 0 0 0 0 0 0 0 0 0 0 0 0 0 0 0 0 0 0 0 0 0 0 0 0 0 0
359 359 359 359 359 359 359 359 359 359 359 359 359 358 358 358 358 358 358 359 359 359 359 359 359 359 359 360 360 0 0 0 1 1 1 1 1 1 1 1 1 1 1 1 1 1 1 1 1 1 1 1 1 1 1 1 1 1 1 1 1 1 0 0 0 0 0 0 0 0 0 0 0 0 0 0 0 0 0 0 0 0 0 0 0 0 0 0 0 0 0 0 0 0 0 0
359 359 359 359 359 359 359 359 359 359 359 359 359 359 359 359 359 359 359 359 359 359 359 359 359 359 360 360 360 0 0 0 1 1 1 1 1 1 1 1 1 1 1 1 1 1 1 1 1 1 1 1 1 1 1 1 1 1 1 1 0 0 0 0 0 0 0 0 0 0 0 0 0 0 0 0 0 0 0 0 0 0 0 0 0 0 0 0 0 0 0 0 0 0 0 0
360 359 359 359 359 359 359 359 359 359 359 359 359 359 359 359 359 359 359 359 359 359 359 359 359 359 360 360 360 0 0 0 0 1 1 1 1 1 1 1 1 1 1 1 1 1 1 1 1 1 1 1 1 1 1 1 1 1 1 0 0 0 0 0 0 0 0 0 0 0 0 0 0 0 0 0 0 0 0 0 0 0 0 0 0 0 0 0 0 0 0 0 0 0 0 0
360 360 359 359 359 359 359 359 359 359 359 359 359 359 359 359 359 359 359 359 359 359 359 359 359 360 360 360 360 0 0 0 0 0 1 1 1 1 1 1 1 1 1 1 1 1 1 1 1 1 1 1 1 1 1 1 1 0 0 0 0 0 0 0 0 0 0 0 0 0 0 0 0 0 0 0 0 0 0 0 0 0 0 0 0 0 0 0 0 0 0 0 0 0 0 0
360 360 360 359 359 359 359 359 359 359 359 359 359 359 359 359 359 359 359 359 359 359 359 359 360 360 360 360 360 0 0 0 0 0 0 1 1 1 1 1 1 1 1 1 1 1 1 1 1 1 1 1 1 1 1 0 0 0 0 0 0 0 0 0 0 0 0 0 0 0 0 0 0 0 0 0 0 0 0 0 0 0 0 0 0 0 0 0 0 0 0 0 0 0 0 0
360 360 360 360 360 360 359 359 359 359 359 359 359 359 359 359 359 359 359 359 359 359 359 360 360 360 360 360 360 0 0 0 0 0 0 0 1 1 1 1 1 1 1 1 1 1 1 1 1 1 1 1 1 0 0 0 0 0 0 0 0 0 0 0 0 0 0 0 0 0 0 0 0 0 0 0 0 0 0 0 0 0 0 0 0 0 0 0 0 0 0 0 0 0 0 0
360 360 360 360 360 360 360 359 359 359 359 359 359 359 359 359 359 359 359 359 359 360 360 360 360 360 360 360 360 0 0 0 0 0 0 0 0 0 1 1 1 1 1 1 1 1 1 1 1 1 1 0 0 0 0 0 0 0 0 0 0 0 0 0 0 0 0 0 0 0 0 0 0 0 0 0 0 0 0 0 0 0 0 0 0 0 0 0 0 0 0 0 0 0 0 0
360 360 360 360 360 360 360 360 360 360 359 359 359 359 359 359 359 359 359 360 360 360 360 360 360 360 360 360 360 0 0 0 0 0 0 0 0 0 0 0 0 0 0 1 1 0 0 0 0 0 0 0 0 0 0 0 0 0 0 0 0 0 0 0 0 0 0 0 0 0 0 0 0 0 0 0 0 0 0 0 0 0 0 0 0 0 0 0 0 0 0 0 0 0 0 0
360 360 360 360 360 360 360 360 360 360 360 360 360 360 360 360 360 360 360 360 360 360 360 360 360 360 360 360 360 0 0 0 0 0 0 0 0 0 0 0 0 0 0 0 0 0 0 0 0 0 0 0 0 0 0 0 0 0 0 0 0 0 0 0 0 0 0 0 0 0 0 0 0 0 0 0 0 0 0 0 0 0 0 0 0 0 0 0 0 0 0 0 0 0 0 0
360 360 360 360 360 360 360 360 360 360 360 360 360 360 360 360 360 360 360 360 360 360 360 360 360 360 360 360 360 0 0 0 0 0 0 0 0 0 0 0 0 0 0 0 0 0 0 0 0 0 0 0 0 0 0 0 0 0 0 0 0 0 0 0 0 0 0 0 0 0 0 0 0 0 0 0 0 0 0 0 0 0 0 0 0 0 0 0 0 0 0 0 0 0 0 0
360 360 360 360 360 360 360 360 360 360 360 360 360 360 360 360 360 360 360 360 360 360 360 360 360 360 360 360 360 0 0 0 0 0 0 0 0 0 0 0 0 0 0 0 0 0 0 0 0 0 0 0 0 0 0 0 0 0 0 0 0 0 0 0 0 0 0 0 0 0 0 0 0 0 0 0 0 0 0 0 0 0 0 0 0 0 0 0 0 0 0 0 0 0 0 0
