data/Inchkeith_270_1_25m_ang_mm.asc
ncols	257
nrows	257
xllcorner	3503625.000000
yllcorner	3730350.000000
cellsize	25.000000
NODATA_value	-9999.000000
[rows 0 to 41 of 257, columns 94 to 187 of 257]
257 256 256 255 254 254 253 253 252 251 251 250 249 249 249 248 248 248 248 248 248 248 248 249 249 249 250 251 251 252 253 253 254 255 256 256 257 258 258 259 260 260 260 262 264 267 271 275 279 282 286 290 293 295 297 298 299 300 300 300 299 299 298 296 295 294 293 291 290 289 287 286 285 284 283 282 282 281 280 280 280 279 279 279 278 278 278 278 278 277 277 277 277 276
257 256 256 255 254 254 253 253 252 251 251 250 249 249 249 248 248 248 248 248 248 248 248 249 249 249 250 251 251 252 253 253 254 255 256 256 257 258 258 259 260 260 260 262 264 267 271 275 279 282 286 290 293 295 297 298 299 300 300 300 299 299 298 296 295 294 293 291 290 289 287 286 285 284 283 282 282 281 280 280 280 279 279 279 278 278 278 278 278 277 277 277 277 276
257 256 256 255 254 254 253 253 252 251 251 250 249 249 249 248 248 248 248 248 248 248 248 249 249 249 250 251 251 252 253 253 254 255 256 256 257 258 258 259 260 260 260 262 264 267 271 275 279 282 286 290 293 295 297 298 299 300 300 300 299 299 298 296 295 294 293 291 290 289 287 286 285 284 283 282 282 281 280 280 280 279 279 279 278 278 278 278 278 277 277 277 277 276
256 256 255 255 255 254 254 253 253 252 252 252 251 251 251 251 251 251 251 251 252 252 253 253 254 255 256 257 258 259 260 261 263 264 265 267 268 270 271 272 273 274 274 275 276 278 279 280 282 283 284 285 286 286 287 287 287 287 286 286 285 285 284 283 283 282 281 280 280 279 278 278 277 277 276 276 275 275 275 274 274 274 274 273 273 273 273 272 272 272 272 271 271 271
258 258 258 257 257 257 256 256 256 256 255 255 255 255 255 255 255 255 256 256 256 257 258 258 259 260 261 262 264 265 266 268 269 270 272 273 274 276 277 278 278 279 279 279 280 280 280 281 281 281 281 282 282 282 282 281 281 281 281 280 280 279 279 278 278 277 277 276 276 275 275 275 274 274 273 273 273 272 272 272 272 271 271 271 271 270 270 270 270 269 269 269 269 268
260 259 259 259 259 259 258 258 258 258 258 258 258 258 258 258 258 258 259 259 260 260 261 262 263 264 265 266 267 269 270 271 273 274 275 276 277 278 279 279 280 280 280 280 280 280 280 280 280 279 279 279 279 279 279 278 278 278 277 277 277 276 276 276 275 275 274 274 274 273 273 273 272 272 272 272 271 271 271 271 270 270 270 270 269 269 269 269 268 268 268 268 268 267
261 261 261 261 261 261 261 261 261 261 261 261 261 261 261 261 261 261 262 262 263 263 264 265 266 267 268 269 270 271 272 273 274 275 276 277 278 278 279 279 279 279 279 279 279 279 279 279 278 278 278 278 277 277 277 277 276 276 276 275 275 275 274 274 274 273 273 273 273 272 272 272 271 271 271 271 270 270 270 270 269 269 269 269 269 268 268 268 268 268 267 267 267 267
263 263 263 263 263 263 263 263 263 263 263 263 263 263 263 263 264 264 264 265 265 266 266 267 268 269 270 271 272 273 273 274 275 276 277 277 278 278 278 278 279 279 279 278 278 278 278 278 277 277 277 277 276 276 276 275 275 275 275 274 274 274 273 273 273 273 272 272 272 272 271 271 271 271 270 270 270 270 269 269 269 269 269 268 268 268 268 268 267 267 267 267 267 266
264 264 264 264 265 265 265 265 265 265 265 265 265 266 266 266 266 266 267 267 268 268 269 269 270 271 271 272 273 274 274 275 276 276 277 277 277 278 278 278 278 278 278 278 278 278 277 277 277 276 276 276 276 275 275 275 274 274 274 274 273 273 273 273 272 272 272 272 271 271 271 271 270 270 270 270 270 269 269 269 269 269 268 268 268 268 268 267 267 267 267 267 266 266
266 266 266 266 266 267 267 267 267 267 267 267 268 268 268 268 268 269 269 269 270 270 271 271 272 272 273 273 274 274 275 275 276 276 277 277 277 277 277 277 277 277 277 277 277 277 277 276 276 276 276 275 275 275 274 274 274 274 273 273 273 273 272 272 272 272 271 271 271 271 271 270 270 270 270 270 269 269 269 269 269 268 268 268 268 268 267 267 267 267 267 267 266 266
267 267 268 268 268 268 269 269 269 269 269 270 270 270 270 270 271 271 271 271 272 272 272 273 273 273 274 274 275 275 275 276 276 276 276 276 277 277 277 277 277 277 277 276 276 276 276 276 275 275 275 275 274 274 274 274 273 273 273 273 272 272 272 272 272 271 271 271 271 271 270 270 270 270 270 269 269 269 269 269 269 268 268 268 268 268 267 267 267 267 267 267 266 266
268 268 269 269 269 270 270 270 271 271 271 271 272 272 272 272 272 272 273 273 273 273 273 274 274 274 274 275 275 275 275 276 276 276 276 276 276 276 276 276 276 276 276 276 276 276 275 275 275 275 275 274 274 274 274 273 273 273 273 272 272 272 272 272 271 271 271 271 271 271 270 270 270 270 270 269 269 269 269 269 269 268 268 268 268 268 267 267 267 267 267 267 266 266
269 270 270 270 271 271 272 272 272 272 273 273 273 273 273 274 274 274 274 274 274 274 274 274 275 275 275 275 275 275 276 276 276 276 276 276 276 276 276 276 276 276 276 276 275 275 275 275 275 274 274 274 274 274 273 273 273 273 273 272 272 272 272 272 271 271 271 271 271 271 270 270 270 270 270 269 269 269 269 269 269 268 268 268 268 268 268 267 267 267 267 267 267 266
270 271 271 272 272 272 273 273 273 274 274 274 274 274 275 275 275 275 275 275 275 275 275 275 275 275 275 275 275 275 276 276 276 276 276 276 276 276 276 275 275 275 275 275 275 275 275 274 274 274 274 274 273 273 273 273 273 272 272 272 272 272 272 271 271 271 271 271 271 270 270 270 270 270 270 270 269 269 269 269 269 269 268 268 268 268 268 268 267 267 267 267 267 267
271 271 272 272 273 273 274 274 274 275 275 275 275 275 275 276 276 276 276 276 276 276 276 276 276 276 275 275 275 275 275 275 275 275 275 275 275 275 275 275 275 275 275 275 274 274 274 274 274 274 273 273 273 273 273 273 272 272 272 272 272 272 271 271 271 271 271 271 271 270 270 270 270 270 270 270 269 269 269 269 269 269 268 268 268 268 268 268 268 267 267 267 267 267
271 272 273 273 274 274 275 275 275 276 276 276 276 276 276 276 276 276 276 276 276 276 276 276 276 276 276 276 275 275 275 275 275 275 275 275 275 275 275 275 274 274 274 274 274 274 274 274 273 273 273 273 273 273 273 272 272 272 272 272 272 272 271 271 271 271 271 271 271 270 270 270 270 270 270 270 269 269 269 269 269 269 269 268 268 268 268 268 268 268 268 267 267 267
272 273 273 274 274 275 275 276 276 276 276 277 277 277 277 277 277 277 277 277 277 276 276 276 276 276 276 276 275 275 275 275 275 275 275 275 274 274 274 274 274 274 274 274 274 274 273 273 273 273 273 273 273 272 272 272 272 272 272 272 272 271 271 271 271 271 271 271 271 270 270 270 270 270 270 270 270 269 269 269 269 269 269 269 269 268 268 268 268 268 268 268 268 268
273 274 274 275 275 276 276 276 277 277 277 277 277 277 277 277 277 277 277 277 277 277 277 276 276 276 276 276 275 275 275 275 275 275 274 274 274 274 274 274 274 274 273 273 273 273 273 273 273 273 273 272 272 272 272 272 272 272 272 272 271 271 271 271 271 271 271 271 271 270 270 270 270 270 270 270 270 270 269 269 269 269 269 269 269 269 268 268 268 268 268 268 268 268
274 274 275 275 276 276 277 277 277 277 278 278 278 278 278 278 278 278 277 277 277 277 277 276 276 276 276 276 275 275 275 275 275 274 274 274 274 274 274 273 273 273 273 273 273 273 273 272 272 272 272 272 272 272 272 272 272 271 271 271 271 271 271 271 271 271 271 271 270 270 270 270 270 270 270 270 270 270 269 269 269 269 269 269 269 269 269 269 268 268 268 268 268 268
274 275 275 276 276 277 277 277 278 278 278 278 278 278 278 278 278 278 278 278 277 277 277 277 276 276 276 276 275 275 275 275 274 274 274 274 274 273 273 273 273 273 273 273 272 272 272 272 272 272 272 272 272 272 271 271 271 271 271 271 271 271 271 271 271 271 271 270 270 270 270 270 270 270 270 270 270 270 270 269 269 269 269 269 269 269 269 269 269 269 268 268 268 268
275 275 276 276 277 277 278 278 278 278 278 279 279 279 279 278 278 278 278 278 278 277 277 277 276 276 276 276 275 275 275 274 274 274 274 274 273 273 273 273 273 272 272 272 272 272 272 272 272 272 272 271 271 271 271 271 271 271 271 271 271 271 271 271 271 271 270 270 270 270 270 270 270 270 270 270 270 270 270 270 269 269 269 269 269 269 269 269 269 269 269 269 269 269
275 276 276 277 277 278 278 278 279 279 279 279 279 279 279 279 279 278 278 278 278 277 277 277 277 276 276 276 275 275 275 274 274 274 274 273 273 273 273 273 272 272 272 272 272 272 272 271 271 271 271 271 271 271 271 271 271 271 271 271 271 271 270 270 270 270 270 270 270 270 270 270 270 270 270 270 270 270 270 270 270 269 269 269 269 269 269 269 269 269 269 269 269 269
275 276 276 277 277 278 278 279 279 279 279 279 279 279 279 279 279 278 278 278 278 277 277 277 277 276 276 276 275 275 275 274 274 274 273 273 273 273 272 272 272 272 272 272 271 271 271 271 271 271 271 271 271 271 271 270 270 270 270 270 270 270 270 270 270 270 270 270 270 270 270 270 270 270 270 270 270 270 270 270 270 269 269 269 269 269 269 269 269 269 269 269 269 269
276 276 277 277 278 278 278 279 279 279 279 279 279 279 279 279 279 279 278 278 278 277 277 277 277 276 276 276 275 275 275 274 274 274 273 273 273 272 272 272 272 272 271 271 271 271 271 271 271 271 270 270 270 270 270 270 270 270 270 270 270 270 270 270 270 270 270 270 270 270 270 270 270 270 270 270 270 270 270 270 270 269 269 269 269 269 269 269 269 269 269 269 269 269
276 276 277 277 278 278 279 279 279 279 279 279 279 279 279 279 279 279 278 278 278 278 277 277 277 276 276 276 275 275 274 274 274 273 273 273 272 272 272 272 271 271 271 271 271 271 270 270 270 270 270 270 270 270 270 270 270 270 270 270 270 270 270 270 270 270 270 270 270 270 270 270 270 270 270 270 270 270 270 270 270 270 270 270 269 269 269 269 269 269 269 269 269 269
276 277 277 278 278 278 279 279 279 279 279 279 279 279 279 279 279 279 278 278 278 278 277 277 277 276 276 275 275 275 274 274 274 273 273 273 272 272 272 271 271 271 271 271 270 270 270 270 270 270 270 270 270 270 270 269 269 269 269 269 269 269 269 269 269 269 269 269 269 269 269 269 269 269 269 269 269 269 270 270 270 270 270 270 270 270 270 270 270 270 270 270 270 270
276 277 277 278 278 278 279 279 279 279 279 279 279 279 279 279 279 279 278 278 278 277 277 277 276 276 276 275 275 275 274 274 273 273 273 272 272 272 271 271 271 271 270 270 270 270 270 270 270 269 269 269 269 269 269 269 269 269 269 269 269 269 269 269 269 269 269 269 269 269 269 269 269 269 269 269 269 269 269 269 269 269 269 269 269 269 270 270 270 270 270 270 270 270
277 277 277 278 278 278 279 279 279 279 279 279 279 279 279 279 279 279 278 278 278 277 277 277 276 276 276 275 275 274 274 274 273 273 273 272 272 272 271 271 271 270 270 270 270 270 269 269 269 269 269 269 269 269 269 269 269 269 269 269 269 269 269 269 269 269 269 269 269 269 269 269 269 269 269 269 269 269 269 269 269 269 269 269 269 270 270 270 270 270 270 270 270 270
277 277 278 278 278 278 279 279 279 279 279 279 279 279 279 279 279 278 278 278 278 277 277 277 276 276 275 275 275 274 274 273 273 273 272 272 272 271 271 271 270 270 270 269 269 269 269 269 269 269 268 268 268 268 268 268 268 268 268 268 268 268 268 268 268 268 269 269 269 269 269 269 269 269 269 269 269 269 269 269 269 269 269 269 269 270 270 270 270 270 270 270 270 270
277 277 278 278 278 279 279 279 279 279 279 279 279 279 279 279 278 278 278 278 277 277 277 276 276 276 275 275 274 274 274 273 273 272 272 272 271 271 271 270 270 270 269 269 269 269 269 268 268 268 268 268 268 268 268 268 268 268 268 268 268 268 268 268 268 268 268 268 268 268 268 268 269 269 269 269 269 269 269 269 269 269 269 269 269 269 270 270 270 270 270 270 270 270
277 277 278 278 278 278 279 279 279 279 279 279 279 279 279 278 278 278 278 277 277 277 276 276 276 275 275 274 274 274 273 273 272 272 272 271 271 271 270 270 270 269 269 269 269 268 268 268 268 268 268 268 268 268 268 268 268 268 268 268 268 268 268 268 268 268 268 268 268 268 268 268 268 268 268 268 269 269 269 269 269 269 269 269 269 269 269 270 270 270 270 270 270 270
277 277 278 278 278 278 279 279 279 279 279 279 279 279 278 278 278 278 277 277 277 276 276 276 275 275 275 274 274 273 273 273 272 272 271 271 271 270 270 270 269 269 269 268 268 268 268 268 268 267 267 267 267 267 267 267 267 267 267 267 267 267 267 267 267 268 268 268 268 268 268 268 268 268 268 268 268 268 269 269 269 269 269 269 269 269 269 270 270 270 270 270 270 270
277 277 278 278 278 278 278 279 279 279 279 279 278 278 278 278 278 277 277 277 277 276 276 275 275 275 274 274 274 273 273 272 272 272 271 271 270 270 270 269 269 269 268 268 268 268 268 267 267 267 267 267 267 267 267 267 267 267 267 267 267 267 267 267 267 267 267 267 267 267 268 268 268 268 268 268 268 268 268 268 269 269 269 269 269 269 269 270 270 270 270 270 270 270
277 277 278 278 278 278 278 278 278 278 278 278 278 278 278 278 277 277 277 277 276 276 276 275 275 274 274 274 273 273 273 272 272 271 271 271 270 270 269 269 269 268 268 268 268 268 267 267 267 267 267 267 267 267 267 267 267 267 267 267 267 267 267 267 267 267 267 267 267 267 267 267 268 268 268 268 268 268 268 268 268 269 269 269 269 269 269 270 270 270 270 270 270 270
277 277 278 278 278 278 278 278 278 278 278 278 278 278 278 277 277 277 277 276 276 276 275 275 275 274 274 273 273 273 272 272 271 271 271 270 270 270 269 269 269 268 268 268 268 267 267 267 267 267 267 267 267 266 266 266 266 266 266 266 266 266 267 267 267 267 267 267 267 267 267 267 267 267 267 268 268 268 268 268 268 268 269 269 269 269 269 269 270 270 270 270 270 271
277 277 277 278 278 278 278 278 278 278 278 278 278 277 277 277 277 276 276 276 276 275 275 275 274 274 273 273 273 272 272 272 271 271 270 270 270 269 269 269 268 268 268 268 267 267 267 267 267 267 267 266 266 266 266 266 266 266 266 266 266 266 266 266 266 266 267 267 267 267 267 267 267 267 267 267 268 268 268 268 268 268 268 269 269 269 269 269 270 270 270 270 270 271
277 277 277 277 277 278 278 278 278 278 277 277 277 277 277 277 276 276 276 276 275 275 275 274 274 274 273 273 273 272 272 271 271 271 270 270 270 269 269 269 268 268 268 268 267 267 267 267 267 267 266 266 266 266 266 266 266 266 266 266 266 266 266 266 266 266 266 266 267 267 267 267 267 267 267 267 267 268 268 268 268 268 268 269 269 269 269 269 270 270 270 270 271 271
277 277 277 277 277 277 277 277 277 277 277 277 277 277 277 276 276 276 276 275 275 275 274 274 274 273 273 273 272 272 272 271 271 271 270 270 270 269 269 269 268 268 268 268 267 267 267 267 267 267 266 266 266 266 266 266 266 266 266 266 266 266 266 266 266 266 266 266 267 267 267 267 267 267 267 267 267 268 268 268 268 268 268 269 269 269 269 269 270 270 270 270 271 271
277 277 277 277 277 277 277 277 277 277 277 277 277 276 276 276 276 276 275 275 275 274 274 274 273 273 273 272 272 272 271 271 271 270 270 270 269 269 269 269 268 268 268 268 267 267 267 267 267 267 267 266 266 266 266 266 266 266 266 266 266 266 266 266 266 266 266 267 267 267 267 267 267 267 267 267 267 268 268 268 268 268 268 269 269 269 269 269 270 270 270 270 271 271
276 277 277 277 277 277 277 277 277 277 277 276 276 276 276 276 276 275 275 275 274 274 274 274 273 273 273 272 272 272 271 271 271 270 270 270 269 269 269 269 268 268 268 268 267 267 267 267 267 267 267 266 266 266 266 266 266 266 266 266 266 266 266 266 266 266 266 267 267 267 267 267 267 267 267 267 267 268 268 268 268 268 268 269 269 269 269 269 270 270 270 270 271 271
276 276 276 276 277 277 277 277 276 276 276 276 276 276 276 275 275 275 275 274 274 274 274 273 273 273 272 272 272 272 271 271 271 270 270 270 269 269 269 269 268 268 268 268 268 267 267 267 267 267 267 267 267 266 266 266 266 266 266 266 266 266 266 266 266 266 266 267 267 267 267 267 267 267 267 267 267 268 268 268 268 268 268 269 269 269 269 270 270 270 270 271 271 271
276 276 276 276 276 276 276 276 276 276 276 276 276 276 275 275 275 275 275 274 274 274 273 273 273 273 272 272 272 272 271 271 271 270 270 270 269 269 269 269 268 268 268 268 268 267 267 267 267 267 267 267 267 267 267 266 266 266 266 266 266 266 266 266 267 267 267 267 267 267 267 267 267 267 267 267 268 268 268 268 268 268 268 269 269 269 269 270 270 270 270 271 271 271
