data/NorthBerwickLaw_0_1_25m_vel.asc
ncols	257
nrows	257
xllcorner	3503625.000000
yllcorner	3730350.000000
cellsize	25.000000
NODATA_value	-1.000000
[rows 76 to 113 of 257, columns 168 to 251 of 257]
2.70 2.70 2.70 2.69 2.69 2.69 2.69 2.69 2.69 2.69 2.69 2.68 2.68 2.68 2.68 2.67 2.67 2.67 2.67 2.67 2.66 2.66 2.66 2.66 2.66 2.66 2.66 2.65 2.65 2.65 2.65 2.66 2.66 2.66 2.66 2.66 2.66 2.66 2.66 2.66 2.66 2.66 2.66 2.66 2.66 2.66 2.66 2.66 2.66 2.66 2.66 2.66 2.66 2.67 2.67 2.67 2.68 2.68 2.68 2.68 2.69 2.69 2.69 2.69 2.69 2.69 2.70 2.70 2.70 2.70 2.70 2.70 2.70 2.70 2.70 2.70 2.70 2.70 2.70 2.70 2.70 2.70 2.70 2.70
2.69 2.69 2.69 2.69 2.69 2.69 2.69 2.69 2.69 2.68 2.68 2.68 2.68 2.67 2.67 2.67 2.67 2.66 2.66 2.66 2.65 2.65 2.65 2.65 2.65 2.65 2.64 2.64 2.64 2.64 2.64 2.64 2.64 2.65 2.65 2.65 2.65 2.65 2.65 2.65 2.65 2.65 2.65 2.65 2.65 2.65 2.65 2.65 2.65 2.65 2.65 2.65 2.66 2.66 2.66 2.67 2.67 2.67 2.68 2.68 2.68 2.68 2.69 2.69 2.69 2.69 2.70 2.70 2.70 2.70 2.70 2.70 2.70 2.70 2.70 2.70 2.70 2.70 2.70 2.70 2.70 2.70 2.70 2.70
2.69 2.69 2.69 2.69 2.69 2.69 2.69 2.69 2.68 2.68 2.68 2.68 2.67 2.67 2.67 2.66 2.66 2.65 2.65 2.65 2.64 2.64 2.64 2.64 2.63 2.63 2.63 2.63 2.63 2.63 2.63 2.63 2.63 2.64 2.64 2.64 2.64 2.64 2.64 2.64 2.64 2.64 2.63 2.64 2.64 2.63 2.63 2.63 2.64 2.64 2.64 2.64 2.65 2.65 2.65 2.66 2.66 2.67 2.67 2.68 2.68 2.68 2.68 2.69 2.69 2.69 2.69 2.69 2.70 2.70 2.70 2.70 2.70 2.70 2.70 2.70 2.70 2.70 2.70 2.70 2.70 2.70 2.70 2.70
2.69 2.69 2.69 2.69 2.69 2.69 2.68 2.68 2.68 2.68 2.67 2.67 2.67 2.66 2.66 2.66 2.65 2.65 2.64 2.64 2.63 2.63 2.62 2.62 2.62 2.62 2.61 2.61 2.61 2.61 2.62 2.62 2.62 2.62 2.62 2.62 2.62 2.62 2.62 2.62 2.62 2.62 2.62 2.62 2.62 2.62 2.62 2.62 2.62 2.62 2.63 2.63 2.63 2.64 2.64 2.65 2.65 2.66 2.66 2.67 2.67 2.68 2.68 2.68 2.69 2.69 2.69 2.69 2.69 2.70 2.70 2.70 2.70 2.70 2.70 2.70 2.70 2.70 2.70 2.70 2.70 2.70 2.70 2.70
2.69 2.69 2.69 2.68 2.68 2.68 2.68 2.68 2.67 2.67 2.67 2.67 2.66 2.66 2.65 2.65 2.64 2.63 2.62 2.62 2.61 2.61 2.60 2.60 2.60 2.59 2.59 2.59 2.59 2.59 2.59 2.60 2.60 2.60 2.61 2.61 2.61 2.61 2.61 2.61 2.61 2.61 2.61 2.61 2.60 2.60 2.60 2.60 2.60 2.60 2.60 2.61 2.62 2.62 2.63 2.63 2.64 2.65 2.66 2.66 2.67 2.67 2.68 2.68 2.68 2.69 2.69 2.69 2.69 2.69 2.70 2.70 2.70 2.70 2.70 2.70 2.70 2.70 2.70 2.70 2.70 2.70 2.70 2.70
2.68 2.68 2.68 2.68 2.68 2.68 2.68 2.67 2.67 2.67 2.67 2.66 2.65 2.65 2.64 2.63 2.63 2.62 2.61 2.60 2.59 2.59 2.58 2.57 2.56 2.56 2.56 2.56 2.56 2.56 2.57 2.57 2.58 2.58 2.59 2.59 2.59 2.59 2.59 2.59 2.59 2.59 2.58 2.58 2.58 2.58 2.57 2.57 2.57 2.58 2.58 2.58 2.59 2.60 2.61 2.62 2.63 2.64 2.64 2.65 2.66 2.67 2.67 2.68 2.68 2.68 2.69 2.69 2.69 2.69 2.69 2.70 2.70 2.70 2.70 2.70 2.70 2.70 2.70 2.70 2.70 2.70 2.70 2.70
2.68 2.68 2.68 2.68 2.67 2.67 2.67 2.67 2.67 2.66 2.66 2.65 2.65 2.64 2.63 2.62 2.61 2.60 2.59 2.57 2.56 2.54 2.53 2.52 2.52 2.51 2.51 2.51 2.51 2.52 2.54 2.55 2.55 2.56 2.56 2.56 2.57 2.57 2.57 2.57 2.57 2.56 2.56 2.56 2.55 2.55 2.54 2.54 2.54 2.54 2.54 2.55 2.56 2.57 2.58 2.60 2.61 2.63 2.64 2.65 2.66 2.66 2.67 2.67 2.68 2.68 2.68 2.69 2.69 2.69 2.69 2.69 2.70 2.70 2.70 2.70 2.70 2.70 2.70 2.70 2.70 2.70 2.70 2.70
2.67 2.67 2.67 2.67 2.67 2.67 2.67 2.66 2.66 2.66 2.65 2.65 2.64 2.63 2.62 2.60 2.58 2.56 2.54 2.52 2.50 2.48 2.47 2.46 2.45 2.44 2.41 2.39 2.42 2.45 2.48 2.50 2.51 2.52 2.53 2.54 2.54 2.54 2.54 2.54 2.54 2.53 2.53 2.52 2.51 2.50 2.49 2.49 2.48 2.48 2.48 2.49 2.51 2.53 2.55 2.57 2.59 2.61 2.63 2.64 2.65 2.66 2.66 2.67 2.67 2.68 2.68 2.68 2.69 2.69 2.69 2.69 2.69 2.70 2.70 2.70 2.70 2.70 2.70 2.70 2.70 2.70 2.70 2.70
2.67 2.67 2.67 2.67 2.66 2.66 2.66 2.66 2.66 2.66 2.65 2.64 2.63 2.61 2.58 2.56 2.53 2.50 2.47 2.45 2.41 2.37 2.35 2.33 2.32 2.31 2.30 2.28 2.30 2.34 2.39 2.43 2.45 2.47 2.49 2.50 2.50 2.50 2.50 2.49 2.49 2.48 2.47 2.45 2.44 2.41 2.39 2.39 2.39 2.39 2.40 2.41 2.43 2.46 2.50 2.54 2.57 2.59 2.61 2.63 2.64 2.65 2.66 2.66 2.67 2.68 2.68 2.68 2.68 2.69 2.69 2.69 2.69 2.69 2.70 2.70 2.70 2.70 2.70 2.70 2.70 2.70 2.70 2.70
2.66 2.66 2.66 2.66 2.66 2.66 2.66 2.66 2.65 2.65 2.64 2.62 2.60 2.57 2.54 2.50 2.47 2.42 2.36 2.31 2.27 2.26 2.25 2.24 2.24 2.28 2.35 2.38 2.37 2.33 2.31 2.31 2.33 2.35 2.39 2.41 2.43 2.43 2.43 2.43 2.42 2.41 2.38 2.34 2.31 2.30 2.28 2.26 2.22 2.18 2.18 2.21 2.25 2.31 2.40 2.48 2.54 2.58 2.60 2.62 2.63 2.64 2.65 2.66 2.66 2.67 2.67 2.68 2.68 2.68 2.69 2.69 2.69 2.69 2.69 2.69 2.70 2.70 2.70 2.70 2.70 2.70 2.70 2.70
2.65 2.65 2.65 2.65 2.65 2.65 2.65 2.65 2.64 2.63 2.62 2.60 2.57 2.52 2.46 2.39 2.34 2.30 2.25 2.19 2.20 2.28 2.36 2.43 2.48 2.53 2.59 2.62 2.59 2.48 2.37 2.28 2.25 2.26 2.28 2.29 2.31 2.32 2.34 2.35 2.33 2.29 2.26 2.24 2.25 2.26 2.26 2.23 2.18 2.12 2.10 2.11 2.13 2.19 2.32 2.44 2.51 2.56 2.59 2.61 2.62 2.64 2.64 2.65 2.66 2.67 2.67 2.68 2.68 2.68 2.68 2.69 2.69 2.69 2.69 2.69 2.69 2.69 2.70 2.70 2.70 2.70 2.70 2.70
2.64 2.64 2.64 2.64 2.64 2.64 2.64 2.63 2.63 2.62 2.61 2.60 2.57 2.52 2.44 2.35 2.27 2.26 2.33 2.41 2.50 2.59 2.68 2.74 2.79 2.81 2.79 2.75 2.72 2.66 2.60 2.53 2.47 2.41 2.33 2.25 2.21 2.19 2.17 2.16 2.17 2.19 2.24 2.33 2.39 2.42 2.43 2.44 2.48 2.52 2.51 2.47 2.44 2.43 2.42 2.43 2.47 2.52 2.56 2.59 2.61 2.63 2.64 2.65 2.65 2.66 2.67 2.67 2.68 2.68 2.68 2.68 2.69 2.69 2.69 2.69 2.69 2.69 2.69 2.69 2.70 2.70 2.70 2.70
2.64 2.64 2.63 2.63 2.63 2.63 2.63 2.62 2.62 2.61 2.60 2.59 2.59 2.59 2.60 2.61 2.60 2.61 2.71 2.87 2.95 2.97 2.95 2.93 2.89 2.86 2.82 2.78 2.77 2.78 2.79 2.78 2.73 2.65 2.54 2.39 2.26 2.13 2.06 2.07 2.16 2.31 2.44 2.54 2.59 2.63 2.66 2.71 2.78 2.85 2.88 2.87 2.84 2.77 2.63 2.46 2.41 2.46 2.53 2.58 2.61 2.62 2.63 2.64 2.65 2.65 2.66 2.67 2.67 2.67 2.68 2.68 2.68 2.68 2.69 2.69 2.69 2.69 2.69 2.69 2.69 2.70 2.70 2.70
2.62 2.62 2.62 2.62 2.62 2.61 2.61 2.61 2.60 2.60 2.60 2.60 2.61 2.67 2.78 2.90 3.00 3.05 3.07 3.07 3.04 3.01 2.96 2.91 2.86 2.81 2.79 2.78 2.78 2.78 2.78 2.77 2.74 2.70 2.66 2.58 2.46 2.35 2.31 2.38 2.49 2.59 2.65 2.67 2.68 2.70 2.74 2.78 2.82 2.84 2.85 2.86 2.84 2.80 2.72 2.58 2.45 2.45 2.52 2.57 2.59 2.61 2.62 2.63 2.64 2.65 2.66 2.66 2.67 2.67 2.67 2.68 2.68 2.68 2.68 2.69 2.69 2.69 2.69 2.69 2.69 2.69 2.70 2.70
2.61 2.61 2.61 2.61 2.60 2.60 2.59 2.59 2.59 2.58 2.58 2.60 2.63 2.69 2.78 2.88 2.97 3.02 3.01 2.96 2.90 2.86 2.83 2.81 2.80 2.78 2.76 2.75 2.75 2.75 2.73 2.70 2.67 2.66 2.65 2.66 2.67 2.70 2.74 2.78 2.80 2.77 2.74 2.72 2.74 2.75 2.75 2.75 2.76 2.75 2.75 2.74 2.72 2.70 2.70 2.68 2.62 2.57 2.55 2.56 2.57 2.59 2.61 2.63 2.64 2.64 2.65 2.66 2.66 2.67 2.67 2.67 2.67 2.68 2.68 2.68 2.68 2.68 2.69 2.69 2.69 2.69 2.69 2.70
2.59 2.60 2.59 2.59 2.58 2.58 2.57 2.56 2.56 2.55 2.53 2.53 2.57 2.62 2.67 2.70 2.72 2.75 2.76 2.76 2.75 2.74 2.73 2.73 2.73 2.73 2.73 2.73 2.73 2.73 2.71 2.69 2.66 2.65 2.64 2.65 2.71 2.82 2.91 2.92 2.87 2.80 2.76 2.75 2.76 2.78 2.77 2.75 2.72 2.71 2.71 2.70 2.68 2.65 2.63 2.63 2.62 2.60 2.56 2.54 2.55 2.58 2.60 2.62 2.63 2.64 2.64 2.65 2.65 2.66 2.66 2.67 2.67 2.67 2.67 2.68 2.68 2.68 2.68 2.68 2.69 2.69 2.69 2.69
2.57 2.57 2.56 2.56 2.55 2.54 2.53 2.52 2.51 2.51 2.49 2.47 2.50 2.53 2.54 2.54 2.55 2.56 2.59 2.61 2.63 2.65 2.66 2.67 2.67 2.68 2.69 2.69 2.69 2.68 2.67 2.67 2.67 2.67 2.68 2.70 2.76 2.83 2.88 2.86 2.81 2.77 2.75 2.73 2.72 2.70 2.71 2.71 2.69 2.67 2.66 2.64 2.62 2.60 2.57 2.54 2.50 2.45 2.39 2.42 2.51 2.57 2.59 2.60 2.62 2.63 2.64 2.64 2.65 2.65 2.66 2.66 2.66 2.67 2.67 2.67 2.67 2.68 2.68 2.68 2.68 2.69 2.69 2.69
2.53 2.53 2.52 2.52 2.51 2.50 2.49 2.47 2.43 2.40 2.42 2.46 2.50 2.49 2.47 2.47 2.47 2.49 2.52 2.55 2.58 2.61 2.63 2.65 2.66 2.66 2.67 2.67 2.66 2.65 2.66 2.68 2.71 2.74 2.79 2.85 2.91 2.93 2.88 2.81 2.78 2.77 2.75 2.72 2.67 2.63 2.63 2.64 2.63 2.61 2.59 2.57 2.56 2.56 2.55 2.54 2.52 2.43 2.35 2.44 2.52 2.54 2.56 2.59 2.60 2.62 2.63 2.63 2.64 2.65 2.65 2.65 2.66 2.66 2.66 2.66 2.67 2.67 2.67 2.68 2.68 2.68 2.69 2.69
2.47 2.47 2.46 2.45 2.44 2.42 2.40 2.39 2.36 2.35 2.38 2.45 2.50 2.50 2.50 2.50 2.51 2.52 2.54 2.57 2.59 2.61 2.63 2.65 2.67 2.67 2.67 2.67 2.68 2.69 2.72 2.76 2.80 2.85 2.92 2.99 3.03 3.01 2.94 2.87 2.84 2.82 2.79 2.74 2.70 2.66 2.64 2.62 2.60 2.58 2.57 2.57 2.58 2.59 2.61 2.63 2.65 2.62 2.55 2.49 2.47 2.49 2.54 2.57 2.59 2.61 2.62 2.63 2.63 2.63 2.64 2.64 2.65 2.65 2.65 2.65 2.66 2.66 2.66 2.67 2.67 2.68 2.68 2.69
2.44 2.43 2.42 2.40 2.39 2.36 2.35 2.36 2.40 2.45 2.48 2.50 2.52 2.54 2.55 2.56 2.57 2.58 2.59 2.60 2.62 2.63 2.64 2.65 2.67 2.68 2.69 2.70 2.72 2.75 2.78 2.82 2.86 2.92 2.98 3.03 3.04 3.00 2.96 2.93 2.91 2.87 2.83 2.79 2.76 2.74 2.71 2.68 2.66 2.66 2.67 2.68 2.70 2.72 2.73 2.73 2.73 2.72 2.58 2.34 2.30 2.41 2.50 2.55 2.58 2.60 2.61 2.62 2.62 2.63 2.63 2.63 2.64 2.64 2.64 2.65 2.65 2.65 2.66 2.66 2.67 2.67 2.67 2.68
2.48 2.46 2.44 2.43 2.42 2.41 2.41 2.42 2.47 2.52 2.56 2.58 2.58 2.59 2.60 2.60 2.61 2.62 2.62 2.63 2.64 2.65 2.66 2.67 2.67 2.68 2.69 2.71 2.73 2.76 2.79 2.83 2.87 2.91 2.95 2.96 2.93 2.91 2.91 2.91 2.91 2.89 2.86 2.84 2.82 2.81 2.79 2.77 2.78 2.79 2.81 2.82 2.82 2.82 2.80 2.78 2.76 2.74 2.70 2.56 2.34 2.35 2.44 2.52 2.56 2.58 2.59 2.60 2.61 2.62 2.62 2.62 2.63 2.63 2.63 2.64 2.64 2.64 2.65 2.65 2.66 2.66 2.67 2.67
2.51 2.48 2.46 2.45 2.44 2.45 2.46 2.47 2.49 2.52 2.55 2.59 2.62 2.64 2.66 2.67 2.67 2.67 2.67 2.67 2.67 2.68 2.68 2.68 2.69 2.69 2.70 2.71 2.73 2.76 2.79 2.81 2.84 2.86 2.87 2.84 2.81 2.82 2.85 2.87 2.87 2.88 2.88 2.88 2.88 2.88 2.86 2.86 2.87 2.88 2.87 2.86 2.84 2.83 2.83 2.82 2.80 2.79 2.84 2.85 2.70 2.47 2.43 2.47 2.52 2.55 2.57 2.59 2.60 2.60 2.60 2.61 2.61 2.62 2.62 2.62 2.62 2.63 2.64 2.64 2.65 2.65 2.66 2.67
2.48 2.45 2.43 2.42 2.43 2.44 2.47 2.49 2.51 2.54 2.57 2.61 2.65 2.68 2.71 2.73 2.73 2.72 2.71 2.71 2.71 2.70 2.70 2.70 2.70 2.70 2.71 2.73 2.74 2.76 2.78 2.80 2.81 2.81 2.80 2.78 2.77 2.79 2.82 2.84 2.85 2.86 2.88 2.90 2.91 2.92 2.92 2.92 2.90 2.87 2.84 2.82 2.81 2.81 2.82 2.83 2.83 2.82 2.82 2.84 2.84 2.70 2.49 2.43 2.48 2.53 2.56 2.57 2.58 2.58 2.59 2.59 2.59 2.60 2.60 2.61 2.61 2.61 2.62 2.63 2.63 2.64 2.65 2.66
2.45 2.44 2.43 2.44 2.47 2.50 2.54 2.57 2.60 2.63 2.66 2.69 2.72 2.74 2.75 2.75 2.74 2.74 2.74 2.73 2.72 2.72 2.71 2.70 2.70 2.71 2.72 2.73 2.74 2.75 2.76 2.77 2.78 2.77 2.76 2.75 2.75 2.76 2.78 2.80 2.82 2.84 2.86 2.88 2.89 2.90 2.92 2.91 2.88 2.83 2.80 2.79 2.79 2.80 2.82 2.83 2.83 2.82 2.80 2.79 2.81 2.78 2.61 2.45 2.42 2.48 2.53 2.54 2.55 2.56 2.57 2.57 2.58 2.58 2.58 2.58 2.59 2.60 2.60 2.61 2.62 2.63 2.64 2.65
2.46 2.47 2.50 2.53 2.57 2.62 2.66 2.70 2.73 2.75 2.77 2.78 2.78 2.78 2.77 2.76 2.75 2.75 2.74 2.73 2.72 2.72 2.71 2.71 2.72 2.73 2.74 2.74 2.75 2.76 2.76 2.76 2.76 2.75 2.74 2.73 2.73 2.73 2.75 2.76 2.78 2.80 2.82 2.83 2.85 2.85 2.85 2.84 2.83 2.81 2.80 2.79 2.78 2.78 2.80 2.82 2.83 2.82 2.80 2.78 2.77 2.79 2.76 2.61 2.47 2.45 2.48 2.51 2.53 2.54 2.54 2.54 2.55 2.56 2.56 2.56 2.56 2.57 2.58 2.59 2.60 2.61 2.62 2.64
2.50 2.55 2.59 2.64 2.69 2.74 2.78 2.82 2.84 2.85 2.85 2.84 2.82 2.81 2.79 2.78 2.77 2.76 2.75 2.74 2.73 2.73 2.73 2.73 2.74 2.75 2.77 2.78 2.78 2.78 2.77 2.76 2.75 2.73 2.72 2.71 2.71 2.71 2.73 2.74 2.76 2.77 2.78 2.80 2.81 2.81 2.81 2.81 2.81 2.81 2.80 2.79 2.78 2.77 2.78 2.80 2.82 2.81 2.79 2.76 2.75 2.76 2.78 2.76 2.64 2.51 2.45 2.47 2.49 2.50 2.50 2.51 2.51 2.52 2.52 2.53 2.54 2.54 2.55 2.56 2.57 2.59 2.60 2.62
2.60 2.66 2.72 2.77 2.81 2.85 2.88 2.90 2.91 2.91 2.89 2.87 2.85 2.83 2.81 2.80 2.79 2.78 2.77 2.76 2.75 2.75 2.75 2.75 2.76 2.77 2.78 2.79 2.79 2.79 2.78 2.77 2.75 2.73 2.72 2.71 2.70 2.70 2.71 2.72 2.73 2.75 2.76 2.78 2.79 2.79 2.80 2.80 2.81 2.81 2.81 2.80 2.79 2.79 2.78 2.77 2.77 2.78 2.78 2.76 2.73 2.71 2.70 2.71 2.67 2.56 2.45 2.41 2.42 2.44 2.46 2.47 2.48 2.48 2.49 2.49 2.49 2.50 2.51 2.52 2.53 2.55 2.57 2.60
2.74 2.79 2.85 2.89 2.92 2.94 2.94 2.94 2.94 2.93 2.92 2.90 2.88 2.85 2.83 2.81 2.80 2.79 2.79 2.78 2.78 2.77 2.77 2.78 2.78 2.78 2.78 2.79 2.79 2.78 2.77 2.76 2.75 2.74 2.73 2.72 2.72 2.71 2.71 2.72 2.72 2.73 2.74 2.75 2.76 2.77 2.78 2.79 2.80 2.82 2.83 2.83 2.83 2.81 2.80 2.77 2.76 2.75 2.75 2.74 2.71 2.67 2.63 2.60 2.58 2.54 2.45 2.35 2.32 2.35 2.38 2.40 2.41 2.42 2.42 2.42 2.42 2.43 2.44 2.46 2.48 2.50 2.53 2.56
2.89 2.92 2.95 2.97 2.97 2.97 2.96 2.95 2.94 2.94 2.92 2.91 2.89 2.86 2.85 2.83 2.82 2.81 2.80 2.80 2.80 2.80 2.80 2.81 2.81 2.81 2.80 2.79 2.78 2.78 2.77 2.76 2.76 2.75 2.75 2.75 2.74 2.74 2.74 2.74 2.74 2.74 2.75 2.75 2.75 2.76 2.77 2.78 2.80 2.82 2.84 2.85 2.85 2.85 2.83 2.81 2.79 2.76 2.74 2.72 2.69 2.65 2.60 2.56 2.51 2.47 2.41 2.32 2.21 2.16 2.19 2.26 2.31 2.32 2.33 2.33 2.32 2.32 2.33 2.35 2.39 2.43 2.47 2.52
3.01 3.01 3.01 2.99 2.97 2.95 2.94 2.93 2.92 2.91 2.89 2.88 2.86 2.86 2.85 2.84 2.84 2.83 2.82 2.82 2.82 2.83 2.83 2.83 2.83 2.83 2.82 2.80 2.79 2.78 2.78 2.77 2.77 2.77 2.76 2.76 2.76 2.76 2.76 2.76 2.76 2.77 2.77 2.77 2.77 2.77 2.77 2.78 2.80 2.82 2.84 2.86 2.87 2.87 2.86 2.84 2.83 2.80 2.77 2.75 2.71 2.66 2.61 2.56 2.50 2.43 2.38 2.33 2.24 2.11 2.06 2.08 2.14 2.20 2.21 2.17 2.13 2.09 2.08 2.13 2.21 2.27 2.34 2.43
3.06 3.03 3.00 2.97 2.95 2.93 2.91 2.89 2.88 2.86 2.85 2.85 2.84 2.84 2.84 2.84 2.84 2.84 2.84 2.84 2.84 2.84 2.84 2.84 2.84 2.83 2.82 2.81 2.80 2.80 2.79 2.79 2.79 2.79 2.79 2.78 2.78 2.78 2.77 2.77 2.77 2.77 2.78 2.78 2.78 2.78 2.78 2.79 2.80 2.82 2.84 2.86 2.87 2.87 2.87 2.86 2.85 2.84 2.82 2.80 2.77 2.73 2.67 2.61 2.55 2.49 2.43 2.40 2.38 2.34 2.22 2.06 2.00 1.99 1.99 2.00 2.01 2.01 2.02 2.08 2.12 2.15 2.20 2.29
3.01 2.98 2.96 2.93 2.92 2.90 2.88 2.86 2.85 2.84 2.83 2.83 2.82 2.82 2.82 2.83 2.83 2.83 2.84 2.84 2.84 2.84 2.83 2.83 2.83 2.82 2.82 2.81 2.81 2.80 2.80 2.80 2.81 2.81 2.80 2.80 2.79 2.79 2.78 2.78 2.77 2.77 2.77 2.77 2.77 2.77 2.78 2.79 2.80 2.81 2.82 2.84 2.85 2.86 2.86 2.86 2.86 2.86 2.86 2.85 2.84 2.81 2.77 2.71 2.66 2.61 2.57 2.53 2.50 2.49 2.44 2.33 2.17 1.99 1.98 2.09 2.18 2.27 2.35 2.34 2.30 2.28 2.29 2.30
2.94 2.92 2.90 2.89 2.88 2.86 2.85 2.84 2.83 2.82 2.82 2.82 2.82 2.82 2.82 2.82 2.83 2.83 2.83 2.83 2.83 2.82 2.82 2.81 2.81 2.81 2.81 2.81 2.81 2.81 2.81 2.82 2.82 2.81 2.81 2.80 2.79 2.79 2.78 2.78 2.77 2.77 2.77 2.77 2.77 2.77 2.78 2.79 2.80 2.81 2.81 2.82 2.83 2.84 2.85 2.86 2.88 2.88 2.90 2.91 2.91 2.90 2.88 2.85 2.81 2.77 2.74 2.71 2.67 2.63 2.61 2.58 2.51 2.42 2.39 2.41 2.45 2.49 2.50 2.49 2.48 2.49 2.52 2.51
2.87 2.86 2.85 2.84 2.84 2.83 2.82 2.81 2.81 2.81 2.80 2.81 2.81 2.81 2.82 2.82 2.82 2.82 2.81 2.81 2.81 2.80 2.80 2.80 2.80 2.79 2.79 2.80 2.80 2.81 2.81 2.81 2.81 2.81 2.80 2.80 2.79 2.79 2.78 2.78 2.78 2.78 2.78 2.78 2.79 2.79 2.80 2.80 2.81 2.82 2.82 2.83 2.83 2.84 2.85 2.86 2.88 2.90 2.93 2.95 2.97 2.98 2.98 2.97 2.95 2.93 2.91 2.90 2.88 2.86 2.83 2.80 2.79 2.78 2.76 2.72 2.70 2.69 2.65 2.64 2.65 2.64 2.62 2.60
2.82 2.81 2.81 2.80 2.80 2.80 2.80 2.79 2.79 2.79 2.79 2.80 2.80 2.81 2.81 2.80 2.80 2.79 2.79 2.78 2.78 2.78 2.78 2.78 2.77 2.77 2.77 2.78 2.78 2.78 2.79 2.79 2.79 2.79 2.79 2.79 2.78 2.78 2.78 2.78 2.79 2.79 2.80 2.80 2.81 2.82 2.82 2.83 2.84 2.84 2.84 2.85 2.85 2.86 2.86 2.88 2.89 2.91 2.94 2.97 3.00 3.04 3.07 3.08 3.09 3.09 3.07 3.06 3.06 3.05 3.04 3.04 3.03 3.02 3.01 2.99 2.97 2.95 2.91 2.87 2.83 2.77 2.70 2.64
2.78 2.78 2.77 2.77 2.77 2.77 2.77 2.77 2.77 2.77 2.78 2.78 2.79 2.79 2.79 2.78 2.78 2.77 2.76 2.76 2.76 2.76 2.76 2.76 2.75 2.75 2.75 2.76 2.76 2.76 2.76 2.76 2.76 2.76 2.76 2.77 2.77 2.78 2.78 2.79 2.80 2.81 2.82 2.83 2.84 2.85 2.86 2.86 2.87 2.87 2.87 2.87 2.88 2.88 2.89 2.89 2.90 2.91 2.93 2.96 3.00 3.05 3.10 3.15 3.19 3.21 3.22 3.22 3.21 3.21 3.21 3.20 3.20 3.19 3.17 3.15 3.11 3.07 3.03 2.98 2.92 2.86 2.79 2.73
2.75 2.75 2.74 2.73 2.73 2.73 2.73 2.73 2.73 2.74 2.74 2.75 2.76 2.76 2.76 2.76 2.75 2.75 2.74 2.74 2.74 2.74 2.74 2.73 2.73 2.74 2.74 2.74 2.74 2.74 2.74 2.74 2.74 2.74 2.75 2.76 2.77 2.78 2.79 2.80 2.81 2.82 2.84 2.85 2.86 2.87 2.88 2.88 2.88 2.88 2.88 2.88 2.89 2.89 2.90 2.90 2.90 2.91 2.92 2.95 2.99 3.03 3.08 3.13 3.19 3.24 3.28 3.30 3.30 3.30 3.29 3.28 3.27 3.25 3.22 3.19 3.15 3.12 3.10 3.07 3.03 2.97 2.90 2.82
2.72 2.71 2.71 2.70 2.70 2.69 2.69 2.69 2.69 2.69 2.69 2.70 2.70 2.71 2.71 2.72 2.72 2.73 2.73 2.72 2.72 2.71 2.71 2.71 2.71 2.71 2.72 2.72 2.73 2.73 2.73 2.73 2.73 2.74 2.75 2.76 2.77 2.79 2.80 2.81 2.82 2.83 2.85 2.86 2.87 2.87 2.88 2.88 2.88 2.88 2.88 2.88 2.88 2.88 2.87 2.87 2.87 2.88 2.90 2.92 2.95 2.99 3.03 3.08 3.13 3.17 3.20 3.23 3.24 3.25 3.25 3.25 3.25 3.25 3.24 3.22 3.20 3.18 3.17 3.15 3.13 3.08 3.02 2.93
