data/NorthBerwickLaw_270_1_25m_vel_mm.asc
ncols	257
nrows	257
xllcorner	3529825.000000
yllcorner	3727275.000000
cellsize	25.000000
NODATA_value	-9999.000000
[rows 76 to 113 of 257, columns 168 to 251 of 257]
0.81 0.81 0.81 0.81 0.81 0.81 0.81 0.81 0.81 0.81 0.81 0.81 0.81 0.81 0.81 0.81 0.81 0.81 0.81 0.81 0.81 0.81 0.81 0.81 0.81 0.81 0.81 0.81 0.81 0.81 0.81 0.81 0.81 0.81 0.81 0.81 0.81 0.81 0.81 0.81 0.81 0.81 0.81 0.81 0.81 0.81 0.82 0.82 0.82 0.82 0.82 0.82 0.82 0.82 0.82 0.82 0.82 0.82 0.82 0.82 0.82 0.82 0.82 0.82 0.82 0.82 0.82 0.82 0.82 0.82 0.83 0.83 0.83 0.83 0.83 0.83 0.83 0.83 0.83 0.83 0.83 0.84 0.84 0.84
0.81 0.81 0.81 0.81 0.81 0.81 0.81 0.81 0.81 0.81 0.81 0.82 0.82 0.82 0.82 0.82 0.82 0.82 0.82 0.82 0.82 0.82 0.82 0.82 0.82 0.81 0.81 0.81 0.81 0.81 0.81 0.81 0.81 0.81 0.81 0.81 0.81 0.81 0.81 0.81 0.81 0.81 0.82 0.82 0.82 0.82 0.82 0.82 0.82 0.82 0.82 0.82 0.82 0.82 0.82 0.82 0.82 0.82 0.82 0.82 0.82 0.82 0.82 0.82 0.82 0.82 0.82 0.82 0.83 0.83 0.83 0.83 0.83 0.83 0.83 0.83 0.83 0.83 0.83 0.84 0.84 0.84 0.84 0.84
0.81 0.81 0.81 0.81 0.81 0.81 0.81 0.81 0.81 0.82 0.82 0.82 0.82 0.82 0.82 0.82 0.82 0.82 0.82 0.82 0.82 0.82 0.82 0.82 0.82 0.82 0.82 0.82 0.82 0.82 0.82 0.81 0.81 0.81 0.81 0.81 0.81 0.81 0.81 0.82 0.82 0.82 0.82 0.82 0.82 0.82 0.82 0.82 0.82 0.82 0.83 0.83 0.83 0.83 0.83 0.82 0.82 0.82 0.82 0.82 0.82 0.82 0.82 0.82 0.82 0.82 0.83 0.83 0.83 0.83 0.83 0.83 0.83 0.83 0.83 0.83 0.83 0.83 0.84 0.84 0.84 0.84 0.84 0.84
0.81 0.81 0.81 0.81 0.81 0.81 0.81 0.82 0.82 0.82 0.82 0.82 0.82 0.82 0.82 0.82 0.82 0.82 0.82 0.82 0.82 0.82 0.82 0.82 0.82 0.82 0.82 0.82 0.82 0.82 0.82 0.82 0.82 0.82 0.82 0.82 0.82 0.82 0.82 0.82 0.82 0.82 0.82 0.82 0.83 0.83 0.83 0.83 0.83 0.83 0.83 0.83 0.83 0.83 0.83 0.83 0.83 0.83 0.83 0.83 0.83 0.83 0.83 0.83 0.83 0.83 0.83 0.83 0.83 0.83 0.83 0.83 0.83 0.83 0.83 0.83 0.84 0.84 0.84 0.84 0.84 0.84 0.84 0.84
0.82 0.82 0.82 0.82 0.82 0.82 0.82 0.82 0.82 0.82 0.82 0.82 0.82 0.82 0.83 0.83 0.83 0.83 0.83 0.83 0.83 0.83 0.83 0.83 0.83 0.83 0.83 0.83 0.83 0.83 0.82 0.82 0.82 0.82 0.82 0.82 0.82 0.82 0.82 0.82 0.83 0.83 0.83 0.83 0.83 0.83 0.83 0.83 0.83 0.84 0.84 0.84 0.84 0.83 0.83 0.83 0.83 0.83 0.83 0.83 0.83 0.83 0.83 0.83 0.83 0.83 0.83 0.83 0.83 0.83 0.83 0.83 0.83 0.83 0.84 0.84 0.84 0.84 0.84 0.84 0.84 0.84 0.84 0.85
0.82 0.82 0.82 0.82 0.82 0.82 0.82 0.82 0.82 0.82 0.83 0.83 0.83 0.83 0.83 0.83 0.84 0.84 0.84 0.84 0.84 0.84 0.84 0.84 0.84 0.84 0.84 0.84 0.83 0.83 0.83 0.83 0.83 0.83 0.83 0.83 0.83 0.83 0.83 0.83 0.83 0.83 0.83 0.84 0.84 0.84 0.84 0.84 0.84 0.84 0.84 0.84 0.84 0.84 0.84 0.84 0.84 0.84 0.83 0.83 0.83 0.83 0.83 0.83 0.83 0.83 0.83 0.83 0.83 0.83 0.84 0.84 0.84 0.84 0.84 0.84 0.84 0.84 0.84 0.84 0.85 0.85 0.85 0.85
0.82 0.82 0.82 0.83 0.83 0.83 0.83 0.83 0.83 0.83 0.83 0.83 0.83 0.83 0.84 0.84 0.84 0.84 0.84 0.85 0.84 0.84 0.84 0.84 0.84 0.85 0.85 0.85 0.84 0.84 0.83 0.83 0.83 0.83 0.83 0.83 0.83 0.83 0.83 0.83 0.83 0.84 0.84 0.84 0.84 0.84 0.84 0.84 0.85 0.85 0.85 0.85 0.85 0.85 0.84 0.84 0.84 0.84 0.84 0.84 0.83 0.83 0.83 0.83 0.83 0.83 0.84 0.84 0.84 0.84 0.84 0.84 0.84 0.84 0.84 0.84 0.84 0.85 0.85 0.85 0.85 0.85 0.85 0.85
0.83 0.83 0.83 0.83 0.83 0.83 0.83 0.83 0.83 0.83 0.83 0.83 0.84 0.84 0.84 0.84 0.85 0.85 0.85 0.85 0.85 0.85 0.84 0.84 0.85 0.85 0.86 0.86 0.85 0.84 0.83 0.83 0.83 0.83 0.83 0.83 0.83 0.83 0.83 0.83 0.83 0.84 0.84 0.84 0.84 0.84 0.84 0.85 0.85 0.85 0.85 0.85 0.85 0.85 0.85 0.84 0.84 0.84 0.84 0.84 0.84 0.84 0.84 0.84 0.84 0.84 0.84 0.84 0.84 0.84 0.84 0.84 0.84 0.84 0.85 0.85 0.85 0.85 0.85 0.85 0.85 0.85 0.86 0.86
0.83 0.83 0.83 0.83 0.83 0.83 0.83 0.83 0.83 0.83 0.83 0.83 0.83 0.84 0.84 0.84 0.84 0.84 0.84 0.84 0.84 0.84 0.84 0.83 0.84 0.85 0.85 0.86 0.84 0.83 0.83 0.82 0.82 0.83 0.83 0.83 0.83 0.83 0.83 0.83 0.83 0.84 0.84 0.84 0.84 0.84 0.85 0.85 0.85 0.85 0.86 0.86 0.86 0.85 0.85 0.85 0.84 0.84 0.84 0.84 0.84 0.84 0.84 0.84 0.84 0.84 0.84 0.84 0.84 0.84 0.84 0.84 0.85 0.85 0.85 0.85 0.85 0.85 0.85 0.85 0.86 0.86 0.86 0.86
0.83 0.83 0.83 0.83 0.83 0.83 0.83 0.83 0.83 0.83 0.83 0.83 0.84 0.84 0.85 0.85 0.85 0.86 0.86 0.87 0.86 0.85 0.85 0.84 0.85 0.85 0.86 0.86 0.85 0.84 0.83 0.82 0.82 0.82 0.82 0.82 0.82 0.82 0.82 0.82 0.83 0.83 0.84 0.84 0.84 0.84 0.85 0.85 0.85 0.86 0.86 0.86 0.85 0.85 0.84 0.83 0.83 0.83 0.83 0.83 0.83 0.83 0.83 0.83 0.84 0.84 0.84 0.84 0.84 0.84 0.84 0.85 0.85 0.85 0.85 0.85 0.85 0.85 0.86 0.86 0.86 0.86 0.86 0.86
0.83 0.83 0.83 0.83 0.83 0.83 0.83 0.83 0.83 0.83 0.82 0.82 0.83 0.85 0.85 0.86 0.87 0.88 0.88 0.89 0.87 0.86 0.85 0.85 0.86 0.86 0.87 0.87 0.86 0.85 0.85 0.84 0.84 0.83 0.83 0.82 0.82 0.82 0.81 0.81 0.82 0.84 0.84 0.85 0.85 0.86 0.86 0.87 0.87 0.88 0.89 0.90 0.87 0.85 0.83 0.82 0.82 0.82 0.81 0.81 0.81 0.82 0.82 0.82 0.83 0.83 0.83 0.83 0.84 0.84 0.84 0.84 0.84 0.85 0.85 0.85 0.85 0.85 0.86 0.86 0.86 0.86 0.86 0.86
0.83 0.83 0.83 0.83 0.83 0.83 0.83 0.83 0.83 0.82 0.81 0.80 0.83 0.84 0.85 0.86 0.87 0.88 0.90 0.91 0.88 0.86 0.86 0.85 0.86 0.86 0.86 0.87 0.86 0.85 0.85 0.85 0.84 0.83 0.82 0.81 0.81 0.80 0.79 0.79 0.81 0.83 0.84 0.85 0.85 0.86 0.86 0.87 0.88 0.89 0.90 0.91 0.86 0.82 0.80 0.78 0.79 0.79 0.78 0.78 0.79 0.80 0.80 0.81 0.81 0.81 0.82 0.82 0.82 0.83 0.83 0.83 0.84 0.84 0.84 0.84 0.85 0.85 0.85 0.85 0.86 0.86 0.86 0.86
0.83 0.83 0.83 0.83 0.83 0.83 0.83 0.83 0.82 0.81 0.80 0.79 0.82 0.84 0.86 0.87 0.88 0.90 0.91 0.93 0.89 0.87 0.86 0.86 0.86 0.86 0.86 0.86 0.86 0.85 0.85 0.85 0.83 0.81 0.80 0.79 0.79 0.78 0.77 0.76 0.79 0.81 0.83 0.85 0.85 0.85 0.86 0.87 0.88 0.89 0.91 0.92 0.85 0.79 0.76 0.74 0.74 0.74 0.74 0.73 0.75 0.76 0.77 0.78 0.78 0.79 0.80 0.80 0.81 0.81 0.81 0.82 0.82 0.83 0.83 0.83 0.84 0.84 0.84 0.85 0.85 0.85 0.85 0.85
0.83 0.83 0.83 0.83 0.83 0.83 0.83 0.82 0.82 0.81 0.80 0.79 0.82 0.84 0.86 0.87 0.88 0.90 0.91 0.93 0.89 0.87 0.86 0.86 0.86 0.86 0.86 0.86 0.85 0.85 0.85 0.85 0.83 0.82 0.81 0.80 0.79 0.78 0.76 0.75 0.78 0.81 0.82 0.84 0.84 0.85 0.86 0.87 0.88 0.90 0.92 0.93 0.84 0.79 0.75 0.72 0.72 0.71 0.70 0.69 0.71 0.73 0.74 0.75 0.76 0.77 0.77 0.78 0.79 0.79 0.80 0.80 0.81 0.81 0.82 0.82 0.83 0.83 0.83 0.84 0.84 0.84 0.84 0.85
0.83 0.83 0.83 0.83 0.83 0.82 0.82 0.82 0.82 0.82 0.81 0.80 0.83 0.85 0.86 0.88 0.88 0.90 0.92 0.93 0.90 0.88 0.88 0.87 0.87 0.87 0.87 0.87 0.87 0.86 0.86 0.86 0.86 0.86 0.85 0.85 0.84 0.82 0.81 0.80 0.82 0.83 0.84 0.85 0.86 0.86 0.87 0.88 0.89 0.90 0.92 0.92 0.85 0.81 0.78 0.75 0.73 0.70 0.67 0.65 0.68 0.70 0.71 0.72 0.73 0.74 0.75 0.76 0.77 0.77 0.78 0.79 0.79 0.80 0.80 0.81 0.81 0.82 0.82 0.82 0.83 0.83 0.83 0.84
0.82 0.82 0.82 0.82 0.82 0.82 0.81 0.81 0.82 0.82 0.81 0.81 0.83 0.85 0.87 0.88 0.89 0.90 0.91 0.93 0.90 0.89 0.88 0.88 0.88 0.88 0.88 0.88 0.88 0.87 0.87 0.86 0.87 0.88 0.89 0.89 0.87 0.86 0.85 0.84 0.85 0.86 0.86 0.87 0.87 0.88 0.89 0.90 0.90 0.91 0.92 0.93 0.88 0.84 0.82 0.80 0.74 0.70 0.65 0.62 0.66 0.68 0.69 0.70 0.71 0.72 0.73 0.74 0.75 0.76 0.77 0.77 0.78 0.79 0.79 0.80 0.80 0.81 0.81 0.82 0.82 0.82 0.83 0.83
0.81 0.81 0.81 0.81 0.81 0.81 0.80 0.79 0.81 0.81 0.81 0.81 0.83 0.85 0.86 0.88 0.88 0.89 0.91 0.92 0.90 0.89 0.89 0.89 0.89 0.88 0.88 0.88 0.88 0.87 0.87 0.86 0.88 0.89 0.90 0.92 0.89 0.87 0.86 0.86 0.86 0.86 0.86 0.86 0.87 0.88 0.89 0.90 0.90 0.91 0.92 0.92 0.89 0.87 0.86 0.84 0.76 0.69 0.63 0.60 0.64 0.66 0.67 0.68 0.70 0.71 0.72 0.73 0.74 0.75 0.76 0.76 0.77 0.78 0.78 0.79 0.79 0.80 0.81 0.81 0.81 0.82 0.82 0.83
0.80 0.80 0.80 0.80 0.80 0.80 0.80 0.79 0.81 0.82 0.82 0.82 0.84 0.85 0.87 0.88 0.88 0.89 0.90 0.91 0.90 0.89 0.89 0.89 0.89 0.89 0.88 0.88 0.88 0.87 0.87 0.86 0.88 0.90 0.91 0.93 0.90 0.88 0.87 0.87 0.86 0.86 0.85 0.85 0.87 0.88 0.89 0.90 0.90 0.90 0.91 0.91 0.89 0.88 0.88 0.86 0.77 0.69 0.62 0.59 0.63 0.65 0.65 0.66 0.68 0.70 0.71 0.72 0.73 0.74 0.75 0.76 0.77 0.77 0.78 0.79 0.79 0.80 0.80 0.81 0.81 0.82 0.82 0.83
0.79 0.80 0.80 0.80 0.80 0.80 0.80 0.79 0.81 0.82 0.83 0.84 0.85 0.86 0.87 0.88 0.89 0.89 0.90 0.91 0.90 0.89 0.89 0.89 0.89 0.89 0.89 0.88 0.88 0.88 0.88 0.87 0.89 0.91 0.92 0.94 0.91 0.89 0.88 0.87 0.87 0.86 0.86 0.86 0.87 0.88 0.89 0.90 0.90 0.90 0.91 0.91 0.90 0.90 0.90 0.89 0.78 0.70 0.64 0.60 0.63 0.64 0.64 0.64 0.66 0.68 0.69 0.71 0.72 0.73 0.74 0.75 0.76 0.77 0.77 0.78 0.79 0.79 0.80 0.80 0.81 0.81 0.82 0.82
0.79 0.79 0.79 0.79 0.80 0.80 0.80 0.79 0.81 0.83 0.84 0.85 0.85 0.86 0.87 0.89 0.89 0.89 0.90 0.91 0.90 0.89 0.89 0.89 0.89 0.89 0.88 0.88 0.88 0.88 0.88 0.88 0.90 0.92 0.93 0.95 0.91 0.89 0.88 0.88 0.87 0.87 0.87 0.87 0.88 0.89 0.90 0.91 0.91 0.91 0.91 0.91 0.91 0.91 0.92 0.91 0.80 0.71 0.64 0.61 0.62 0.62 0.61 0.61 0.64 0.66 0.68 0.69 0.71 0.72 0.73 0.74 0.75 0.76 0.77 0.78 0.78 0.79 0.80 0.80 0.81 0.81 0.82 0.82
0.78 0.78 0.78 0.77 0.79 0.79 0.79 0.79 0.81 0.83 0.84 0.85 0.86 0.86 0.87 0.89 0.88 0.89 0.89 0.90 0.89 0.89 0.89 0.88 0.88 0.88 0.88 0.88 0.88 0.89 0.89 0.89 0.90 0.92 0.93 0.95 0.91 0.89 0.88 0.88 0.88 0.88 0.88 0.88 0.89 0.90 0.91 0.92 0.91 0.91 0.91 0.91 0.91 0.92 0.94 0.93 0.80 0.71 0.65 0.61 0.61 0.60 0.58 0.57 0.61 0.63 0.65 0.67 0.68 0.70 0.71 0.73 0.74 0.75 0.76 0.77 0.77 0.78 0.79 0.79 0.80 0.81 0.81 0.82
0.77 0.77 0.78 0.77 0.79 0.80 0.80 0.80 0.82 0.83 0.85 0.86 0.86 0.87 0.88 0.89 0.88 0.89 0.89 0.89 0.89 0.89 0.88 0.88 0.88 0.88 0.88 0.88 0.89 0.89 0.89 0.89 0.91 0.92 0.93 0.95 0.92 0.90 0.89 0.88 0.88 0.89 0.89 0.89 0.90 0.91 0.92 0.93 0.92 0.91 0.91 0.91 0.92 0.93 0.95 0.94 0.82 0.73 0.66 0.62 0.60 0.58 0.55 0.54 0.58 0.61 0.62 0.64 0.66 0.68 0.70 0.71 0.72 0.73 0.75 0.76 0.76 0.77 0.78 0.79 0.79 0.80 0.80 0.81
0.77 0.78 0.78 0.78 0.79 0.80 0.81 0.81 0.83 0.84 0.85 0.87 0.87 0.87 0.88 0.89 0.89 0.89 0.89 0.89 0.89 0.89 0.88 0.88 0.89 0.89 0.89 0.89 0.89 0.89 0.90 0.90 0.91 0.92 0.92 0.93 0.91 0.90 0.90 0.89 0.90 0.90 0.90 0.90 0.91 0.92 0.93 0.93 0.92 0.92 0.91 0.91 0.92 0.93 0.95 0.95 0.83 0.75 0.70 0.65 0.61 0.58 0.54 0.52 0.56 0.58 0.60 0.61 0.63 0.66 0.67 0.69 0.70 0.72 0.73 0.74 0.75 0.76 0.77 0.78 0.78 0.79 0.79 0.80
0.77 0.78 0.78 0.79 0.80 0.81 0.82 0.83 0.84 0.85 0.86 0.87 0.87 0.87 0.88 0.89 0.88 0.88 0.89 0.89 0.89 0.88 0.88 0.88 0.89 0.89 0.89 0.89 0.89 0.90 0.90 0.90 0.91 0.91 0.92 0.92 0.91 0.91 0.90 0.90 0.91 0.91 0.91 0.92 0.92 0.93 0.94 0.94 0.93 0.92 0.92 0.92 0.93 0.94 0.96 0.96 0.86 0.79 0.74 0.70 0.63 0.58 0.53 0.51 0.54 0.56 0.57 0.58 0.61 0.64 0.66 0.67 0.69 0.70 0.72 0.73 0.74 0.75 0.76 0.77 0.77 0.78 0.79 0.79
0.76 0.78 0.78 0.79 0.80 0.82 0.83 0.84 0.84 0.85 0.86 0.87 0.87 0.87 0.88 0.89 0.88 0.88 0.88 0.88 0.88 0.88 0.88 0.88 0.89 0.89 0.89 0.90 0.90 0.90 0.90 0.91 0.91 0.91 0.91 0.91 0.91 0.91 0.91 0.90 0.91 0.91 0.92 0.92 0.93 0.93 0.94 0.95 0.93 0.92 0.92 0.92 0.93 0.94 0.96 0.96 0.88 0.82 0.78 0.74 0.65 0.59 0.53 0.50 0.53 0.54 0.55 0.55 0.59 0.62 0.64 0.66 0.67 0.69 0.71 0.72 0.73 0.74 0.75 0.76 0.77 0.77 0.78 0.79
0.76 0.78 0.79 0.79 0.81 0.82 0.83 0.85 0.85 0.85 0.86 0.87 0.87 0.87 0.88 0.89 0.88 0.88 0.88 0.88 0.88 0.88 0.88 0.88 0.89 0.89 0.89 0.90 0.90 0.90 0.91 0.91 0.91 0.90 0.90 0.90 0.90 0.90 0.90 0.90 0.91 0.91 0.92 0.92 0.93 0.93 0.94 0.95 0.93 0.93 0.92 0.92 0.93 0.94 0.96 0.96 0.89 0.84 0.80 0.76 0.67 0.60 0.54 0.51 0.53 0.53 0.53 0.53 0.57 0.60 0.62 0.64 0.66 0.68 0.70 0.71 0.72 0.73 0.74 0.75 0.76 0.77 0.78 0.78
0.77 0.79 0.80 0.81 0.82 0.83 0.84 0.85 0.85 0.85 0.86 0.87 0.87 0.87 0.88 0.88 0.88 0.88 0.88 0.87 0.88 0.88 0.88 0.88 0.89 0.89 0.89 0.90 0.90 0.90 0.90 0.91 0.90 0.90 0.90 0.90 0.90 0.90 0.90 0.90 0.91 0.91 0.92 0.92 0.93 0.93 0.94 0.94 0.94 0.93 0.93 0.93 0.94 0.95 0.96 0.96 0.89 0.85 0.82 0.78 0.69 0.62 0.56 0.53 0.54 0.53 0.52 0.52 0.56 0.59 0.61 0.63 0.65 0.67 0.69 0.70 0.71 0.73 0.74 0.75 0.75 0.76 0.77 0.78
0.79 0.81 0.82 0.82 0.83 0.84 0.85 0.85 0.85 0.86 0.86 0.87 0.87 0.87 0.88 0.88 0.88 0.88 0.87 0.87 0.88 0.88 0.88 0.89 0.89 0.89 0.89 0.90 0.90 0.90 0.90 0.91 0.90 0.90 0.90 0.89 0.90 0.90 0.90 0.90 0.91 0.91 0.92 0.92 0.92 0.93 0.93 0.94 0.94 0.94 0.95 0.95 0.94 0.95 0.96 0.96 0.90 0.86 0.83 0.80 0.71 0.65 0.60 0.56 0.55 0.54 0.52 0.52 0.55 0.58 0.60 0.61 0.64 0.66 0.68 0.69 0.71 0.72 0.73 0.74 0.75 0.76 0.76 0.77
0.81 0.82 0.83 0.84 0.84 0.84 0.85 0.86 0.86 0.86 0.86 0.87 0.87 0.87 0.88 0.88 0.88 0.87 0.87 0.87 0.88 0.88 0.89 0.89 0.89 0.89 0.89 0.90 0.90 0.90 0.90 0.91 0.90 0.90 0.89 0.89 0.89 0.89 0.90 0.90 0.90 0.91 0.91 0.92 0.92 0.92 0.93 0.93 0.94 0.94 0.95 0.95 0.94 0.94 0.95 0.94 0.89 0.86 0.83 0.80 0.73 0.67 0.62 0.58 0.56 0.54 0.51 0.50 0.54 0.56 0.58 0.60 0.63 0.65 0.67 0.68 0.70 0.72 0.73 0.74 0.75 0.75 0.76 0.77
0.81 0.82 0.83 0.84 0.84 0.85 0.85 0.86 0.86 0.86 0.87 0.87 0.87 0.88 0.88 0.88 0.88 0.88 0.88 0.88 0.88 0.89 0.89 0.90 0.89 0.90 0.90 0.90 0.90 0.90 0.90 0.91 0.90 0.90 0.89 0.89 0.89 0.90 0.90 0.90 0.90 0.91 0.91 0.92 0.92 0.92 0.93 0.93 0.93 0.94 0.95 0.95 0.94 0.94 0.94 0.93 0.89 0.86 0.84 0.81 0.74 0.69 0.64 0.61 0.58 0.55 0.52 0.51 0.54 0.56 0.57 0.58 0.61 0.64 0.65 0.67 0.69 0.70 0.72 0.73 0.73 0.74 0.74 0.75
0.81 0.82 0.83 0.83 0.83 0.84 0.84 0.85 0.85 0.85 0.86 0.86 0.86 0.87 0.87 0.88 0.87 0.87 0.87 0.87 0.88 0.88 0.88 0.89 0.89 0.89 0.89 0.89 0.89 0.90 0.90 0.90 0.90 0.89 0.89 0.89 0.89 0.89 0.89 0.89 0.90 0.90 0.91 0.91 0.92 0.92 0.92 0.93 0.93 0.93 0.94 0.95 0.93 0.93 0.93 0.93 0.89 0.87 0.85 0.83 0.77 0.72 0.68 0.65 0.62 0.60 0.57 0.56 0.58 0.60 0.60 0.61 0.64 0.66 0.67 0.69 0.70 0.72 0.74 0.75 0.75 0.75 0.74 0.74
0.82 0.83 0.83 0.83 0.84 0.84 0.84 0.84 0.85 0.85 0.85 0.86 0.86 0.86 0.87 0.87 0.87 0.87 0.87 0.87 0.87 0.88 0.88 0.88 0.88 0.88 0.89 0.89 0.89 0.89 0.89 0.90 0.89 0.89 0.88 0.88 0.88 0.89 0.89 0.89 0.89 0.90 0.90 0.91 0.91 0.91 0.92 0.92 0.92 0.93 0.93 0.94 0.93 0.92 0.92 0.92 0.89 0.87 0.86 0.84 0.79 0.75 0.72 0.70 0.67 0.65 0.62 0.61 0.63 0.64 0.64 0.64 0.67 0.68 0.70 0.71 0.72 0.74 0.75 0.77 0.75 0.74 0.73 0.73
0.83 0.83 0.83 0.83 0.84 0.84 0.84 0.84 0.85 0.85 0.85 0.85 0.86 0.86 0.86 0.87 0.87 0.86 0.86 0.86 0.87 0.87 0.88 0.88 0.88 0.88 0.88 0.88 0.88 0.89 0.89 0.89 0.89 0.88 0.88 0.87 0.88 0.88 0.88 0.88 0.89 0.89 0.90 0.90 0.90 0.91 0.91 0.91 0.92 0.92 0.93 0.93 0.92 0.92 0.92 0.92 0.89 0.88 0.87 0.86 0.82 0.79 0.76 0.74 0.72 0.70 0.68 0.66 0.67 0.67 0.67 0.67 0.69 0.70 0.71 0.72 0.74 0.76 0.77 0.78 0.75 0.73 0.71 0.71
0.82 0.82 0.83 0.83 0.83 0.84 0.84 0.84 0.84 0.85 0.85 0.85 0.85 0.86 0.86 0.87 0.86 0.86 0.86 0.86 0.87 0.87 0.87 0.88 0.88 0.88 0.88 0.88 0.88 0.88 0.89 0.89 0.88 0.88 0.87 0.87 0.88 0.88 0.88 0.88 0.89 0.89 0.89 0.90 0.90 0.90 0.90 0.91 0.91 0.91 0.92 0.92 0.91 0.91 0.91 0.90 0.88 0.87 0.86 0.85 0.82 0.79 0.77 0.76 0.74 0.72 0.70 0.69 0.69 0.68 0.68 0.68 0.69 0.71 0.72 0.73 0.74 0.76 0.77 0.78 0.74 0.71 0.69 0.68
0.82 0.82 0.82 0.82 0.82 0.83 0.83 0.83 0.83 0.84 0.84 0.84 0.84 0.85 0.85 0.85 0.85 0.85 0.85 0.85 0.86 0.86 0.86 0.87 0.87 0.87 0.87 0.87 0.87 0.87 0.88 0.88 0.87 0.87 0.87 0.87 0.87 0.87 0.88 0.88 0.88 0.89 0.89 0.89 0.89 0.90 0.90 0.90 0.90 0.90 0.91 0.91 0.90 0.89 0.89 0.89 0.87 0.86 0.85 0.84 0.82 0.81 0.80 0.78 0.77 0.75 0.74 0.73 0.72 0.72 0.71 0.71 0.72 0.73 0.74 0.75 0.76 0.77 0.79 0.79 0.75 0.72 0.70 0.68
0.81 0.81 0.82 0.82 0.82 0.82 0.82 0.82 0.83 0.83 0.83 0.83 0.84 0.84 0.84 0.85 0.85 0.85 0.85 0.85 0.85 0.85 0.86 0.86 0.86 0.86 0.86 0.87 0.87 0.87 0.87 0.87 0.87 0.86 0.86 0.86 0.87 0.87 0.87 0.87 0.88 0.88 0.89 0.89 0.89 0.89 0.89 0.89 0.89 0.89 0.89 0.89 0.89 0.88 0.88 0.87 0.86 0.85 0.84 0.83 0.82 0.82 0.81 0.80 0.79 0.78 0.77 0.76 0.76 0.75 0.75 0.75 0.76 0.76 0.77 0.78 0.79 0.80 0.81 0.81 0.77 0.73 0.71 0.69
0.81 0.81 0.81 0.81 0.82 0.82 0.82 0.82 0.82 0.83 0.83 0.83 0.83 0.84 0.84 0.84 0.84 0.84 0.84 0.85 0.85 0.85 0.85 0.86 0.86 0.86 0.86 0.86 0.86 0.86 0.86 0.86 0.86 0.86 0.86 0.86 0.86 0.87 0.87 0.87 0.87 0.88 0.88 0.89 0.88 0.88 0.88 0.89 0.88 0.88 0.88 0.88 0.87 0.87 0.86 0.86 0.85 0.84 0.83 0.83 0.83 0.83 0.83 0.83 0.83 0.82 0.82 0.81 0.81 0.80 0.80 0.79 0.80 0.80 0.81 0.81 0.82 0.83 0.84 0.84 0.79 0.75 0.72 0.71
0.81 0.81 0.81 0.81 0.81 0.81 0.82 0.82 0.82 0.82 0.82 0.83 0.83 0.83 0.83 0.83 0.84 0.84 0.84 0.84 0.84 0.85 0.85 0.85 0.85 0.85 0.86 0.86 0.86 0.85 0.85 0.85 0.85 0.85 0.85 0.85 0.86 0.86 0.86 0.87 0.87 0.87 0.88 0.88 0.88 0.88 0.88 0.88 0.87 0.87 0.87 0.87 0.86 0.86 0.85 0.85 0.84 0.83 0.82 0.81 0.82 0.82 0.82 0.82 0.81 0.81 0.80 0.80 0.79 0.79 0.78 0.78 0.79 0.79 0.80 0.80 0.80 0.81 0.82 0.82 0.78 0.74 0.72 0.70
