data/NorthBerwickLaw_135_1_25m_ang.asc
ncols	257
nrows	257
xllcorner	3503625.000000
yllcorner	3730350.000000
cellsize	25.000000
NODATA_value	-1.000000
[rows 84 to 125 of 257, columns 94 to 187 of 257]
134 134 134 134 134 134 135 135 135 135 135 135 135 135 135 134 134 134 133 134 134 134 135 135 134 134 134 134 134 134 134 133 133 133 133 133 133 134 134 134 134 135 134 133 133 134 134 134 134 134 134 134 134 134 134 134 134 134 134 134 134 134 134 135 135 135 135 135 135 135 135 135 135 135 135 135 135 135 135 135 135 135 135 135 135 134 134 134 134 133 133 132 132 131
134 134 134 134 134 134 134 134 135 135 135 135 135 135 135 135 134 134 134 134 134 134 134 134 134 134 134 134 134 134 133 133 133 132 132 133 133 133 134 134 134 134 135 134 134 134 133 133 134 134 134 134 134 134 134 134 134 134 134 134 134 134 134 134 134 135 135 135 135 135 135 135 135 135 135 135 135 135 135 135 135 135 135 135 135 134 134 134 133 132 132 131 130 129
134 134 134 134 134 133 133 134 134 134 135 135 135 135 135 135 134 134 134 134 134 134 134 134 134 133 133 133 133 133 133 132 132 132 132 132 132 133 133 133 133 133 134 134 135 135 134 134 133 133 133 133 133 134 134 134 134 134 134 134 134 134 134 134 134 134 134 134 135 135 135 135 135 135 135 135 135 135 135 135 135 135 135 135 134 134 134 133 132 131 130 129 127 125
134 134 134 133 133 133 133 134 134 134 134 135 135 135 135 135 134 134 134 134 134 135 135 134 134 133 133 133 133 133 132 132 132 132 132 132 132 132 132 132 133 133 133 134 135 136 136 135 134 133 133 132 133 133 133 133 133 133 134 134 134 134 134 134 134 134 134 134 134 134 134 134 134 134 135 135 135 135 134 134 135 135 134 135 135 135 134 133 131 129 128 128 128 128
134 134 134 133 133 133 134 134 134 134 134 135 135 135 135 134 134 134 134 134 135 135 135 135 135 134 134 133 133 133 133 133 133 132 132 132 132 132 132 133 133 133 134 134 135 135 136 136 135 135 134 133 132 132 132 132 132 133 133 133 134 134 134 134 134 134 134 134 134 134 134 134 134 134 134 134 134 134 134 134 135 135 134 135 135 135 135 135 134 133 133 134 135 135
134 134 134 134 134 134 134 134 134 134 134 134 134 134 134 134 134 134 135 135 135 136 136 136 135 135 134 134 134 134 134 134 134 134 133 133 133 133 133 133 133 134 134 135 135 136 136 136 135 135 135 134 133 132 132 131 131 132 132 133 133 133 134 134 134 134 134 134 134 134 134 134 134 134 134 134 134 134 134 134 134 134 135 135 135 136 136 136 137 138 138 139 139 137
134 134 134 134 134 134 134 134 134 135 135 134 134 134 135 135 135 135 135 135 136 136 137 137 136 136 135 135 135 135 135 135 135 135 135 135 135 134 134 134 134 134 135 135 135 136 136 136 136 135 135 134 134 133 132 132 131 131 131 132 132 133 133 134 134 134 134 134 134 134 134 134 134 134 134 134 134 134 134 134 134 134 134 135 136 137 136 136 137 137 137 137 137 136
135 134 134 134 134 134 134 135 135 135 135 135 135 135 135 135 135 135 136 136 136 137 137 137 137 136 136 136 136 136 136 136 136 136 135 135 135 135 134 134 134 134 135 135 135 136 136 135 135 135 135 134 134 133 133 132 132 132 131 132 131 132 133 133 133 134 134 134 134 134 134 134 134 134 134 134 134 134 134 134 134 134 134 134 135 136 135 134 135 134 134 133 133 133
135 134 134 134 134 134 134 135 135 135 135 135 135 135 136 136 136 136 136 136 137 137 137 137 137 137 136 136 136 136 136 136 136 136 136 135 135 135 134 134 134 134 135 135 135 135 135 135 135 134 134 134 134 133 133 133 132 132 133 133 133 132 133 133 133 133 133 133 133 133 133 134 134 134 134 134 134 134 134 134 134 134 134 134 135 134 132 132 133 132 132 131 131 131
134 134 134 133 134 134 134 135 135 135 135 135 135 136 136 136 136 136 136 136 136 137 137 137 137 136 136 136 136 136 136 136 136 136 135 135 135 135 134 134 134 134 134 135 135 135 134 134 134 134 133 133 133 133 133 133 133 133 133 134 134 134 134 134 133 133 133 133 132 133 133 133 133 133 133 133 133 133 133 133 133 133 133 133 134 133 131 132 132 131 131 130 130 131
133 133 133 133 133 133 134 134 135 135 135 135 135 136 136 136 136 136 136 136 136 136 137 137 137 136 136 135 135 135 136 136 136 135 135 135 135 134 134 134 134 134 134 135 135 135 134 134 134 133 133 133 133 133 133 133 133 133 133 134 134 135 135 135 135 134 134 133 133 133 133 132 132 133 133 133 132 132 132 132 132 132 131 132 133 132 131 132 132 132 132 131 131 132
132 132 132 133 133 133 134 134 135 135 135 135 135 135 135 135 135 135 135 135 135 136 136 136 136 136 135 135 135 135 135 136 136 135 135 135 135 134 134 134 134 134 135 135 135 135 135 134 134 134 133 133 133 133 133 133 133 133 133 134 134 135 135 135 136 135 135 134 134 133 133 133 133 133 132 132 132 132 131 131 131 132 132 133 134 132 131 132 132 133 132 132 132 132
132 132 133 133 133 134 134 135 135 135 135 134 134 134 135 135 135 135 135 135 135 135 135 136 136 136 135 135 135 135 135 136 136 135 135 135 135 135 135 135 135 135 135 135 136 136 136 136 135 135 134 134 134 134 134 134 133 133 133 134 134 135 135 135 136 135 135 135 134 134 134 134 134 134 133 133 133 132 132 132 132 133 133 134 134 134 133 132 133 133 133 133 133 133
133 133 133 133 134 134 134 135 135 135 134 134 134 134 134 134 134 134 134 134 134 135 135 135 135 135 135 135 135 135 135 136 136 135 135 135 135 135 135 135 135 135 136 136 137 137 137 137 136 136 135 135 135 135 135 135 134 133 133 133 134 134 134 135 135 135 135 134 134 134 134 134 134 134 134 134 133 133 133 133 133 133 133 133 133 133 133 133 134 134 134 134 134 134
134 134 135 135 135 135 135 135 135 135 134 134 134 133 133 134 134 134 134 134 134 134 135 135 135 135 135 135 135 135 135 135 135 135 135 135 135 135 135 135 135 136 136 137 137 137 137 137 137 137 137 137 136 136 136 135 134 134 133 133 133 134 134 134 135 135 135 134 134 134 134 134 134 134 133 133 133 132 132 132 132 133 133 133 133 134 133 134 134 134 135 135 135 135
135 136 136 136 136 136 136 136 136 135 135 134 134 134 134 134 134 134 134 134 135 135 135 135 135 135 135 135 135 135 135 135 135 135 135 135 135 135 135 135 135 136 136 136 137 137 137 137 137 137 137 137 137 137 136 136 135 134 134 133 133 134 134 134 135 135 134 134 133 133 133 133 133 133 133 133 133 133 133 133 133 134 134 134 134 135 135 134 134 135 135 135 135 135
137 137 138 137 137 137 137 137 136 136 135 135 135 135 135 135 135 135 135 135 135 135 135 135 135 135 135 136 136 136 135 135 135 135 135 135 135 135 135 135 135 135 136 136 137 137 137 137 137 137 137 137 137 137 136 136 135 135 134 134 134 134 134 135 135 135 134 133 133 132 132 133 133 133 133 133 133 134 134 135 135 135 135 136 136 136 136 135 135 135 135 135 135 135
137 138 138 138 138 138 138 137 137 137 136 136 136 136 136 136 136 136 136 136 136 136 135 136 136 136 136 136 136 136 136 135 135 135 135 135 135 135 135 135 136 136 136 136 136 137 137 137 137 137 137 137 137 136 136 136 136 135 135 135 135 135 135 135 136 135 134 133 133 132 132 133 134 134 134 134 134 135 136 136 136 136 136 137 136 136 136 136 135 135 135 135 135 135
138 138 139 139 139 139 139 138 138 138 138 138 138 137 137 137 137 137 137 137 137 136 136 136 136 136 136 137 136 136 136 136 135 135 135 135 135 135 136 136 136 136 136 136 136 136 136 137 136 136 136 136 137 137 136 136 136 136 136 135 135 135 136 136 137 136 136 135 134 133 133 134 135 135 135 135 136 136 137 137 137 137 137 137 137 137 137 136 136 136 136 136 136 136
138 138 138 138 138 139 139 139 139 138 138 138 138 138 138 138 138 138 138 138 137 137 137 137 137 137 137 137 137 137 136 136 135 135 135 135 135 135 136 136 136 136 136 136 136 136 136 136 136 136 136 137 137 137 137 137 137 136 136 136 136 136 136 137 138 138 137 136 135 135 135 136 137 137 137 137 137 137 138 138 138 138 137 137 137 137 137 137 136 136 136 136 136 136
137 137 138 138 138 138 138 138 138 138 138 138 139 139 139 139 138 138 138 138 138 137 137 137 137 137 137 137 137 137 136 136 136 135 135 135 135 136 136 137 137 137 137 137 137 137 137 137 137 137 137 137 137 137 137 137 137 137 136 136 136 136 137 138 139 139 139 138 137 137 137 138 139 139 139 138 138 138 138 138 138 138 138 137 137 137 137 137 136 136 136 136 136 136
136 136 137 137 137 138 138 138 138 138 138 138 138 138 138 138 138 138 138 137 137 137 137 137 137 137 137 138 137 137 137 136 136 135 135 135 136 136 137 137 137 137 137 137 137 137 137 137 137 137 137 137 137 137 137 137 137 137 137 137 137 137 137 138 139 140 140 139 139 139 139 140 140 140 140 139 139 138 138 138 138 138 137 137 137 137 137 137 137 136 136 136 137 137
135 136 136 136 136 136 137 137 137 137 137 137 137 138 138 138 137 137 137 137 137 137 137 137 137 137 137 138 138 137 137 137 136 136 136 136 136 137 137 138 138 138 137 137 137 137 137 137 137 137 137 137 137 137 137 137 137 137 137 137 137 137 137 138 139 140 140 140 140 140 140 141 141 141 140 139 139 138 138 138 138 137 137 137 137 137 137 137 136 136 136 137 137 137
134 135 135 135 135 135 136 135 135 136 136 136 136 137 137 137 136 136 136 136 136 136 137 137 137 137 137 137 138 138 137 137 137 136 136 136 137 137 138 138 138 137 137 137 137 137 136 137 137 137 137 137 137 137 137 137 137 137 137 137 137 137 137 138 139 140 140 140 140 140 140 140 140 140 139 139 138 138 138 138 137 137 137 137 137 137 137 136 136 136 136 137 137 137
133 134 134 134 134 135 135 134 134 134 134 135 135 136 136 136 136 135 135 136 136 136 136 136 137 137 137 137 137 137 137 137 137 136 136 136 137 138 138 138 138 137 137 136 136 136 136 136 137 137 137 137 137 136 136 136 137 137 137 137 137 137 137 138 138 139 139 139 139 139 139 139 139 139 138 138 138 138 137 137 137 137 137 137 137 137 136 136 136 136 136 136 137 137
133 133 134 134 134 134 134 134 134 134 134 134 134 135 135 135 135 135 135 135 135 136 136 136 136 136 136 137 137 137 137 137 136 136 136 136 137 137 138 138 137 137 136 136 136 136 136 136 136 136 136 136 136 136 136 136 136 136 136 136 136 136 136 136 137 137 138 138 138 138 138 138 138 137 137 137 137 137 137 137 137 137 137 137 137 136 136 136 136 136 136 136 136 137
133 133 133 133 133 133 133 133 133 133 133 133 134 134 134 135 135 135 135 135 135 135 136 136 136 136 136 136 136 137 137 136 136 135 135 135 136 137 137 137 137 136 136 136 135 136 136 136 136 136 136 136 136 136 136 136 136 136 136 136 136 135 135 136 136 136 137 137 137 137 137 137 137 137 137 137 137 137 136 136 136 136 136 136 137 136 136 136 136 136 136 136 136 136
133 133 133 133 133 133 133 133 133 133 133 133 134 134 134 134 134 134 134 135 135 135 136 136 136 136 136 136 136 136 136 136 135 134 134 134 135 136 136 136 136 136 135 135 135 135 135 135 136 136 136 136 136 136 136 136 136 136 136 136 135 135 135 135 135 136 136 136 136 136 136 136 136 136 136 136 136 136 136 136 136 136 136 136 136 136 136 136 136 136 136 136 136 136
134 134 134 133 133 133 133 133 133 133 133 133 134 134 134 134 134 134 134 135 135 135 136 136 136 136 136 136 136 136 136 135 134 133 133 133 134 135 135 135 135 135 135 135 135 135 135 135 135 135 135 135 135 135 135 135 135 135 135 135 135 135 135 135 135 135 136 136 136 136 136 136 136 136 136 136 136 136 136 135 135 135 136 136 136 136 136 136 135 136 136 136 136 136
134 134 134 134 134 134 134 134 134 134 133 133 134 134 134 134 135 134 134 134 135 135 135 136 136 136 136 136 136 135 135 134 133 133 133 133 133 134 135 135 135 135 135 135 135 135 135 135 135 135 135 135 135 135 135 135 135 135 135 135 135 135 134 134 135 135 135 136 136 136 136 135 135 135 135 135 135 135 135 135 135 135 135 135 135 135 135 135 135 135 135 135 135 135
134 134 134 134 134 134 134 134 134 134 134 134 134 134 134 135 135 134 134 134 134 135 135 136 136 136 136 135 135 134 134 133 132 132 132 132 132 133 134 134 134 134 134 134 134 134 134 134 134 134 135 135 135 135 134 135 135 135 135 135 135 135 134 134 135 135 135 135 135 135 135 135 135 135 135 135 135 135 135 134 134 134 134 135 135 134 134 134 134 135 135 135 135 135
135 135 134 134 134 134 134 134 134 134 134 134 134 134 134 134 134 134 134 134 134 134 135 135 135 135 135 134 134 133 132 131 130 130 130 130 131 132 132 132 133 133 133 133 134 134 134 134 134 134 134 134 135 134 134 134 134 135 135 135 135 134 134 134 134 134 135 135 135 135 135 135 134 134 134 134 134 134 134 134 134 134 134 134 134 134 134 134 134 134 134 135 135 135
135 135 134 134 134 134 134 134 134 134 134 134 134 134 134 134 134 134 134 133 133 133 134 134 134 134 133 133 132 131 130 128 127 127 127 127 128 129 130 131 131 131 132 132 133 133 133 133 133 133 134 134 134 134 134 134 134 134 134 134 134 134 134 134 134 134 134 134 134 134 134 134 134 134 134 134 134 134 134 134 134 134 134 134 134 134 134 134 134 134 134 135 135 135
135 135 134 134 134 134 134 134 134 134 134 134 133 133 134 134 134 134 133 133 133 133 133 133 133 133 132 131 129 128 126 125 124 123 123 124 125 127 128 129 129 130 130 131 131 132 132 132 132 133 133 134 134 134 134 134 134 134 134 134 133 133 133 133 133 133 134 134 134 134 134 134 134 134 134 134 134 134 134 134 134 134 134 134 134 134 134 134 134 134 134 134 135 135
135 135 135 134 134 134 134 134 134 134 134 133 133 133 133 134 134 134 133 133 133 133 133 133 133 132 130 129 127 125 123 121 119 119 119 120 122 124 125 126 127 128 129 129 130 131 131 131 131 132 132 133 133 133 133 133 133 133 133 133 133 132 132 132 133 133 133 133 133 133 133 133 133 133 133 134 134 134 134 134 134 134 134 134 134 134 134 134 134 134 134 135 135 135
135 135 135 134 134 134 134 134 134 134 133 133 133 133 133 133 133 134 133 133 133 133 133 133 132 131 129 127 124 121 118 116 115 115 116 118 120 122 124 125 125 126 127 128 129 130 130 130 130 131 131 132 132 132 132 132 132 132 132 132 132 132 132 132 132 132 132 132 133 133 133 133 133 133 133 133 134 134 134 134 134 134 134 134 134 134 134 134 134 135 135 135 135 135
135 135 135 135 134 134 134 134 134 134 133 133 133 133 133 133 133 134 134 134 134 134 134 133 133 131 128 125 121 117 114 112 111 112 114 116 119 121 123 124 125 126 126 127 128 129 129 129 130 130 130 131 131 131 131 131 131 131 131 131 131 131 131 131 131 131 132 132 132 132 132 133 133 133 133 134 134 134 134 134 134 134 134 135 135 135 135 135 135 135 135 135 135 135
135 135 135 135 134 134 134 134 134 134 133 133 133 133 133 133 134 134 134 134 135 135 135 134 133 131 128 124 119 115 112 111 110 110 112 114 117 120 122 124 125 125 126 127 128 129 130 130 130 130 130 130 131 131 131 131 130 130 130 131 131 131 131 131 131 132 132 132 132 132 132 133 133 133 134 134 134 134 134 134 134 135 135 135 135 135 135 135 135 135 136 136 135 135
135 135 135 135 135 134 134 134 134 134 133 133 133 133 133 134 134 135 135 135 136 136 136 135 134 132 128 124 119 115 113 111 110 110 111 114 118 121 124 125 125 125 126 128 129 130 131 131 130 130 130 130 131 131 131 131 130 130 131 131 131 131 132 132 132 132 132 132 133 133 133 134 134 134 134 134 134 134 135 135 135 135 135 135 135 136 136 136 136 136 136 136 136 136
135 135 135 135 135 135 134 134 134 134 134 134 133 133 134 134 135 135 136 136 137 137 137 137 135 133 129 125 121 118 115 114 112 111 113 117 121 123 126 128 127 127 128 130 131 132 132 132 132 131 131 131 131 131 132 132 131 131 132 132 132 133 133 133 133 133 133 133 134 134 134 135 135 135 135 135 135 135 135 135 135 135 135 135 136 136 136 136 136 136 136 136 136 136
135 135 135 135 135 135 135 134 134 134 134 134 134 134 134 134 135 136 137 138 138 139 139 139 138 136 133 130 127 123 121 119 118 116 117 120 124 127 130 132 132 131 131 133 134 135 135 134 134 133 133 133 133 133 133 133 133 133 133 133 133 134 134 135 135 135 135 135 135 135 135 136 136 136 136 136 136 135 135 135 135 135 135 135 136 136 136 136 136 136 136 136 136 136
136 136 136 135 135 135 135 135 135 135 135 135 134 134 134 135 135 137 138 139 140 141 142 142 142 141 138 135 133 130 128 127 125 123 122 125 129 132 135 138 137 136 136 137 138 139 139 138 137 136 135 135 135 135 136 136 135 135 135 135 135 136 136 136 136 136 136 136 136 136 136 137 137 137 137 136 136 136 136 136 136 135 136 136 136 136 136 136 136 136 136 136 136 136
