data/NorthBerwickLaw_45_1_25m_vel.asc
ncols	257
nrows	257
xllcorner	3503625.000000
yllcorner	3730350.000000
cellsize	25.000000
NODATA_value	-1.000000
[rows 76 to 113 of 257, columns 168 to 251 of 257]
2.70 2.70 2.70 2.70 2.70 2.70 2.70 2.70 2.70 2.70 2.70 2.70 2.70 2.70 2.70 2.70 2.70 2.70 2.70 2.70 2.69 2.69 2.69 2.69 2.69 2.68 2.68 2.68 2.68 2.68 2.68 2.68 2.68 2.68 2.68 2.68 2.68 2.68 2.68 2.68 2.68 2.68 2.68 2.68 2.68 2.68 2.68 2.68 2.68 2.68 2.68 2.68 2.68 2.68 2.68 2.68 2.68 2.68 2.68 2.68 2.68 2.68 2.69 2.69 2.69 2.69 2.69 2.69 2.69 2.70 2.70 2.70 2.70 2.70 2.70 2.70 2.70 2.70 2.70 2.70 2.70 2.70 2.70 2.70
2.70 2.70 2.70 2.70 2.70 2.70 2.70 2.70 2.70 2.70 2.70 2.70 2.70 2.70 2.70 2.70 2.70 2.70 2.70 2.69 2.69 2.69 2.69 2.69 2.68 2.68 2.68 2.68 2.68 2.67 2.67 2.67 2.67 2.67 2.67 2.67 2.67 2.67 2.67 2.68 2.68 2.68 2.68 2.68 2.68 2.67 2.67 2.67 2.67 2.67 2.67 2.67 2.67 2.67 2.67 2.67 2.67 2.67 2.68 2.68 2.68 2.68 2.68 2.68 2.69 2.69 2.69 2.69 2.69 2.69 2.70 2.70 2.70 2.70 2.70 2.70 2.70 2.70 2.70 2.70 2.70 2.70 2.70 2.70
2.70 2.70 2.70 2.70 2.70 2.70 2.70 2.70 2.70 2.70 2.70 2.70 2.70 2.70 2.70 2.70 2.70 2.70 2.70 2.69 2.69 2.69 2.69 2.68 2.68 2.68 2.67 2.67 2.67 2.67 2.67 2.67 2.67 2.67 2.67 2.67 2.67 2.67 2.67 2.67 2.67 2.67 2.67 2.67 2.67 2.67 2.67 2.67 2.67 2.67 2.66 2.66 2.66 2.66 2.66 2.66 2.66 2.67 2.67 2.67 2.67 2.68 2.68 2.68 2.68 2.68 2.69 2.69 2.69 2.69 2.69 2.70 2.70 2.70 2.70 2.70 2.70 2.70 2.70 2.70 2.70 2.70 2.70 2.70
2.70 2.70 2.70 2.70 2.70 2.70 2.70 2.70 2.70 2.70 2.70 2.70 2.70 2.70 2.70 2.70 2.70 2.70 2.69 2.69 2.69 2.68 2.68 2.68 2.68 2.67 2.67 2.66 2.66 2.66 2.66 2.66 2.66 2.66 2.66 2.66 2.66 2.66 2.66 2.66 2.66 2.66 2.67 2.66 2.66 2.66 2.66 2.66 2.66 2.66 2.66 2.65 2.65 2.65 2.65 2.65 2.65 2.66 2.66 2.66 2.67 2.67 2.67 2.68 2.68 2.68 2.68 2.69 2.69 2.69 2.69 2.69 2.69 2.70 2.70 2.70 2.70 2.70 2.70 2.70 2.70 2.70 2.70 2.70
2.69 2.70 2.70 2.70 2.70 2.70 2.70 2.70 2.70 2.70 2.70 2.70 2.70 2.70 2.70 2.70 2.70 2.70 2.69 2.69 2.69 2.68 2.68 2.67 2.67 2.66 2.66 2.66 2.65 2.65 2.65 2.64 2.65 2.65 2.65 2.65 2.65 2.65 2.65 2.65 2.66 2.66 2.66 2.66 2.66 2.66 2.66 2.65 2.65 2.65 2.65 2.64 2.64 2.64 2.64 2.64 2.64 2.64 2.65 2.65 2.66 2.66 2.67 2.67 2.67 2.68 2.68 2.68 2.68 2.69 2.69 2.69 2.69 2.69 2.70 2.70 2.70 2.70 2.70 2.70 2.70 2.70 2.70 2.70
2.69 2.69 2.69 2.70 2.70 2.70 2.70 2.70 2.70 2.70 2.70 2.70 2.70 2.70 2.70 2.70 2.70 2.70 2.69 2.69 2.68 2.68 2.67 2.67 2.66 2.65 2.65 2.64 2.63 2.63 2.63 2.63 2.63 2.63 2.64 2.64 2.64 2.64 2.64 2.65 2.65 2.65 2.65 2.65 2.65 2.65 2.65 2.64 2.64 2.64 2.63 2.63 2.62 2.62 2.63 2.63 2.63 2.63 2.63 2.64 2.65 2.65 2.66 2.66 2.67 2.67 2.67 2.68 2.68 2.68 2.69 2.69 2.69 2.69 2.69 2.70 2.70 2.70 2.70 2.70 2.70 2.70 2.70 2.70
2.69 2.69 2.69 2.69 2.69 2.70 2.70 2.70 2.70 2.70 2.70 2.70 2.70 2.70 2.70 2.70 2.70 2.70 2.69 2.69 2.68 2.67 2.66 2.65 2.65 2.64 2.63 2.62 2.61 2.61 2.60 2.61 2.61 2.62 2.62 2.62 2.63 2.63 2.63 2.64 2.64 2.64 2.64 2.64 2.64 2.64 2.64 2.63 2.62 2.62 2.62 2.61 2.60 2.60 2.60 2.60 2.61 2.62 2.62 2.63 2.64 2.64 2.65 2.65 2.66 2.66 2.67 2.67 2.68 2.68 2.68 2.69 2.69 2.69 2.69 2.69 2.70 2.70 2.70 2.70 2.70 2.70 2.70 2.70
2.69 2.69 2.69 2.69 2.69 2.69 2.70 2.70 2.70 2.70 2.70 2.71 2.71 2.71 2.71 2.71 2.70 2.69 2.69 2.68 2.67 2.65 2.64 2.63 2.63 2.62 2.61 2.58 2.55 2.55 2.56 2.57 2.58 2.59 2.60 2.60 2.61 2.61 2.62 2.62 2.63 2.63 2.63 2.63 2.62 2.62 2.62 2.61 2.60 2.60 2.59 2.58 2.57 2.57 2.57 2.57 2.58 2.59 2.60 2.61 2.62 2.63 2.64 2.64 2.65 2.66 2.66 2.67 2.67 2.68 2.68 2.68 2.69 2.69 2.69 2.69 2.70 2.70 2.70 2.70 2.70 2.70 2.70 2.70
2.68 2.69 2.69 2.69 2.69 2.69 2.69 2.69 2.70 2.70 2.70 2.71 2.71 2.71 2.71 2.71 2.70 2.69 2.68 2.67 2.66 2.64 2.61 2.58 2.57 2.58 2.60 2.56 2.48 2.44 2.47 2.51 2.53 2.55 2.56 2.57 2.58 2.59 2.59 2.60 2.61 2.61 2.61 2.61 2.61 2.60 2.59 2.57 2.56 2.56 2.55 2.53 2.52 2.52 2.52 2.52 2.54 2.56 2.57 2.59 2.60 2.61 2.63 2.63 2.64 2.65 2.65 2.66 2.67 2.67 2.68 2.68 2.68 2.69 2.69 2.69 2.69 2.69 2.70 2.70 2.70 2.70 2.70 2.70
2.68 2.68 2.68 2.69 2.69 2.69 2.69 2.69 2.70 2.70 2.70 2.71 2.71 2.71 2.71 2.70 2.70 2.69 2.67 2.64 2.62 2.62 2.59 2.56 2.53 2.54 2.61 2.64 2.54 2.42 2.40 2.42 2.44 2.48 2.49 2.51 2.53 2.55 2.56 2.57 2.58 2.59 2.60 2.59 2.58 2.57 2.56 2.53 2.51 2.49 2.46 2.43 2.42 2.41 2.41 2.43 2.48 2.52 2.54 2.56 2.58 2.60 2.61 2.63 2.63 2.64 2.65 2.65 2.66 2.67 2.67 2.68 2.68 2.68 2.69 2.69 2.69 2.69 2.69 2.70 2.70 2.70 2.70 2.70
2.68 2.68 2.68 2.68 2.68 2.69 2.69 2.69 2.69 2.70 2.70 2.71 2.72 2.73 2.71 2.69 2.66 2.67 2.69 2.63 2.58 2.61 2.62 2.62 2.62 2.61 2.65 2.74 2.72 2.58 2.48 2.41 2.40 2.42 2.41 2.41 2.45 2.48 2.50 2.52 2.54 2.55 2.56 2.57 2.56 2.56 2.56 2.55 2.55 2.52 2.45 2.38 2.36 2.32 2.27 2.29 2.38 2.46 2.51 2.53 2.56 2.58 2.59 2.61 2.62 2.63 2.64 2.65 2.65 2.66 2.67 2.67 2.68 2.68 2.68 2.69 2.69 2.69 2.69 2.69 2.70 2.70 2.70 2.70
2.67 2.67 2.67 2.68 2.68 2.68 2.68 2.68 2.69 2.69 2.70 2.71 2.74 2.77 2.78 2.75 2.68 2.63 2.71 2.75 2.68 2.68 2.71 2.71 2.73 2.75 2.74 2.79 2.83 2.78 2.68 2.60 2.55 2.52 2.47 2.40 2.40 2.42 2.41 2.42 2.47 2.50 2.53 2.59 2.61 2.62 2.63 2.63 2.68 2.74 2.68 2.58 2.52 2.45 2.28 2.16 2.25 2.38 2.45 2.50 2.52 2.55 2.58 2.59 2.61 2.62 2.63 2.64 2.65 2.65 2.66 2.67 2.67 2.68 2.68 2.68 2.69 2.69 2.69 2.69 2.69 2.70 2.70 2.70
2.66 2.67 2.67 2.67 2.67 2.68 2.67 2.68 2.68 2.69 2.70 2.71 2.75 2.82 2.88 2.91 2.88 2.78 2.79 2.89 2.87 2.84 2.84 2.80 2.77 2.79 2.80 2.82 2.86 2.86 2.83 2.78 2.75 2.72 2.67 2.57 2.50 2.45 2.38 2.34 2.40 2.48 2.54 2.61 2.66 2.69 2.71 2.71 2.76 2.85 2.87 2.83 2.77 2.73 2.54 2.21 2.13 2.25 2.36 2.44 2.49 2.52 2.55 2.58 2.59 2.61 2.62 2.63 2.64 2.65 2.65 2.66 2.67 2.67 2.68 2.68 2.68 2.69 2.69 2.69 2.69 2.69 2.69 2.69
2.66 2.66 2.66 2.66 2.67 2.67 2.67 2.67 2.67 2.68 2.69 2.70 2.73 2.79 2.88 2.98 3.04 3.01 2.94 2.94 2.93 2.89 2.87 2.84 2.80 2.79 2.80 2.82 2.85 2.86 2.83 2.81 2.80 2.80 2.81 2.78 2.73 2.66 2.52 2.43 2.46 2.51 2.56 2.62 2.67 2.70 2.71 2.70 2.73 2.80 2.84 2.85 2.83 2.83 2.77 2.51 2.20 2.15 2.25 2.36 2.45 2.50 2.53 2.55 2.58 2.59 2.61 2.62 2.63 2.64 2.65 2.65 2.66 2.67 2.67 2.68 2.68 2.68 2.69 2.69 2.69 2.69 2.69 2.69
2.65 2.65 2.65 2.66 2.66 2.66 2.66 2.66 2.66 2.66 2.66 2.67 2.71 2.73 2.76 2.83 2.92 2.97 2.96 2.92 2.89 2.86 2.84 2.83 2.81 2.80 2.79 2.80 2.82 2.84 2.82 2.79 2.78 2.79 2.81 2.85 2.89 2.88 2.76 2.61 2.58 2.58 2.59 2.62 2.66 2.71 2.71 2.68 2.68 2.73 2.78 2.80 2.81 2.81 2.82 2.73 2.49 2.23 2.17 2.27 2.39 2.46 2.50 2.53 2.55 2.58 2.59 2.61 2.62 2.63 2.64 2.65 2.65 2.66 2.67 2.67 2.68 2.68 2.68 2.68 2.69 2.69 2.69 2.69
2.63 2.64 2.64 2.65 2.65 2.65 2.65 2.65 2.65 2.65 2.62 2.62 2.65 2.65 2.64 2.67 2.73 2.80 2.85 2.86 2.85 2.82 2.81 2.79 2.78 2.78 2.79 2.79 2.80 2.83 2.83 2.81 2.79 2.78 2.78 2.82 2.88 2.90 2.83 2.73 2.67 2.64 2.62 2.62 2.65 2.70 2.73 2.71 2.67 2.69 2.75 2.79 2.81 2.80 2.78 2.76 2.66 2.39 2.13 2.18 2.33 2.41 2.46 2.51 2.54 2.56 2.58 2.59 2.61 2.62 2.63 2.64 2.65 2.65 2.66 2.67 2.67 2.67 2.68 2.68 2.68 2.69 2.69 2.69
2.62 2.63 2.63 2.63 2.64 2.64 2.64 2.63 2.63 2.62 2.61 2.60 2.61 2.59 2.56 2.57 2.61 2.68 2.74 2.77 2.78 2.78 2.77 2.76 2.75 2.75 2.76 2.77 2.78 2.80 2.81 2.81 2.80 2.78 2.78 2.82 2.88 2.85 2.77 2.74 2.71 2.67 2.64 2.63 2.61 2.64 2.71 2.72 2.68 2.68 2.71 2.76 2.79 2.80 2.78 2.74 2.71 2.46 2.06 2.04 2.22 2.34 2.42 2.47 2.51 2.54 2.56 2.58 2.59 2.61 2.62 2.63 2.64 2.65 2.65 2.66 2.66 2.67 2.67 2.68 2.68 2.68 2.68 2.69
2.59 2.61 2.61 2.62 2.62 2.62 2.62 2.62 2.60 2.57 2.56 2.61 2.62 2.58 2.54 2.54 2.56 2.61 2.67 2.71 2.73 2.74 2.75 2.74 2.74 2.73 2.74 2.75 2.77 2.78 2.79 2.81 2.80 2.79 2.79 2.86 2.97 2.89 2.77 2.75 2.74 2.70 2.67 2.66 2.63 2.61 2.67 2.70 2.68 2.67 2.68 2.72 2.77 2.79 2.79 2.78 2.79 2.60 2.10 1.95 2.10 2.26 2.36 2.43 2.48 2.52 2.54 2.56 2.58 2.60 2.61 2.62 2.63 2.64 2.65 2.65 2.66 2.66 2.67 2.67 2.67 2.68 2.68 2.68
2.56 2.57 2.58 2.59 2.59 2.59 2.58 2.59 2.60 2.55 2.51 2.58 2.63 2.61 2.57 2.56 2.57 2.60 2.64 2.68 2.70 2.71 2.72 2.73 2.73 2.73 2.74 2.75 2.77 2.78 2.79 2.81 2.82 2.81 2.79 2.88 3.02 2.97 2.85 2.82 2.80 2.76 2.73 2.71 2.69 2.66 2.68 2.69 2.68 2.68 2.68 2.70 2.76 2.79 2.82 2.82 2.86 2.82 2.43 1.95 1.96 2.16 2.28 2.38 2.44 2.49 2.52 2.55 2.57 2.58 2.60 2.61 2.62 2.63 2.64 2.65 2.65 2.66 2.66 2.66 2.67 2.67 2.67 2.68
2.54 2.55 2.57 2.58 2.58 2.57 2.56 2.56 2.60 2.59 2.56 2.58 2.63 2.63 2.61 2.59 2.60 2.61 2.64 2.67 2.69 2.70 2.71 2.71 2.72 2.72 2.74 2.75 2.77 2.78 2.79 2.80 2.81 2.80 2.77 2.84 3.01 3.01 2.92 2.89 2.87 2.83 2.79 2.77 2.75 2.74 2.74 2.74 2.72 2.72 2.72 2.73 2.79 2.84 2.86 2.87 2.87 2.92 2.71 2.03 1.78 1.97 2.18 2.31 2.40 2.45 2.50 2.53 2.55 2.57 2.59 2.60 2.61 2.62 2.63 2.64 2.64 2.65 2.65 2.66 2.66 2.66 2.67 2.67
2.57 2.57 2.58 2.59 2.60 2.61 2.59 2.57 2.58 2.60 2.60 2.62 2.65 2.65 2.63 2.62 2.62 2.62 2.64 2.66 2.68 2.69 2.70 2.70 2.71 2.71 2.72 2.73 2.75 2.76 2.77 2.77 2.77 2.76 2.74 2.78 2.93 2.97 2.92 2.90 2.90 2.87 2.85 2.83 2.81 2.80 2.81 2.80 2.77 2.78 2.78 2.78 2.82 2.88 2.91 2.92 2.90 2.92 2.91 2.56 1.89 1.77 2.00 2.21 2.34 2.42 2.46 2.50 2.53 2.55 2.57 2.59 2.60 2.61 2.62 2.63 2.63 2.64 2.64 2.65 2.65 2.66 2.66 2.67
2.60 2.59 2.59 2.60 2.62 2.62 2.62 2.59 2.56 2.57 2.58 2.61 2.65 2.67 2.67 2.65 2.65 2.65 2.65 2.66 2.68 2.69 2.70 2.70 2.71 2.71 2.71 2.72 2.72 2.73 2.74 2.74 2.73 2.72 2.71 2.74 2.83 2.90 2.89 2.88 2.88 2.88 2.87 2.87 2.86 2.86 2.87 2.85 2.82 2.81 2.81 2.80 2.82 2.88 2.93 2.96 2.95 2.93 2.95 2.90 2.52 1.90 1.83 2.06 2.26 2.36 2.43 2.47 2.51 2.54 2.56 2.57 2.59 2.60 2.61 2.61 2.62 2.63 2.63 2.64 2.64 2.65 2.65 2.66
2.61 2.60 2.59 2.59 2.60 2.61 2.61 2.60 2.57 2.56 2.57 2.59 2.63 2.67 2.68 2.68 2.67 2.67 2.67 2.68 2.69 2.70 2.70 2.70 2.71 2.71 2.71 2.71 2.71 2.72 2.72 2.72 2.70 2.69 2.70 2.72 2.77 2.83 2.85 2.85 2.85 2.85 2.87 2.87 2.88 2.89 2.90 2.90 2.85 2.82 2.81 2.79 2.80 2.86 2.92 2.97 2.99 2.95 2.88 2.90 2.85 2.44 1.91 1.91 2.13 2.29 2.38 2.44 2.49 2.52 2.54 2.56 2.57 2.58 2.59 2.60 2.61 2.62 2.62 2.63 2.63 2.64 2.64 2.65
2.61 2.62 2.61 2.60 2.60 2.62 2.63 2.63 2.61 2.60 2.60 2.60 2.63 2.66 2.68 2.69 2.68 2.68 2.69 2.69 2.70 2.70 2.70 2.71 2.71 2.71 2.70 2.70 2.70 2.70 2.71 2.70 2.69 2.68 2.69 2.71 2.74 2.77 2.80 2.82 2.82 2.82 2.84 2.85 2.86 2.87 2.89 2.91 2.88 2.84 2.81 2.79 2.79 2.83 2.89 2.96 2.99 2.96 2.88 2.84 2.87 2.76 2.31 1.94 1.99 2.17 2.32 2.40 2.46 2.49 2.52 2.54 2.56 2.57 2.58 2.59 2.60 2.60 2.61 2.61 2.62 2.62 2.63 2.63
2.61 2.63 2.63 2.62 2.63 2.64 2.66 2.68 2.67 2.65 2.64 2.64 2.65 2.68 2.69 2.70 2.69 2.69 2.69 2.69 2.70 2.70 2.71 2.71 2.71 2.71 2.71 2.71 2.71 2.70 2.70 2.70 2.69 2.68 2.68 2.69 2.71 2.73 2.76 2.78 2.78 2.78 2.80 2.82 2.83 2.84 2.86 2.88 2.89 2.86 2.83 2.80 2.79 2.81 2.85 2.93 3.00 2.98 2.91 2.84 2.82 2.83 2.67 2.29 2.02 2.05 2.22 2.35 2.42 2.47 2.50 2.52 2.54 2.55 2.57 2.57 2.58 2.58 2.59 2.59 2.60 2.61 2.61 2.62
2.60 2.64 2.66 2.65 2.65 2.67 2.69 2.71 2.72 2.71 2.69 2.68 2.68 2.69 2.71 2.71 2.71 2.70 2.70 2.70 2.70 2.71 2.71 2.71 2.71 2.72 2.72 2.72 2.72 2.72 2.71 2.71 2.69 2.68 2.68 2.68 2.68 2.70 2.72 2.74 2.75 2.75 2.77 2.78 2.80 2.82 2.84 2.86 2.87 2.87 2.85 2.82 2.81 2.80 2.82 2.88 2.97 3.00 2.94 2.86 2.81 2.79 2.76 2.62 2.33 2.10 2.13 2.27 2.37 2.43 2.47 2.49 2.51 2.53 2.54 2.55 2.56 2.57 2.57 2.57 2.58 2.58 2.59 2.59
2.60 2.65 2.68 2.69 2.68 2.69 2.71 2.73 2.75 2.75 2.73 2.72 2.71 2.72 2.72 2.73 2.72 2.72 2.72 2.72 2.72 2.72 2.72 2.72 2.71 2.72 2.72 2.72 2.73 2.73 2.73 2.72 2.71 2.70 2.68 2.68 2.67 2.68 2.70 2.71 2.72 2.73 2.74 2.76 2.78 2.80 2.83 2.84 2.86 2.87 2.87 2.85 2.83 2.82 2.82 2.85 2.91 2.98 2.96 2.89 2.82 2.76 2.71 2.67 2.55 2.30 2.14 2.19 2.30 2.38 2.42 2.46 2.48 2.50 2.52 2.53 2.54 2.54 2.55 2.55 2.55 2.55 2.56 2.56
2.63 2.67 2.71 2.72 2.71 2.72 2.73 2.75 2.76 2.77 2.77 2.75 2.75 2.74 2.75 2.75 2.74 2.73 2.73 2.73 2.73 2.73 2.73 2.73 2.72 2.72 2.72 2.72 2.72 2.73 2.73 2.73 2.73 2.72 2.70 2.69 2.69 2.68 2.69 2.70 2.71 2.71 2.72 2.74 2.75 2.77 2.80 2.82 2.84 2.87 2.87 2.88 2.87 2.86 2.85 2.86 2.89 2.94 2.95 2.92 2.85 2.77 2.70 2.64 2.58 2.45 2.28 2.18 2.21 2.29 2.36 2.40 2.43 2.46 2.48 2.50 2.50 2.51 2.51 2.51 2.51 2.51 2.51 2.52
2.68 2.70 2.74 2.75 2.73 2.73 2.74 2.75 2.77 2.78 2.78 2.77 2.77 2.77 2.77 2.77 2.76 2.75 2.74 2.74 2.74 2.74 2.75 2.75 2.74 2.73 2.73 2.72 2.73 2.73 2.74 2.74 2.74 2.73 2.72 2.71 2.70 2.70 2.70 2.71 2.71 2.71 2.72 2.73 2.74 2.76 2.77 2.79 2.82 2.85 2.87 2.88 2.90 2.89 2.89 2.90 2.91 2.93 2.95 2.94 2.88 2.81 2.73 2.66 2.58 2.48 2.39 2.29 2.20 2.17 2.22 2.29 2.35 2.39 2.43 2.45 2.46 2.46 2.45 2.45 2.44 2.45 2.45 2.46
2.74 2.74 2.76 2.76 2.75 2.74 2.74 2.74 2.76 2.77 2.77 2.77 2.77 2.77 2.78 2.78 2.77 2.77 2.76 2.75 2.75 2.75 2.76 2.76 2.76 2.75 2.74 2.74 2.74 2.74 2.74 2.75 2.75 2.74 2.73 2.72 2.71 2.71 2.71 2.71 2.72 2.72 2.73 2.73 2.74 2.75 2.76 2.77 2.79 2.82 2.85 2.88 2.90 2.91 2.92 2.93 2.95 2.96 2.97 2.97 2.93 2.86 2.78 2.71 2.63 2.52 2.43 2.41 2.34 2.22 2.14 2.12 2.19 2.28 2.36 2.40 2.41 2.39 2.35 2.31 2.31 2.33 2.33 2.35
2.78 2.77 2.77 2.77 2.76 2.74 2.74 2.74 2.74 2.75 2.76 2.76 2.76 2.77 2.78 2.78 2.78 2.78 2.77 2.76 2.76 2.76 2.76 2.76 2.77 2.76 2.76 2.75 2.75 2.75 2.75 2.76 2.76 2.75 2.74 2.73 2.72 2.72 2.72 2.72 2.72 2.72 2.73 2.74 2.75 2.75 2.76 2.76 2.77 2.79 2.82 2.86 2.89 2.92 2.93 2.94 2.96 2.99 3.01 3.01 3.00 2.95 2.87 2.78 2.71 2.62 2.52 2.48 2.50 2.47 2.33 2.15 2.08 2.11 2.23 2.35 2.37 2.40 2.36 2.25 2.22 2.25 2.21 2.18
2.79 2.78 2.77 2.77 2.76 2.75 2.74 2.73 2.73 2.74 2.75 2.76 2.76 2.76 2.77 2.77 2.77 2.77 2.77 2.76 2.76 2.76 2.76 2.76 2.76 2.76 2.76 2.76 2.76 2.76 2.76 2.77 2.76 2.76 2.75 2.74 2.73 2.73 2.73 2.72 2.72 2.72 2.72 2.73 2.74 2.75 2.75 2.75 2.75 2.77 2.79 2.82 2.86 2.90 2.92 2.94 2.96 2.99 3.03 3.05 3.05 3.04 2.98 2.90 2.81 2.74 2.65 2.59 2.57 2.60 2.58 2.43 2.26 2.12 2.17 2.34 2.41 2.48 2.52 2.40 2.30 2.30 2.25 2.13
2.78 2.77 2.76 2.76 2.76 2.75 2.74 2.73 2.73 2.73 2.74 2.75 2.75 2.76 2.77 2.77 2.76 2.76 2.76 2.76 2.75 2.76 2.76 2.75 2.76 2.76 2.76 2.76 2.76 2.76 2.77 2.77 2.77 2.76 2.76 2.75 2.74 2.74 2.73 2.73 2.73 2.73 2.73 2.73 2.74 2.74 2.75 2.75 2.75 2.75 2.77 2.80 2.83 2.87 2.90 2.92 2.95 2.98 3.03 3.07 3.09 3.09 3.08 3.02 2.94 2.86 2.79 2.73 2.70 2.69 2.70 2.66 2.56 2.43 2.38 2.42 2.49 2.54 2.58 2.53 2.43 2.39 2.37 2.28
2.77 2.75 2.75 2.75 2.75 2.74 2.74 2.73 2.73 2.73 2.73 2.74 2.75 2.75 2.76 2.76 2.76 2.76 2.76 2.75 2.75 2.75 2.75 2.75 2.75 2.75 2.75 2.75 2.75 2.76 2.76 2.76 2.77 2.76 2.76 2.75 2.75 2.74 2.74 2.74 2.74 2.73 2.73 2.74 2.74 2.74 2.75 2.75 2.75 2.75 2.76 2.79 2.82 2.85 2.88 2.90 2.93 2.97 3.01 3.06 3.11 3.13 3.14 3.11 3.05 2.98 2.92 2.87 2.85 2.84 2.83 2.80 2.75 2.70 2.64 2.59 2.61 2.66 2.65 2.62 2.56 2.49 2.42 2.37
2.75 2.74 2.73 2.73 2.73 2.74 2.73 2.72 2.72 2.72 2.72 2.73 2.74 2.75 2.75 2.75 2.75 2.75 2.75 2.74 2.74 2.74 2.75 2.74 2.74 2.74 2.74 2.74 2.74 2.74 2.75 2.75 2.75 2.75 2.75 2.75 2.75 2.74 2.74 2.74 2.74 2.74 2.74 2.74 2.75 2.75 2.75 2.76 2.75 2.76 2.77 2.79 2.81 2.84 2.87 2.89 2.91 2.93 2.98 3.03 3.09 3.14 3.17 3.17 3.15 3.10 3.04 2.99 2.96 2.96 2.96 2.94 2.90 2.86 2.83 2.78 2.78 2.82 2.81 2.76 2.70 2.63 2.51 2.40
2.74 2.73 2.72 2.72 2.72 2.72 2.72 2.71 2.70 2.70 2.71 2.72 2.73 2.74 2.75 2.75 2.74 2.74 2.74 2.73 2.73 2.73 2.74 2.74 2.73 2.73 2.73 2.73 2.73 2.73 2.73 2.73 2.73 2.73 2.74 2.74 2.74 2.74 2.74 2.74 2.74 2.74 2.75 2.75 2.75 2.76 2.76 2.77 2.77 2.77 2.77 2.79 2.81 2.84 2.86 2.88 2.89 2.91 2.93 2.98 3.03 3.09 3.15 3.18 3.18 3.17 3.13 3.09 3.06 3.05 3.05 3.04 3.01 2.98 2.95 2.92 2.90 2.91 2.92 2.88 2.82 2.75 2.64 2.50
2.73 2.72 2.71 2.70 2.70 2.70 2.70 2.69 2.68 2.68 2.68 2.69 2.71 2.72 2.73 2.73 2.73 2.73 2.73 2.73 2.72 2.72 2.72 2.73 2.72 2.72 2.72 2.72 2.72 2.72 2.72 2.72 2.72 2.72 2.72 2.73 2.73 2.74 2.74 2.74 2.74 2.75 2.75 2.75 2.76 2.76 2.77 2.77 2.77 2.77 2.78 2.79 2.81 2.83 2.86 2.87 2.87 2.88 2.90 2.93 2.97 3.02 3.07 3.12 3.15 3.16 3.16 3.14 3.12 3.11 3.10 3.09 3.07 3.04 3.01 2.98 2.96 2.96 2.98 2.97 2.93 2.88 2.77 2.63
2.72 2.71 2.70 2.69 2.69 2.69 2.69 2.68 2.66 2.66 2.66 2.66 2.67 2.69 2.70 2.71 2.72 2.72 2.73 2.72 2.72 2.72 2.71 2.71 2.71 2.71 2.71 2.71 2.71 2.71 2.71 2.71 2.71 2.71 2.72 2.72 2.73 2.73 2.73 2.73 2.74 2.74 2.74 2.75 2.75 2.76 2.76 2.76 2.77 2.77 2.77 2.78 2.79 2.81 2.83 2.85 2.85 2.85 2.86 2.88 2.91 2.95 2.99 3.03 3.06 3.08 3.09 3.10 3.09 3.09 3.08 3.08 3.08 3.06 3.04 3.03 3.01 3.01 3.02 3.03 3.02 2.99 2.91 2.78
