data/NorthBerwickLaw_45_1_25m_vel.asc
ncols	257
nrows	257
xllcorner	3503625.000000
yllcorner	3730350.000000
cellsize	25.000000
NODATA_value	-1.000000
[rows 190 to 227 of 257, columns 0 to 83 of 257]
2.78 2.76 2.74 2.73 2.73 2.72 2.71 2.70 2.69 2.69 2.69 2.69 2.69 2.69 2.68 2.67 2.67 2.68 2.69 2.70 2.70 2.70 2.70 2.70 2.69 2.69 2.68 2.67 2.67 2.67 2.68 2.69 2.69 2.69 2.68 2.68 2.70 2.71 2.74 2.76 2.76 2.75 2.73 2.72 2.71 2.70 2.70 2.69 2.68 2.67 2.66 2.66 2.66 2.66 2.67 2.70 2.72 2.74 2.75 2.76 2.75 2.75 2.74 2.73 2.72 2.71 2.70 2.68 2.67 2.66 2.67 2.67 2.67 2.68 2.68 2.67 2.67 2.68 2.69 2.69 2.70 2.70 2.70 2.71
2.78 2.76 2.74 2.73 2.73 2.72 2.71 2.70 2.69 2.69 2.69 2.69 2.70 2.70 2.68 2.67 2.67 2.68 2.69 2.70 2.71 2.71 2.71 2.70 2.70 2.70 2.69 2.68 2.67 2.68 2.68 2.69 2.69 2.69 2.68 2.67 2.68 2.70 2.73 2.76 2.78 2.78 2.76 2.75 2.73 2.72 2.72 2.71 2.70 2.69 2.67 2.66 2.66 2.66 2.67 2.69 2.72 2.74 2.76 2.77 2.77 2.77 2.76 2.74 2.73 2.71 2.69 2.67 2.66 2.65 2.65 2.65 2.65 2.65 2.65 2.65 2.65 2.66 2.66 2.66 2.67 2.67 2.68 2.68
2.77 2.76 2.74 2.73 2.73 2.72 2.72 2.71 2.70 2.69 2.69 2.70 2.70 2.70 2.69 2.68 2.68 2.68 2.69 2.70 2.72 2.73 2.73 2.73 2.72 2.71 2.70 2.69 2.68 2.68 2.69 2.69 2.69 2.69 2.68 2.67 2.67 2.69 2.72 2.76 2.79 2.80 2.79 2.78 2.77 2.75 2.75 2.74 2.73 2.72 2.70 2.69 2.68 2.67 2.68 2.69 2.72 2.75 2.77 2.79 2.80 2.80 2.79 2.77 2.74 2.72 2.69 2.67 2.66 2.65 2.64 2.64 2.64 2.64 2.64 2.64 2.63 2.64 2.64 2.64 2.65 2.66 2.66 2.67
2.76 2.75 2.74 2.73 2.73 2.72 2.72 2.71 2.70 2.69 2.69 2.69 2.70 2.71 2.70 2.69 2.69 2.68 2.68 2.70 2.71 2.73 2.74 2.74 2.74 2.73 2.71 2.70 2.69 2.69 2.69 2.70 2.70 2.70 2.69 2.67 2.67 2.68 2.71 2.75 2.79 2.82 2.82 2.82 2.80 2.79 2.78 2.78 2.77 2.75 2.74 2.72 2.70 2.69 2.69 2.70 2.72 2.74 2.77 2.80 2.82 2.83 2.83 2.81 2.78 2.74 2.71 2.69 2.67 2.66 2.66 2.65 2.65 2.65 2.65 2.64 2.64 2.64 2.64 2.64 2.65 2.65 2.66 2.67
2.75 2.74 2.74 2.73 2.73 2.72 2.72 2.72 2.71 2.70 2.69 2.69 2.70 2.70 2.70 2.70 2.69 2.68 2.68 2.69 2.70 2.72 2.74 2.75 2.75 2.74 2.72 2.70 2.70 2.70 2.70 2.71 2.71 2.71 2.70 2.68 2.67 2.67 2.69 2.73 2.78 2.82 2.83 2.84 2.83 2.83 2.82 2.82 2.81 2.79 2.77 2.75 2.73 2.72 2.71 2.71 2.71 2.73 2.76 2.80 2.84 2.86 2.87 2.86 2.83 2.79 2.75 2.72 2.71 2.70 2.69 2.69 2.68 2.68 2.67 2.67 2.67 2.67 2.66 2.66 2.66 2.67 2.67 2.68
2.74 2.74 2.74 2.74 2.73 2.73 2.73 2.73 2.72 2.71 2.70 2.69 2.69 2.70 2.70 2.70 2.69 2.68 2.68 2.68 2.68 2.70 2.73 2.74 2.75 2.74 2.72 2.70 2.70 2.69 2.70 2.70 2.71 2.71 2.70 2.69 2.67 2.66 2.68 2.71 2.75 2.79 2.82 2.83 2.84 2.84 2.84 2.84 2.83 2.82 2.80 2.77 2.76 2.74 2.72 2.71 2.71 2.72 2.74 2.78 2.83 2.88 2.90 2.91 2.88 2.85 2.81 2.78 2.76 2.75 2.74 2.73 2.73 2.72 2.71 2.71 2.71 2.70 2.70 2.69 2.69 2.69 2.69 2.70
2.73 2.73 2.73 2.73 2.73 2.73 2.73 2.73 2.73 2.72 2.71 2.70 2.69 2.69 2.70 2.70 2.69 2.68 2.67 2.67 2.67 2.69 2.71 2.73 2.74 2.74 2.72 2.70 2.69 2.69 2.69 2.70 2.71 2.71 2.70 2.69 2.67 2.66 2.66 2.69 2.72 2.77 2.80 2.81 2.82 2.82 2.82 2.83 2.83 2.83 2.81 2.79 2.77 2.75 2.74 2.73 2.71 2.71 2.72 2.76 2.81 2.87 2.92 2.94 2.93 2.90 2.86 2.83 2.81 2.80 2.80 2.79 2.78 2.77 2.76 2.75 2.75 2.75 2.74 2.73 2.73 2.72 2.72 2.72
2.72 2.72 2.73 2.73 2.73 2.73 2.73 2.74 2.74 2.73 2.71 2.70 2.70 2.69 2.69 2.69 2.69 2.68 2.67 2.66 2.66 2.67 2.69 2.72 2.73 2.74 2.73 2.70 2.69 2.68 2.68 2.69 2.70 2.70 2.69 2.68 2.67 2.65 2.65 2.67 2.70 2.73 2.77 2.78 2.79 2.79 2.80 2.81 2.82 2.82 2.81 2.79 2.78 2.76 2.75 2.74 2.72 2.70 2.70 2.73 2.78 2.84 2.90 2.94 2.95 2.92 2.89 2.86 2.84 2.83 2.83 2.82 2.81 2.80 2.79 2.78 2.77 2.77 2.76 2.76 2.75 2.74 2.74 2.73
2.71 2.72 2.72 2.72 2.72 2.73 2.73 2.74 2.74 2.74 2.73 2.71 2.70 2.70 2.70 2.69 2.69 2.68 2.67 2.66 2.65 2.66 2.68 2.70 2.72 2.73 2.73 2.71 2.69 2.68 2.67 2.68 2.68 2.69 2.68 2.68 2.66 2.65 2.64 2.65 2.67 2.70 2.73 2.75 2.76 2.76 2.77 2.78 2.80 2.81 2.80 2.79 2.78 2.77 2.76 2.75 2.72 2.70 2.69 2.70 2.74 2.80 2.86 2.91 2.93 2.92 2.89 2.86 2.84 2.82 2.81 2.81 2.80 2.80 2.79 2.77 2.76 2.75 2.75 2.75 2.74 2.74 2.74 2.73
2.70 2.71 2.71 2.72 2.72 2.72 2.73 2.74 2.75 2.75 2.74 2.73 2.71 2.71 2.70 2.70 2.70 2.69 2.68 2.67 2.66 2.66 2.67 2.69 2.71 2.73 2.73 2.72 2.70 2.68 2.67 2.67 2.67 2.68 2.67 2.66 2.65 2.64 2.62 2.63 2.64 2.67 2.70 2.72 2.72 2.73 2.74 2.75 2.77 2.78 2.79 2.78 2.77 2.77 2.76 2.75 2.73 2.70 2.68 2.67 2.70 2.74 2.80 2.85 2.88 2.88 2.86 2.83 2.80 2.78 2.77 2.77 2.77 2.76 2.75 2.74 2.72 2.72 2.71 2.71 2.71 2.71 2.71 2.71
2.69 2.70 2.71 2.71 2.71 2.71 2.72 2.74 2.75 2.75 2.75 2.74 2.73 2.72 2.71 2.71 2.71 2.70 2.69 2.68 2.67 2.67 2.68 2.69 2.71 2.72 2.73 2.72 2.71 2.69 2.68 2.67 2.67 2.67 2.66 2.66 2.65 2.63 2.62 2.61 2.63 2.65 2.67 2.69 2.70 2.70 2.70 2.72 2.73 2.75 2.76 2.76 2.75 2.76 2.75 2.74 2.72 2.70 2.67 2.65 2.67 2.70 2.75 2.79 2.83 2.83 2.81 2.79 2.76 2.73 2.72 2.72 2.72 2.71 2.71 2.70 2.68 2.67 2.67 2.67 2.67 2.67 2.67 2.67
2.68 2.69 2.70 2.71 2.71 2.71 2.72 2.73 2.75 2.76 2.76 2.76 2.74 2.73 2.73 2.72 2.72 2.71 2.71 2.70 2.69 2.68 2.69 2.69 2.71 2.72 2.73 2.73 2.72 2.70 2.69 2.68 2.67 2.67 2.66 2.65 2.64 2.63 2.62 2.61 2.61 2.63 2.65 2.67 2.68 2.68 2.68 2.69 2.71 2.72 2.73 2.74 2.73 2.74 2.74 2.73 2.71 2.69 2.66 2.64 2.64 2.67 2.70 2.74 2.77 2.78 2.77 2.74 2.72 2.70 2.68 2.68 2.68 2.68 2.68 2.67 2.65 2.64 2.64 2.64 2.63 2.64 2.64 2.64
2.67 2.68 2.70 2.70 2.70 2.70 2.71 2.73 2.74 2.76 2.77 2.77 2.76 2.75 2.74 2.73 2.73 2.72 2.72 2.71 2.71 2.70 2.70 2.70 2.71 2.72 2.73 2.74 2.74 2.72 2.71 2.70 2.69 2.68 2.67 2.66 2.64 2.63 2.62 2.61 2.61 2.62 2.64 2.65 2.66 2.67 2.67 2.68 2.69 2.70 2.71 2.72 2.71 2.72 2.72 2.71 2.70 2.68 2.65 2.63 2.63 2.65 2.68 2.71 2.74 2.75 2.75 2.72 2.70 2.68 2.66 2.65 2.66 2.66 2.66 2.65 2.64 2.62 2.62 2.62 2.62 2.62 2.62 2.63
2.66 2.68 2.69 2.70 2.70 2.70 2.70 2.72 2.73 2.75 2.76 2.77 2.76 2.75 2.75 2.74 2.73 2.72 2.72 2.72 2.72 2.72 2.71 2.71 2.72 2.72 2.73 2.74 2.75 2.74 2.73 2.72 2.71 2.70 2.68 2.67 2.65 2.64 2.63 2.62 2.61 2.61 2.63 2.63 2.64 2.65 2.65 2.66 2.67 2.68 2.69 2.70 2.70 2.70 2.70 2.70 2.69 2.67 2.65 2.64 2.64 2.65 2.68 2.70 2.72 2.74 2.73 2.72 2.70 2.68 2.66 2.65 2.65 2.66 2.66 2.65 2.64 2.63 2.62 2.62 2.62 2.62 2.62 2.62
2.66 2.68 2.70 2.70 2.70 2.70 2.70 2.71 2.72 2.74 2.76 2.76 2.76 2.75 2.75 2.74 2.74 2.73 2.72 2.72 2.72 2.73 2.73 2.72 2.72 2.73 2.73 2.74 2.75 2.75 2.75 2.74 2.73 2.72 2.70 2.69 2.67 2.66 2.65 2.63 2.62 2.62 2.63 2.63 2.63 2.63 2.64 2.64 2.65 2.67 2.68 2.68 2.68 2.68 2.69 2.69 2.68 2.67 2.65 2.64 2.65 2.66 2.69 2.71 2.73 2.73 2.73 2.72 2.71 2.69 2.68 2.67 2.67 2.67 2.67 2.67 2.66 2.65 2.64 2.64 2.64 2.63 2.63 2.63
2.64 2.67 2.71 2.71 2.71 2.70 2.70 2.70 2.72 2.73 2.75 2.75 2.75 2.75 2.75 2.75 2.74 2.73 2.72 2.72 2.72 2.73 2.74 2.73 2.73 2.73 2.73 2.74 2.76 2.76 2.76 2.75 2.75 2.74 2.73 2.71 2.70 2.68 2.67 2.66 2.65 2.64 2.64 2.63 2.63 2.63 2.63 2.64 2.65 2.66 2.67 2.67 2.68 2.67 2.68 2.68 2.67 2.67 2.66 2.66 2.66 2.68 2.70 2.72 2.74 2.74 2.74 2.74 2.72 2.70 2.69 2.69 2.69 2.69 2.69 2.68 2.67 2.67 2.66 2.66 2.66 2.66 2.65 2.65
2.62 2.66 2.71 2.72 2.73 2.72 2.71 2.70 2.71 2.73 2.74 2.74 2.75 2.74 2.74 2.74 2.74 2.73 2.72 2.71 2.72 2.73 2.73 2.74 2.73 2.73 2.73 2.74 2.75 2.76 2.77 2.76 2.76 2.76 2.75 2.74 2.72 2.71 2.70 2.69 2.68 2.67 2.66 2.65 2.64 2.64 2.63 2.64 2.65 2.66 2.67 2.67 2.68 2.67 2.67 2.67 2.67 2.66 2.66 2.66 2.67 2.69 2.71 2.72 2.74 2.75 2.75 2.75 2.74 2.72 2.70 2.70 2.70 2.70 2.70 2.69 2.68 2.68 2.67 2.66 2.67 2.67 2.67 2.67
2.59 2.63 2.70 2.73 2.73 2.73 2.72 2.71 2.72 2.73 2.73 2.74 2.74 2.73 2.73 2.73 2.73 2.73 2.71 2.71 2.71 2.72 2.72 2.73 2.72 2.72 2.72 2.73 2.74 2.76 2.76 2.76 2.76 2.77 2.76 2.75 2.74 2.73 2.72 2.72 2.71 2.70 2.69 2.68 2.67 2.65 2.64 2.64 2.65 2.66 2.67 2.68 2.68 2.68 2.67 2.67 2.66 2.65 2.65 2.66 2.67 2.69 2.70 2.72 2.73 2.74 2.74 2.75 2.74 2.73 2.71 2.71 2.70 2.70 2.70 2.70 2.69 2.68 2.67 2.67 2.67 2.67 2.67 2.67
2.56 2.61 2.68 2.71 2.73 2.73 2.73 2.72 2.72 2.73 2.74 2.74 2.73 2.73 2.72 2.72 2.73 2.72 2.71 2.71 2.70 2.71 2.71 2.72 2.72 2.71 2.71 2.72 2.73 2.75 2.76 2.76 2.76 2.77 2.77 2.76 2.76 2.75 2.74 2.74 2.73 2.72 2.72 2.71 2.69 2.68 2.66 2.65 2.65 2.66 2.67 2.67 2.68 2.68 2.67 2.66 2.65 2.64 2.64 2.64 2.65 2.67 2.69 2.70 2.71 2.72 2.73 2.74 2.74 2.73 2.72 2.71 2.70 2.70 2.69 2.69 2.69 2.68 2.67 2.67 2.66 2.66 2.66 2.66
2.54 2.58 2.65 2.69 2.71 2.72 2.72 2.72 2.72 2.73 2.74 2.74 2.74 2.73 2.72 2.71 2.72 2.72 2.71 2.71 2.70 2.71 2.71 2.71 2.71 2.71 2.71 2.71 2.73 2.74 2.76 2.76 2.76 2.76 2.76 2.76 2.76 2.76 2.75 2.75 2.74 2.74 2.74 2.73 2.72 2.70 2.68 2.67 2.66 2.66 2.67 2.67 2.68 2.68 2.67 2.66 2.65 2.63 2.63 2.63 2.64 2.65 2.66 2.67 2.68 2.70 2.71 2.72 2.73 2.73 2.72 2.71 2.70 2.69 2.69 2.69 2.69 2.68 2.67 2.67 2.66 2.66 2.66 2.66
2.53 2.57 2.63 2.66 2.69 2.70 2.71 2.71 2.71 2.72 2.74 2.74 2.74 2.73 2.71 2.71 2.70 2.71 2.71 2.70 2.70 2.70 2.71 2.71 2.71 2.71 2.71 2.71 2.72 2.73 2.74 2.75 2.75 2.76 2.76 2.75 2.75 2.75 2.75 2.75 2.75 2.75 2.74 2.74 2.73 2.72 2.70 2.69 2.68 2.67 2.67 2.68 2.68 2.68 2.67 2.66 2.64 2.63 2.62 2.62 2.63 2.64 2.64 2.65 2.65 2.67 2.68 2.70 2.72 2.72 2.72 2.71 2.70 2.70 2.69 2.69 2.69 2.68 2.67 2.67 2.66 2.66 2.66 2.66
2.53 2.56 2.61 2.63 2.66 2.68 2.69 2.69 2.70 2.71 2.73 2.74 2.74 2.73 2.72 2.71 2.70 2.70 2.70 2.70 2.69 2.69 2.70 2.70 2.70 2.71 2.70 2.70 2.71 2.72 2.73 2.74 2.74 2.75 2.75 2.74 2.74 2.74 2.74 2.74 2.74 2.74 2.74 2.74 2.74 2.73 2.72 2.71 2.70 2.69 2.69 2.69 2.69 2.68 2.67 2.66 2.65 2.64 2.63 2.63 2.63 2.64 2.64 2.64 2.64 2.65 2.66 2.68 2.70 2.71 2.72 2.71 2.70 2.70 2.69 2.69 2.69 2.69 2.68 2.67 2.67 2.66 2.66 2.66
2.55 2.57 2.60 2.62 2.64 2.65 2.67 2.67 2.68 2.69 2.71 2.73 2.73 2.73 2.72 2.71 2.70 2.69 2.69 2.69 2.69 2.68 2.69 2.69 2.69 2.70 2.70 2.70 2.69 2.70 2.71 2.72 2.73 2.73 2.73 2.73 2.73 2.73 2.73 2.73 2.73 2.73 2.74 2.74 2.74 2.74 2.73 2.72 2.71 2.71 2.71 2.71 2.71 2.70 2.69 2.68 2.67 2.66 2.66 2.65 2.65 2.66 2.65 2.65 2.64 2.64 2.65 2.66 2.68 2.70 2.71 2.70 2.70 2.69 2.69 2.68 2.69 2.69 2.69 2.68 2.67 2.67 2.66 2.66
2.57 2.58 2.60 2.61 2.63 2.64 2.65 2.66 2.67 2.68 2.70 2.71 2.72 2.73 2.72 2.71 2.70 2.69 2.69 2.69 2.68 2.68 2.68 2.68 2.68 2.68 2.69 2.69 2.68 2.69 2.69 2.70 2.71 2.72 2.73 2.73 2.72 2.72 2.72 2.72 2.72 2.72 2.73 2.73 2.74 2.74 2.74 2.73 2.73 2.73 2.73 2.74 2.74 2.73 2.72 2.71 2.69 2.69 2.68 2.68 2.68 2.68 2.67 2.66 2.65 2.65 2.65 2.66 2.67 2.69 2.70 2.70 2.69 2.69 2.68 2.68 2.69 2.69 2.69 2.69 2.68 2.67 2.67 2.67
2.59 2.60 2.62 2.62 2.63 2.64 2.64 2.65 2.65 2.66 2.68 2.70 2.71 2.72 2.72 2.71 2.70 2.69 2.69 2.69 2.68 2.67 2.67 2.67 2.67 2.67 2.68 2.69 2.68 2.68 2.68 2.68 2.69 2.71 2.72 2.72 2.73 2.73 2.72 2.71 2.71 2.71 2.72 2.72 2.73 2.74 2.74 2.74 2.74 2.74 2.75 2.76 2.76 2.76 2.75 2.73 2.72 2.71 2.71 2.70 2.70 2.70 2.69 2.67 2.66 2.65 2.65 2.65 2.67 2.68 2.69 2.69 2.69 2.68 2.67 2.67 2.68 2.69 2.69 2.69 2.69 2.68 2.67 2.67
2.60 2.61 2.63 2.63 2.64 2.65 2.64 2.64 2.65 2.65 2.66 2.68 2.69 2.71 2.71 2.71 2.70 2.69 2.69 2.69 2.68 2.67 2.66 2.66 2.66 2.66 2.67 2.68 2.68 2.68 2.68 2.68 2.68 2.70 2.71 2.72 2.73 2.73 2.73 2.72 2.71 2.71 2.71 2.71 2.72 2.73 2.73 2.74 2.74 2.74 2.76 2.77 2.78 2.78 2.77 2.75 2.74 2.72 2.72 2.71 2.71 2.70 2.69 2.68 2.66 2.65 2.65 2.65 2.66 2.67 2.68 2.68 2.68 2.67 2.66 2.66 2.66 2.67 2.68 2.69 2.69 2.69 2.68 2.67
2.61 2.62 2.64 2.64 2.65 2.66 2.65 2.65 2.65 2.65 2.66 2.67 2.68 2.69 2.70 2.70 2.70 2.69 2.69 2.69 2.68 2.67 2.66 2.66 2.65 2.66 2.67 2.68 2.68 2.68 2.68 2.68 2.68 2.69 2.71 2.72 2.73 2.74 2.74 2.73 2.72 2.71 2.71 2.71 2.72 2.72 2.73 2.73 2.74 2.74 2.75 2.77 2.78 2.78 2.78 2.76 2.74 2.73 2.71 2.71 2.70 2.70 2.69 2.68 2.66 2.65 2.64 2.64 2.65 2.66 2.67 2.67 2.67 2.66 2.66 2.65 2.65 2.66 2.67 2.68 2.69 2.69 2.68 2.68
2.62 2.63 2.64 2.65 2.66 2.66 2.66 2.66 2.65 2.65 2.66 2.66 2.68 2.69 2.70 2.70 2.70 2.69 2.69 2.69 2.69 2.68 2.67 2.66 2.66 2.66 2.66 2.67 2.68 2.68 2.68 2.68 2.68 2.68 2.70 2.72 2.73 2.75 2.76 2.75 2.74 2.73 2.72 2.71 2.71 2.72 2.72 2.73 2.73 2.74 2.74 2.76 2.78 2.79 2.79 2.77 2.75 2.73 2.71 2.70 2.69 2.69 2.68 2.67 2.66 2.65 2.64 2.65 2.65 2.66 2.67 2.67 2.67 2.66 2.65 2.65 2.64 2.65 2.66 2.67 2.68 2.69 2.69 2.68
2.62 2.63 2.65 2.65 2.66 2.67 2.67 2.66 2.66 2.66 2.66 2.66 2.67 2.68 2.69 2.69 2.69 2.69 2.69 2.69 2.69 2.69 2.68 2.67 2.67 2.66 2.66 2.67 2.68 2.68 2.67 2.67 2.67 2.67 2.69 2.71 2.73 2.74 2.76 2.76 2.75 2.74 2.73 2.72 2.72 2.72 2.72 2.73 2.73 2.73 2.74 2.75 2.77 2.79 2.80 2.80 2.78 2.76 2.73 2.71 2.70 2.69 2.68 2.68 2.67 2.66 2.66 2.66 2.66 2.67 2.67 2.67 2.67 2.67 2.66 2.65 2.65 2.64 2.65 2.66 2.67 2.68 2.69 2.69
2.62 2.63 2.65 2.65 2.66 2.67 2.67 2.67 2.67 2.67 2.66 2.67 2.67 2.68 2.68 2.69 2.69 2.68 2.68 2.68 2.68 2.68 2.68 2.68 2.67 2.67 2.67 2.67 2.68 2.68 2.67 2.67 2.67 2.67 2.68 2.70 2.72 2.73 2.75 2.76 2.76 2.75 2.74 2.73 2.72 2.72 2.72 2.72 2.73 2.73 2.73 2.74 2.77 2.79 2.81 2.82 2.82 2.80 2.78 2.75 2.73 2.72 2.70 2.70 2.69 2.68 2.68 2.68 2.68 2.68 2.69 2.69 2.68 2.68 2.67 2.66 2.65 2.65 2.65 2.66 2.67 2.68 2.69 2.69
2.63 2.64 2.65 2.66 2.66 2.67 2.68 2.67 2.67 2.67 2.67 2.68 2.68 2.68 2.69 2.69 2.68 2.68 2.67 2.67 2.67 2.68 2.68 2.68 2.67 2.67 2.67 2.67 2.68 2.68 2.67 2.67 2.67 2.67 2.67 2.69 2.71 2.72 2.74 2.75 2.75 2.75 2.74 2.73 2.72 2.72 2.72 2.72 2.73 2.73 2.73 2.74 2.76 2.79 2.81 2.84 2.85 2.85 2.83 2.81 2.79 2.76 2.74 2.73 2.72 2.71 2.71 2.71 2.71 2.71 2.71 2.71 2.70 2.70 2.69 2.67 2.66 2.65 2.65 2.65 2.66 2.67 2.68 2.69
2.63 2.64 2.66 2.66 2.67 2.68 2.68 2.68 2.68 2.68 2.68 2.68 2.69 2.70 2.70 2.69 2.69 2.68 2.67 2.66 2.67 2.68 2.68 2.69 2.68 2.68 2.67 2.68 2.69 2.69 2.68 2.67 2.67 2.67 2.66 2.68 2.69 2.71 2.72 2.74 2.75 2.75 2.74 2.73 2.72 2.72 2.72 2.72 2.72 2.73 2.73 2.73 2.75 2.78 2.81 2.84 2.87 2.89 2.88 2.86 2.84 2.81 2.78 2.76 2.75 2.74 2.74 2.73 2.73 2.73 2.73 2.73 2.72 2.71 2.71 2.69 2.68 2.66 2.66 2.65 2.66 2.67 2.68 2.69
2.63 2.65 2.67 2.68 2.68 2.69 2.69 2.68 2.68 2.67 2.68 2.68 2.70 2.71 2.71 2.71 2.70 2.69 2.67 2.66 2.67 2.67 2.69 2.69 2.69 2.68 2.68 2.68 2.69 2.69 2.69 2.68 2.67 2.67 2.66 2.67 2.68 2.69 2.70 2.72 2.73 2.74 2.74 2.73 2.72 2.71 2.72 2.72 2.72 2.73 2.72 2.72 2.73 2.76 2.79 2.82 2.86 2.89 2.90 2.89 2.88 2.85 2.81 2.79 2.77 2.76 2.75 2.75 2.75 2.74 2.74 2.74 2.73 2.73 2.72 2.71 2.69 2.68 2.66 2.66 2.66 2.66 2.67 2.68
2.63 2.65 2.68 2.69 2.70 2.70 2.70 2.69 2.68 2.67 2.67 2.68 2.70 2.72 2.73 2.73 2.72 2.71 2.68 2.67 2.67 2.67 2.68 2.69 2.69 2.69 2.68 2.68 2.69 2.69 2.70 2.69 2.68 2.67 2.67 2.66 2.67 2.68 2.69 2.70 2.72 2.72 2.73 2.73 2.72 2.71 2.71 2.72 2.72 2.72 2.72 2.71 2.71 2.72 2.74 2.78 2.82 2.86 2.88 2.89 2.88 2.86 2.83 2.80 2.78 2.76 2.75 2.75 2.75 2.75 2.74 2.74 2.74 2.74 2.73 2.73 2.71 2.69 2.67 2.66 2.65 2.66 2.67 2.68
2.61 2.64 2.68 2.70 2.71 2.71 2.71 2.70 2.69 2.68 2.67 2.68 2.70 2.72 2.75 2.76 2.75 2.73 2.71 2.69 2.68 2.69 2.69 2.70 2.70 2.70 2.69 2.69 2.69 2.70 2.70 2.70 2.69 2.69 2.68 2.67 2.67 2.67 2.68 2.69 2.70 2.71 2.72 2.72 2.71 2.71 2.71 2.71 2.71 2.72 2.71 2.70 2.69 2.69 2.71 2.73 2.77 2.81 2.84 2.86 2.86 2.85 2.83 2.80 2.78 2.76 2.75 2.74 2.74 2.74 2.74 2.74 2.74 2.74 2.74 2.74 2.72 2.70 2.68 2.66 2.65 2.65 2.66 2.67
2.59 2.62 2.67 2.70 2.72 2.73 2.73 2.72 2.71 2.69 2.68 2.68 2.69 2.72 2.75 2.77 2.77 2.76 2.74 2.71 2.70 2.71 2.71 2.72 2.72 2.71 2.70 2.70 2.70 2.70 2.71 2.71 2.71 2.70 2.69 2.68 2.67 2.67 2.67 2.68 2.70 2.71 2.71 2.71 2.71 2.70 2.71 2.71 2.72 2.72 2.71 2.70 2.68 2.68 2.68 2.70 2.73 2.76 2.80 2.82 2.83 2.83 2.81 2.79 2.77 2.75 2.74 2.73 2.73 2.73 2.72 2.73 2.73 2.74 2.75 2.75 2.74 2.72 2.69 2.67 2.66 2.65 2.66 2.67
2.57 2.60 2.66 2.70 2.72 2.74 2.74 2.74 2.72 2.70 2.69 2.68 2.69 2.71 2.75 2.78 2.79 2.78 2.77 2.74 2.73 2.73 2.73 2.73 2.74 2.73 2.72 2.71 2.71 2.71 2.71 2.72 2.72 2.72 2.71 2.70 2.69 2.68 2.67 2.68 2.69 2.70 2.71 2.71 2.71 2.71 2.71 2.71 2.72 2.72 2.72 2.71 2.69 2.67 2.67 2.68 2.70 2.73 2.76 2.79 2.80 2.81 2.80 2.79 2.77 2.75 2.74 2.73 2.72 2.72 2.71 2.71 2.72 2.73 2.74 2.75 2.75 2.73 2.71 2.68 2.66 2.65 2.65 2.66
2.56 2.59 2.64 2.68 2.71 2.74 2.75 2.75 2.74 2.72 2.71 2.69 2.69 2.70 2.73 2.76 2.78 2.78 2.78 2.76 2.75 2.75 2.75 2.75 2.75 2.75 2.74 2.73 2.72 2.72 2.72 2.73 2.73 2.74 2.73 2.73 2.71 2.70 2.69 2.68 2.69 2.70 2.70 2.71 2.71 2.71 2.71 2.72 2.72 2.73 2.73 2.72 2.70 2.68 2.67 2.68 2.69 2.72 2.75 2.77 2.79 2.79 2.79 2.78 2.76 2.75 2.74 2.73 2.72 2.71 2.71 2.71 2.71 2.72 2.74 2.75 2.76 2.74 2.72 2.69 2.67 2.65 2.65 2.66
