data/NorthBerwickLaw_270_1_25m_vel_mm.asc
ncols	257
nrows	257
xllcorner	3529825.000000
yllcorner	3727275.000000
cellsize	25.000000
NODATA_value	-9999.000000
[rows 0 to 37 of 257, columns 84 to 167 of 257]
0.83 0.84 0.84 0.85 0.85 0.85 0.86 0.86 0.86 0.87 0.87 0.87 0.88 0.88 0.88 0.88 0.88 0.88 0.88 0.88 0.88 0.87 0.86 0.86 0.85 0.83 0.82 0.80 0.78 0.76 0.74 0.72 0.70 0.68 0.65 0.63 0.61 0.58 0.56 0.53 0.51 0.49 0.46 0.44 0.42 0.39 0.37 0.35 0.33 0.30 0.28 0.26 0.24 0.22 0.20 0.19 0.17 0.16 0.14 0.13 0.12 0.11 0.10 0.09 0.08 0.08 0.07 0.07 0.07 0.07 0.07 0.07 0.07 0.07 0.08 0.08 0.08 0.08 0.08 0.09 0.09 0.09 0.09 0.09
0.83 0.84 0.84 0.85 0.85 0.85 0.86 0.86 0.86 0.87 0.87 0.87 0.88 0.88 0.88 0.88 0.88 0.88 0.88 0.88 0.88 0.87 0.86 0.86 0.85 0.83 0.82 0.80 0.78 0.76 0.74 0.72 0.70 0.68 0.65 0.63 0.61 0.58 0.56 0.53 0.51 0.49 0.46 0.44 0.42 0.39 0.37 0.35 0.33 0.30 0.28 0.26 0.24 0.22 0.20 0.19 0.17 0.16 0.14 0.13 0.12 0.11 0.10 0.09 0.08 0.08 0.07 0.07 0.07 0.07 0.07 0.07 0.07 0.07 0.08 0.08 0.08 0.08 0.08 0.09 0.09 0.09 0.09 0.09
0.83 0.84 0.84 0.85 0.85 0.85 0.86 0.86 0.86 0.87 0.87 0.87 0.88 0.88 0.88 0.88 0.88 0.88 0.88 0.88 0.88 0.87 0.86 0.86 0.85 0.83 0.82 0.80 0.78 0.76 0.74 0.72 0.70 0.68 0.65 0.63 0.61 0.58 0.56 0.53 0.51 0.49 0.46 0.44 0.42 0.39 0.37 0.35 0.33 0.30 0.28 0.26 0.24 0.22 0.20 0.19 0.17 0.16 0.14 0.13 0.12 0.11 0.10 0.09 0.08 0.08 0.07 0.07 0.07 0.07 0.07 0.07 0.07 0.07 0.08 0.08 0.08 0.08 0.08 0.09 0.09 0.09 0.09 0.09
0.85 0.85 0.85 0.85 0.85 0.85 0.86 0.86 0.86 0.86 0.87 0.87 0.87 0.88 0.88 0.88 0.88 0.88 0.88 0.87 0.87 0.86 0.86 0.85 0.84 0.82 0.81 0.79 0.78 0.76 0.74 0.72 0.69 0.67 0.65 0.62 0.60 0.57 0.55 0.53 0.50 0.48 0.46 0.43 0.41 0.39 0.37 0.34 0.32 0.30 0.28 0.26 0.24 0.23 0.21 0.19 0.18 0.17 0.16 0.15 0.14 0.14 0.13 0.13 0.12 0.12 0.12 0.12 0.12 0.12 0.12 0.12 0.12 0.12 0.12 0.13 0.13 0.13 0.13 0.13 0.13 0.14 0.14 0.14
0.84 0.85 0.85 0.85 0.85 0.85 0.85 0.85 0.86 0.86 0.86 0.86 0.87 0.87 0.87 0.87 0.87 0.87 0.87 0.87 0.87 0.86 0.85 0.85 0.84 0.83 0.81 0.80 0.78 0.77 0.75 0.73 0.71 0.68 0.66 0.64 0.62 0.59 0.57 0.54 0.52 0.50 0.48 0.45 0.43 0.41 0.39 0.37 0.35 0.33 0.31 0.29 0.27 0.25 0.24 0.23 0.22 0.21 0.20 0.19 0.19 0.18 0.18 0.18 0.17 0.17 0.17 0.17 0.17 0.17 0.17 0.17 0.17 0.17 0.18 0.18 0.18 0.18 0.18 0.19 0.19 0.19 0.20 0.20
0.84 0.84 0.84 0.84 0.84 0.84 0.85 0.85 0.85 0.85 0.85 0.86 0.86 0.86 0.86 0.86 0.86 0.87 0.86 0.86 0.86 0.86 0.85 0.85 0.84 0.83 0.82 0.81 0.79 0.78 0.76 0.74 0.72 0.70 0.68 0.66 0.64 0.62 0.59 0.57 0.55 0.53 0.50 0.48 0.46 0.44 0.42 0.40 0.38 0.36 0.34 0.32 0.31 0.29 0.28 0.27 0.26 0.25 0.24 0.24 0.23 0.23 0.23 0.23 0.23 0.23 0.23 0.23 0.23 0.23 0.23 0.23 0.23 0.24 0.24 0.24 0.24 0.25 0.25 0.25 0.26 0.26 0.27 0.27
0.84 0.84 0.84 0.84 0.84 0.84 0.84 0.84 0.84 0.84 0.85 0.85 0.85 0.85 0.86 0.86 0.86 0.86 0.86 0.86 0.86 0.86 0.85 0.85 0.84 0.83 0.83 0.81 0.80 0.79 0.77 0.76 0.74 0.72 0.70 0.68 0.66 0.64 0.62 0.60 0.58 0.56 0.54 0.52 0.50 0.48 0.46 0.44 0.42 0.40 0.38 0.37 0.35 0.33 0.32 0.31 0.30 0.30 0.29 0.29 0.28 0.28 0.28 0.28 0.28 0.28 0.28 0.28 0.28 0.29 0.29 0.29 0.29 0.29 0.30 0.30 0.30 0.31 0.31 0.32 0.32 0.33 0.33 0.34
0.83 0.83 0.83 0.83 0.83 0.83 0.83 0.83 0.83 0.84 0.84 0.84 0.84 0.85 0.85 0.85 0.85 0.85 0.85 0.85 0.85 0.85 0.85 0.85 0.84 0.84 0.83 0.82 0.81 0.80 0.79 0.78 0.76 0.74 0.73 0.71 0.69 0.67 0.65 0.63 0.61 0.59 0.57 0.55 0.53 0.52 0.50 0.49 0.47 0.45 0.43 0.41 0.40 0.38 0.37 0.36 0.35 0.35 0.34 0.34 0.34 0.34 0.33 0.33 0.34 0.34 0.34 0.34 0.34 0.35 0.35 0.35 0.35 0.36 0.36 0.36 0.37 0.37 0.37 0.38 0.38 0.39 0.39 0.40
0.83 0.83 0.83 0.83 0.83 0.83 0.83 0.83 0.83 0.83 0.83 0.83 0.83 0.84 0.84 0.84 0.84 0.85 0.85 0.85 0.85 0.85 0.85 0.85 0.84 0.84 0.84 0.83 0.82 0.81 0.80 0.79 0.78 0.76 0.75 0.73 0.72 0.70 0.68 0.66 0.64 0.62 0.60 0.59 0.57 0.56 0.54 0.53 0.51 0.49 0.48 0.46 0.45 0.43 0.42 0.41 0.40 0.40 0.39 0.39 0.39 0.39 0.39 0.39 0.39 0.39 0.39 0.40 0.40 0.40 0.40 0.41 0.41 0.41 0.42 0.42 0.42 0.43 0.43 0.44 0.44 0.45 0.45 0.46
0.83 0.82 0.82 0.82 0.82 0.82 0.82 0.82 0.82 0.82 0.82 0.82 0.82 0.83 0.83 0.83 0.83 0.84 0.84 0.84 0.84 0.85 0.85 0.85 0.85 0.84 0.84 0.84 0.83 0.82 0.82 0.81 0.80 0.78 0.77 0.76 0.74 0.72 0.71 0.69 0.67 0.65 0.63 0.62 0.61 0.61 0.60 0.59 0.56 0.54 0.53 0.51 0.49 0.48 0.47 0.45 0.45 0.45 0.44 0.44 0.44 0.44 0.44 0.44 0.45 0.45 0.45 0.45 0.46 0.46 0.46 0.46 0.47 0.47 0.47 0.48 0.48 0.48 0.49 0.49 0.50 0.50 0.51 0.51
0.82 0.82 0.82 0.82 0.81 0.81 0.81 0.81 0.81 0.81 0.81 0.81 0.81 0.82 0.82 0.82 0.83 0.83 0.83 0.84 0.84 0.84 0.84 0.84 0.84 0.85 0.84 0.84 0.84 0.83 0.83 0.82 0.81 0.80 0.79 0.78 0.77 0.75 0.74 0.72 0.70 0.68 0.66 0.64 0.65 0.65 0.66 0.66 0.63 0.60 0.59 0.57 0.55 0.53 0.51 0.50 0.50 0.50 0.49 0.49 0.49 0.49 0.49 0.50 0.50 0.50 0.50 0.50 0.51 0.51 0.51 0.51 0.52 0.52 0.52 0.53 0.53 0.53 0.54 0.54 0.55 0.55 0.56 0.56
0.82 0.82 0.81 0.81 0.81 0.81 0.81 0.81 0.80 0.80 0.80 0.80 0.81 0.81 0.81 0.81 0.82 0.82 0.82 0.83 0.83 0.84 0.84 0.84 0.84 0.85 0.85 0.85 0.85 0.84 0.84 0.83 0.83 0.82 0.81 0.80 0.79 0.77 0.76 0.74 0.73 0.70 0.68 0.65 0.68 0.70 0.71 0.73 0.68 0.65 0.64 0.63 0.60 0.58 0.56 0.54 0.54 0.54 0.54 0.54 0.54 0.54 0.55 0.55 0.55 0.55 0.55 0.55 0.56 0.56 0.56 0.56 0.57 0.57 0.57 0.58 0.58 0.58 0.59 0.59 0.59 0.60 0.60 0.61
0.82 0.81 0.81 0.81 0.81 0.81 0.80 0.80 0.80 0.80 0.80 0.80 0.80 0.80 0.80 0.81 0.81 0.81 0.82 0.82 0.83 0.83 0.84 0.84 0.84 0.85 0.85 0.85 0.85 0.85 0.85 0.85 0.84 0.84 0.83 0.82 0.81 0.80 0.78 0.77 0.75 0.73 0.69 0.66 0.70 0.73 0.76 0.79 0.73 0.69 0.68 0.67 0.64 0.61 0.59 0.56 0.58 0.58 0.58 0.59 0.59 0.59 0.59 0.59 0.59 0.60 0.60 0.60 0.60 0.60 0.61 0.61 0.61 0.61 0.62 0.62 0.62 0.62 0.63 0.63 0.63 0.64 0.64 0.65
0.81 0.81 0.81 0.81 0.81 0.80 0.80 0.80 0.80 0.80 0.80 0.80 0.80 0.80 0.80 0.80 0.80 0.81 0.81 0.82 0.82 0.83 0.83 0.84 0.84 0.85 0.85 0.86 0.86 0.86 0.86 0.86 0.86 0.85 0.85 0.84 0.83 0.82 0.81 0.79 0.78 0.76 0.72 0.69 0.73 0.77 0.81 0.85 0.77 0.74 0.73 0.72 0.68 0.64 0.61 0.59 0.61 0.62 0.62 0.63 0.63 0.63 0.63 0.63 0.64 0.64 0.64 0.64 0.64 0.65 0.65 0.65 0.65 0.66 0.66 0.66 0.66 0.67 0.67 0.67 0.67 0.68 0.68 0.69
0.81 0.81 0.81 0.81 0.80 0.80 0.80 0.80 0.80 0.80 0.80 0.80 0.80 0.80 0.80 0.80 0.80 0.81 0.81 0.82 0.82 0.83 0.83 0.84 0.85 0.85 0.86 0.87 0.87 0.87 0.87 0.88 0.87 0.87 0.87 0.86 0.86 0.84 0.83 0.81 0.81 0.79 0.77 0.74 0.78 0.82 0.85 0.89 0.82 0.78 0.77 0.77 0.71 0.67 0.63 0.60 0.63 0.65 0.66 0.66 0.67 0.67 0.67 0.67 0.67 0.68 0.68 0.68 0.68 0.68 0.69 0.69 0.69 0.69 0.70 0.70 0.70 0.70 0.70 0.71 0.71 0.71 0.72 0.72
0.81 0.81 0.81 0.80 0.80 0.80 0.80 0.80 0.80 0.80 0.80 0.80 0.80 0.80 0.80 0.80 0.81 0.81 0.81 0.82 0.83 0.83 0.84 0.85 0.86 0.86 0.87 0.88 0.88 0.89 0.89 0.89 0.89 0.89 0.89 0.89 0.88 0.87 0.85 0.83 0.84 0.83 0.82 0.79 0.83 0.87 0.90 0.94 0.86 0.84 0.83 0.82 0.75 0.69 0.65 0.62 0.66 0.68 0.69 0.69 0.70 0.70 0.71 0.71 0.71 0.71 0.71 0.72 0.72 0.72 0.72 0.72 0.73 0.73 0.73 0.73 0.73 0.74 0.74 0.74 0.74 0.75 0.75 0.75
0.81 0.81 0.81 0.80 0.80 0.80 0.80 0.80 0.80 0.80 0.79 0.80 0.80 0.80 0.80 0.80 0.81 0.81 0.82 0.82 0.83 0.84 0.85 0.86 0.87 0.87 0.88 0.89 0.90 0.90 0.91 0.91 0.91 0.91 0.91 0.91 0.90 0.89 0.88 0.85 0.87 0.87 0.86 0.84 0.87 0.90 0.93 0.97 0.90 0.87 0.87 0.86 0.77 0.71 0.66 0.63 0.68 0.70 0.71 0.72 0.73 0.74 0.74 0.74 0.74 0.75 0.75 0.75 0.75 0.75 0.75 0.76 0.76 0.76 0.76 0.76 0.77 0.77 0.77 0.77 0.77 0.78 0.78 0.78
0.81 0.81 0.81 0.80 0.80 0.80 0.80 0.80 0.79 0.79 0.79 0.79 0.79 0.80 0.80 0.80 0.81 0.81 0.82 0.83 0.84 0.84 0.85 0.86 0.87 0.88 0.89 0.90 0.91 0.92 0.92 0.93 0.93 0.93 0.93 0.93 0.93 0.92 0.91 0.89 0.91 0.91 0.91 0.91 0.94 0.97 0.99 1.02 0.95 0.93 0.92 0.91 0.81 0.74 0.69 0.66 0.71 0.73 0.75 0.76 0.76 0.77 0.77 0.77 0.77 0.78 0.78 0.78 0.78 0.78 0.78 0.78 0.79 0.79 0.79 0.79 0.79 0.80 0.80 0.80 0.80 0.81 0.81 0.81
0.81 0.81 0.81 0.80 0.80 0.80 0.80 0.80 0.80 0.80 0.80 0.80 0.80 0.80 0.80 0.80 0.81 0.81 0.82 0.83 0.84 0.85 0.86 0.87 0.88 0.89 0.90 0.91 0.92 0.93 0.94 0.94 0.95 0.95 0.95 0.95 0.95 0.95 0.94 0.93 0.94 0.94 0.94 0.94 0.96 0.98 0.99 1.00 0.95 0.92 0.92 0.91 0.83 0.78 0.74 0.72 0.76 0.78 0.79 0.80 0.80 0.81 0.81 0.81 0.81 0.81 0.81 0.81 0.81 0.81 0.81 0.81 0.81 0.82 0.82 0.82 0.82 0.82 0.82 0.83 0.83 0.83 0.83 0.84
0.81 0.81 0.80 0.80 0.80 0.80 0.80 0.80 0.80 0.80 0.80 0.80 0.80 0.80 0.80 0.81 0.81 0.82 0.82 0.83 0.84 0.85 0.86 0.88 0.89 0.90 0.91 0.92 0.93 0.94 0.95 0.96 0.97 0.97 0.98 0.98 0.98 0.97 0.97 0.96 0.97 0.98 0.98 0.97 0.99 1.00 1.01 1.00 0.96 0.95 0.94 0.93 0.88 0.85 0.82 0.80 0.83 0.84 0.85 0.85 0.85 0.85 0.85 0.85 0.85 0.85 0.85 0.85 0.85 0.85 0.85 0.85 0.85 0.85 0.85 0.85 0.85 0.85 0.85 0.85 0.85 0.86 0.86 0.86
0.81 0.81 0.80 0.80 0.80 0.80 0.80 0.80 0.80 0.80 0.80 0.80 0.80 0.80 0.81 0.81 0.82 0.82 0.83 0.84 0.85 0.86 0.87 0.88 0.90 0.91 0.92 0.93 0.95 0.96 0.97 0.98 0.98 0.99 0.99 1.00 1.00 1.00 1.00 1.00 1.00 1.00 1.00 1.00 1.00 1.00 1.00 1.00 0.98 0.96 0.96 0.95 0.93 0.91 0.90 0.89 0.90 0.90 0.90 0.90 0.90 0.90 0.89 0.89 0.89 0.89 0.88 0.88 0.88 0.88 0.88 0.88 0.87 0.87 0.87 0.87 0.87 0.87 0.87 0.88 0.88 0.88 0.88 0.88
0.81 0.81 0.80 0.80 0.80 0.80 0.80 0.80 0.80 0.80 0.80 0.80 0.80 0.80 0.81 0.81 0.82 0.82 0.83 0.84 0.85 0.86 0.88 0.89 0.90 0.92 0.93 0.94 0.96 0.97 0.98 0.99 1.00 1.00 1.01 1.01 1.02 1.02 1.02 1.02 1.02 1.02 1.01 1.01 1.00 1.00 0.99 0.99 0.98 0.97 0.97 0.96 0.95 0.95 0.94 0.94 0.94 0.94 0.94 0.93 0.93 0.93 0.92 0.92 0.91 0.91 0.91 0.91 0.90 0.90 0.90 0.90 0.90 0.89 0.89 0.89 0.89 0.89 0.89 0.89 0.89 0.89 0.89 0.89
0.81 0.81 0.81 0.80 0.80 0.80 0.80 0.80 0.80 0.80 0.80 0.80 0.80 0.80 0.81 0.81 0.82 0.82 0.83 0.84 0.85 0.86 0.88 0.89 0.91 0.92 0.93 0.95 0.96 0.98 0.99 1.00 1.01 1.02 1.02 1.03 1.03 1.04 1.04 1.04 1.04 1.05 1.04 1.04 1.04 1.04 1.03 1.03 1.02 1.02 1.01 1.00 1.00 0.99 0.98 0.97 0.97 0.97 0.96 0.96 0.95 0.95 0.94 0.94 0.94 0.93 0.93 0.93 0.92 0.92 0.92 0.92 0.91 0.91 0.91 0.91 0.91 0.91 0.91 0.91 0.91 0.91 0.91 0.91
0.81 0.81 0.81 0.80 0.80 0.80 0.80 0.80 0.80 0.80 0.80 0.80 0.80 0.81 0.81 0.81 0.82 0.83 0.83 0.84 0.85 0.87 0.88 0.89 0.91 0.92 0.94 0.95 0.97 0.98 0.99 1.01 1.02 1.03 1.03 1.04 1.05 1.05 1.05 1.06 1.06 1.06 1.06 1.06 1.06 1.06 1.05 1.05 1.04 1.03 1.03 1.02 1.01 1.01 1.00 0.99 0.99 0.98 0.98 0.97 0.97 0.96 0.96 0.95 0.95 0.95 0.94 0.94 0.94 0.94 0.93 0.93 0.93 0.93 0.93 0.92 0.92 0.92 0.92 0.92 0.92 0.92 0.92 0.92
0.81 0.81 0.81 0.81 0.81 0.80 0.80 0.80 0.80 0.80 0.80 0.80 0.81 0.81 0.81 0.82 0.82 0.83 0.83 0.84 0.85 0.87 0.88 0.89 0.91 0.92 0.94 0.95 0.97 0.98 1.00 1.01 1.02 1.03 1.04 1.05 1.05 1.06 1.06 1.07 1.07 1.07 1.07 1.07 1.07 1.07 1.06 1.06 1.05 1.04 1.04 1.03 1.02 1.02 1.01 1.00 1.00 0.99 0.99 0.98 0.98 0.97 0.97 0.97 0.96 0.96 0.96 0.95 0.95 0.95 0.95 0.94 0.94 0.94 0.94 0.94 0.94 0.93 0.93 0.93 0.93 0.93 0.93 0.93
0.81 0.81 0.81 0.81 0.81 0.80 0.80 0.80 0.80 0.80 0.80 0.81 0.81 0.81 0.81 0.82 0.82 0.83 0.84 0.84 0.85 0.87 0.88 0.89 0.91 0.92 0.94 0.95 0.97 0.99 1.00 1.01 1.02 1.03 1.04 1.05 1.06 1.06 1.07 1.07 1.07 1.07 1.07 1.07 1.07 1.07 1.07 1.06 1.06 1.05 1.05 1.04 1.03 1.03 1.02 1.01 1.01 1.00 1.00 0.99 0.99 0.98 0.98 0.98 0.97 0.97 0.97 0.96 0.96 0.96 0.95 0.95 0.95 0.95 0.94 0.94 0.94 0.94 0.94 0.94 0.94 0.94 0.94 0.94
0.81 0.81 0.81 0.81 0.81 0.81 0.80 0.80 0.80 0.80 0.81 0.81 0.81 0.81 0.81 0.82 0.82 0.83 0.84 0.84 0.85 0.86 0.88 0.89 0.90 0.92 0.93 0.95 0.97 0.98 1.00 1.01 1.02 1.03 1.04 1.05 1.06 1.06 1.06 1.07 1.07 1.07 1.07 1.07 1.07 1.07 1.07 1.06 1.06 1.06 1.05 1.04 1.04 1.03 1.03 1.02 1.01 1.01 1.00 1.00 0.99 0.99 0.99 0.98 0.98 0.98 0.97 0.97 0.97 0.96 0.96 0.96 0.95 0.95 0.95 0.95 0.95 0.95 0.94 0.94 0.94 0.94 0.94 0.94
0.81 0.81 0.81 0.81 0.81 0.81 0.81 0.81 0.81 0.81 0.81 0.81 0.81 0.81 0.82 0.82 0.82 0.83 0.84 0.84 0.85 0.86 0.87 0.89 0.90 0.91 0.93 0.94 0.96 0.97 0.99 1.00 1.01 1.02 1.03 1.04 1.05 1.05 1.06 1.06 1.06 1.07 1.07 1.07 1.07 1.06 1.06 1.06 1.06 1.05 1.05 1.04 1.03 1.03 1.02 1.02 1.01 1.01 1.00 1.00 0.99 0.99 0.99 0.98 0.98 0.98 0.97 0.97 0.97 0.97 0.96 0.96 0.96 0.96 0.95 0.95 0.95 0.95 0.95 0.95 0.95 0.95 0.95 0.95
0.81 0.81 0.81 0.81 0.81 0.81 0.81 0.81 0.81 0.81 0.81 0.81 0.81 0.82 0.82 0.82 0.83 0.83 0.84 0.84 0.85 0.86 0.87 0.88 0.90 0.91 0.92 0.94 0.95 0.96 0.98 0.99 1.00 1.01 1.02 1.03 1.04 1.04 1.04 1.05 1.05 1.05 1.05 1.05 1.05 1.05 1.05 1.05 1.04 1.04 1.03 1.03 1.02 1.02 1.01 1.01 1.00 1.00 1.00 0.99 0.99 0.99 0.98 0.98 0.98 0.98 0.97 0.97 0.97 0.97 0.96 0.96 0.96 0.96 0.96 0.96 0.95 0.95 0.95 0.95 0.95 0.95 0.95 0.95
0.82 0.81 0.81 0.81 0.81 0.81 0.81 0.81 0.81 0.81 0.81 0.81 0.82 0.82 0.82 0.82 0.83 0.83 0.84 0.85 0.85 0.86 0.87 0.88 0.89 0.90 0.91 0.93 0.94 0.95 0.96 0.98 0.99 1.00 1.00 1.01 1.02 1.02 1.02 1.03 1.03 1.03 1.03 1.03 1.03 1.03 1.03 1.03 1.02 1.02 1.02 1.01 1.01 1.01 1.00 1.00 1.00 1.00 0.99 0.99 0.99 0.99 0.98 0.98 0.98 0.98 0.97 0.97 0.97 0.97 0.96 0.96 0.96 0.96 0.95 0.95 0.95 0.95 0.95 0.95 0.95 0.95 0.95 0.95
0.82 0.81 0.81 0.81 0.81 0.81 0.81 0.81 0.81 0.81 0.81 0.81 0.82 0.82 0.82 0.83 0.83 0.83 0.84 0.85 0.85 0.86 0.87 0.88 0.88 0.90 0.91 0.92 0.93 0.94 0.95 0.96 0.97 0.98 0.98 0.99 0.99 1.00 1.00 1.00 1.00 1.01 1.01 1.01 1.01 1.01 1.01 1.01 1.01 1.00 1.00 1.00 1.00 1.00 0.99 0.99 0.99 0.99 0.98 0.98 0.98 0.98 0.97 0.97 0.97 0.97 0.96 0.96 0.96 0.96 0.96 0.95 0.95 0.95 0.95 0.95 0.95 0.95 0.94 0.94 0.94 0.94 0.94 0.94
0.82 0.82 0.81 0.81 0.81 0.81 0.81 0.81 0.81 0.81 0.81 0.82 0.82 0.82 0.82 0.83 0.83 0.84 0.84 0.85 0.85 0.86 0.86 0.87 0.88 0.89 0.90 0.91 0.92 0.92 0.93 0.94 0.95 0.95 0.96 0.96 0.97 0.97 0.97 0.98 0.98 0.98 0.98 0.98 0.99 0.99 0.99 0.99 0.99 0.98 0.98 0.98 0.98 0.98 0.97 0.97 0.97 0.97 0.96 0.96 0.96 0.96 0.95 0.95 0.95 0.95 0.95 0.95 0.95 0.95 0.94 0.94 0.94 0.94 0.94 0.94 0.94 0.94 0.94 0.94 0.94 0.94 0.94 0.94
0.82 0.82 0.82 0.82 0.81 0.81 0.81 0.81 0.81 0.81 0.82 0.82 0.82 0.82 0.82 0.83 0.83 0.84 0.84 0.85 0.85 0.86 0.86 0.87 0.88 0.88 0.89 0.90 0.91 0.91 0.92 0.93 0.93 0.94 0.94 0.94 0.95 0.95 0.95 0.96 0.96 0.96 0.96 0.96 0.96 0.97 0.97 0.96 0.96 0.96 0.96 0.96 0.96 0.96 0.95 0.95 0.95 0.95 0.95 0.95 0.94 0.94 0.94 0.94 0.94 0.94 0.94 0.94 0.94 0.94 0.94 0.94 0.94 0.94 0.94 0.93 0.93 0.93 0.93 0.93 0.93 0.93 0.93 0.93
0.82 0.82 0.82 0.82 0.82 0.82 0.82 0.82 0.82 0.82 0.82 0.82 0.82 0.82 0.83 0.83 0.83 0.84 0.84 0.85 0.85 0.86 0.86 0.87 0.87 0.88 0.89 0.89 0.90 0.90 0.91 0.91 0.92 0.92 0.92 0.93 0.93 0.93 0.94 0.94 0.94 0.94 0.94 0.94 0.94 0.94 0.95 0.94 0.94 0.94 0.94 0.94 0.94 0.94 0.94 0.94 0.94 0.94 0.94 0.94 0.94 0.94 0.94 0.94 0.93 0.93 0.93 0.93 0.93 0.93 0.93 0.93 0.93 0.93 0.93 0.93 0.93 0.93 0.92 0.92 0.92 0.92 0.92 0.92
0.82 0.82 0.82 0.82 0.82 0.82 0.82 0.82 0.82 0.82 0.82 0.82 0.82 0.82 0.83 0.83 0.83 0.84 0.84 0.85 0.85 0.86 0.86 0.87 0.87 0.88 0.88 0.88 0.89 0.89 0.90 0.90 0.90 0.91 0.91 0.91 0.92 0.92 0.92 0.92 0.92 0.92 0.93 0.93 0.93 0.93 0.93 0.93 0.93 0.93 0.93 0.93 0.93 0.93 0.93 0.93 0.93 0.92 0.92 0.92 0.92 0.92 0.92 0.92 0.92 0.92 0.92 0.92 0.92 0.92 0.91 0.91 0.91 0.91 0.91 0.91 0.91 0.91 0.91 0.91 0.91 0.91 0.91 0.92
0.82 0.82 0.82 0.82 0.82 0.82 0.82 0.82 0.82 0.82 0.82 0.82 0.82 0.83 0.83 0.83 0.83 0.84 0.84 0.85 0.85 0.85 0.86 0.86 0.87 0.87 0.88 0.88 0.88 0.89 0.89 0.89 0.89 0.90 0.90 0.90 0.91 0.91 0.91 0.91 0.91 0.91 0.92 0.92 0.92 0.92 0.92 0.92 0.92 0.92 0.92 0.92 0.92 0.92 0.92 0.92 0.92 0.91 0.91 0.91 0.91 0.91 0.91 0.91 0.91 0.91 0.90 0.90 0.90 0.90 0.90 0.90 0.90 0.90 0.90 0.90 0.90 0.90 0.90 0.90 0.90 0.90 0.90 0.91
0.82 0.82 0.82 0.82 0.82 0.82 0.82 0.82 0.82 0.82 0.82 0.82 0.82 0.83 0.83 0.83 0.84 0.84 0.84 0.85 0.85 0.85 0.86 0.86 0.87 0.87 0.87 0.88 0.88 0.88 0.89 0.89 0.89 0.89 0.90 0.90 0.90 0.90 0.91 0.91 0.91 0.91 0.91 0.91 0.91 0.91 0.91 0.91 0.91 0.91 0.91 0.91 0.91 0.91 0.91 0.91 0.91 0.91 0.91 0.91 0.90 0.90 0.90 0.90 0.90 0.90 0.90 0.90 0.90 0.90 0.90 0.90 0.90 0.90 0.90 0.90 0.90 0.90 0.90 0.90 0.90 0.90 0.90 0.90
0.82 0.82 0.82 0.82 0.82 0.82 0.82 0.82 0.82 0.82 0.82 0.82 0.83 0.83 0.83 0.83 0.84 0.84 0.84 0.85 0.85 0.85 0.86 0.86 0.86 0.87 0.87 0.87 0.88 0.88 0.88 0.89 0.89 0.89 0.89 0.90 0.90 0.90 0.90 0.90 0.91 0.91 0.91 0.91 0.91 0.91 0.91 0.91 0.91 0.91 0.91 0.91 0.91 0.91 0.91 0.91 0.91 0.91 0.90 0.90 0.90 0.90 0.90 0.90 0.90 0.90 0.90 0.90 0.90 0.89 0.89 0.89 0.89 0.89 0.89 0.89 0.89 0.89 0.89 0.89 0.89 0.89 0.89 0.89
