data/NorthBerwickLaw_45_1_25m_ang.asc
ncols	257
nrows	257
xllcorner	3503625.000000
yllcorner	3730350.000000
cellsize	25.000000
NODATA_value	-1.000000
[rows 110 to 164 of 257, columns 96 to 191 of 257]
47 47 47 47 47 47 47 47 47 47 46 46 46 46 45 46 45 45 45 45 44 44 44 44 44 44 44 43 43 44 44 45 45 45 44 44 43 43 43 44 44 44 45 45 44 44 44 44 44 44 44 44 44 44 44 44 44 44 44 45 45 44 44 44 43 43 43 43 43 43 43 43 43 43 43 43 44 44 44 44 44 43 43 44 44 44 44 44 44 44 44 44 44 44 44 44
47 47 47 47 47 47 47 47 47 47 46 46 46 46 46 46 46 45 45 45 44 44 44 44 44 44 44 44 44 44 45 46 46 46 45 44 44 44 44 45 45 45 45 45 45 45 45 44 44 44 44 44 44 44 44 44 44 44 45 45 45 45 45 44 44 44 44 44 44 44 44 44 44 44 44 44 44 44 44 44 44 44 44 44 44 44 44 44 44 44 44 44 44 44 45 45
46 47 47 47 47 47 47 47 47 47 47 46 46 46 46 46 46 46 45 45 45 44 44 44 44 44 44 44 44 45 46 47 47 47 46 45 45 45 45 45 45 45 45 45 45 45 45 45 45 45 45 45 45 45 45 45 45 45 45 45 45 45 45 45 44 44 44 44 44 44 44 44 44 44 44 44 44 45 45 45 44 44 44 44 44 44 44 44 44 44 44 44 45 45 45 45
46 46 46 46 46 46 46 46 47 47 46 46 46 46 46 46 46 46 46 45 45 44 44 44 44 44 44 45 45 46 47 47 47 47 47 46 45 45 45 46 45 45 45 45 45 45 45 45 45 45 45 45 45 45 45 45 45 45 45 45 45 46 45 45 45 44 44 44 44 45 45 45 45 45 45 45 45 45 45 45 45 45 45 45 45 45 45 45 45 45 45 45 45 45 45 45
46 46 46 46 46 46 46 46 46 46 46 46 46 46 46 46 46 46 46 45 45 44 44 44 44 45 45 46 46 47 48 48 49 48 48 47 46 46 46 46 46 46 46 46 46 46 46 45 45 45 45 45 45 45 45 45 45 45 45 45 46 46 45 45 45 45 45 45 45 45 45 45 45 45 45 45 45 46 46 46 46 45 45 46 46 46 46 45 45 45 45 45 45 45 45 45
46 46 46 46 46 46 46 46 46 46 46 46 46 46 46 46 46 46 46 46 46 45 45 45 45 46 46 47 48 49 50 50 50 50 49 48 48 48 48 47 47 47 46 46 46 46 46 46 46 45 45 45 46 46 45 45 45 45 45 46 46 46 46 46 45 45 45 45 45 45 46 46 46 46 46 46 46 46 46 46 46 46 46 46 46 46 46 46 45 45 45 45 45 45 45 45
46 46 46 46 46 46 46 46 46 46 46 46 46 46 46 46 46 47 47 47 46 46 46 46 47 47 48 49 50 51 52 53 53 53 52 51 50 50 49 49 48 48 47 47 47 47 47 46 46 46 46 46 46 46 46 46 46 46 46 46 46 46 46 46 46 46 46 46 46 46 46 46 46 46 46 46 46 46 46 46 46 46 46 46 46 46 46 46 46 45 45 45 45 45 45 45
46 46 46 46 46 46 46 46 46 46 47 47 47 46 46 46 47 47 47 47 47 47 47 47 48 49 50 51 53 54 55 56 56 56 55 54 53 52 51 51 50 49 48 48 48 48 47 47 47 46 46 46 46 46 46 46 46 46 47 47 47 47 47 47 46 46 46 46 46 46 46 46 46 46 46 46 46 46 46 46 46 46 46 46 46 46 46 46 46 45 45 45 45 45 45 45
45 46 46 46 46 46 46 46 46 47 47 47 47 47 46 47 47 47 47 47 47 47 47 48 49 50 52 53 55 57 58 60 60 60 59 58 56 55 54 53 52 51 50 49 49 49 48 48 48 47 47 47 47 47 47 47 47 47 47 48 48 48 47 47 47 47 47 47 47 46 46 46 46 46 46 46 46 46 46 46 46 46 46 46 46 46 46 46 46 45 45 45 45 45 45 45
45 45 46 46 46 46 46 46 47 47 47 47 47 47 47 47 47 47 47 47 47 47 47 48 50 51 53 55 57 59 61 63 64 64 63 61 60 58 56 55 54 52 51 50 50 50 49 49 49 48 48 48 48 48 48 48 48 48 48 48 48 48 48 48 48 48 47 47 47 47 47 47 47 46 46 46 46 46 46 46 46 46 46 46 46 46 46 45 45 45 45 45 45 45 45 45
45 45 46 46 46 46 46 46 47 47 47 47 47 47 47 47 47 47 47 47 46 47 47 48 50 51 54 56 59 61 64 66 67 68 67 65 62 59 58 56 55 54 52 51 51 50 50 50 49 49 49 48 48 48 49 49 49 49 49 49 49 49 49 48 48 48 48 48 47 47 47 47 47 46 46 46 46 46 46 46 46 45 45 45 45 45 45 45 45 45 45 45 45 45 45 45
45 45 46 46 46 46 46 46 47 47 47 47 47 47 46 46 46 46 46 46 46 46 46 48 49 51 53 56 58 61 64 67 70 71 70 68 64 61 58 56 55 54 52 51 50 50 50 50 50 49 49 49 49 49 49 49 49 49 49 49 49 49 48 48 48 48 48 48 47 47 47 46 46 46 46 46 46 46 46 45 45 45 45 45 45 45 45 45 45 44 45 45 45 45 45 45
45 45 45 46 46 46 46 46 47 47 47 47 47 47 46 46 45 45 45 45 45 45 46 47 49 51 52 55 57 60 63 66 70 72 72 69 65 60 57 56 55 53 51 50 49 49 49 49 50 49 49 49 49 49 49 49 49 49 49 48 48 48 48 48 48 48 47 47 47 46 46 46 46 46 46 46 45 45 45 45 45 45 45 44 44 44 44 44 44 44 44 44 44 44 44 44
45 45 45 45 46 46 46 46 46 46 47 47 47 46 46 45 45 44 44 44 44 45 45 46 48 50 51 53 56 58 59 62 66 70 70 67 63 57 53 52 52 50 49 48 47 47 48 48 48 48 49 49 48 48 48 48 48 48 48 47 47 47 47 46 46 47 46 46 46 45 45 45 45 45 45 45 45 45 45 45 45 44 44 44 44 44 44 44 44 44 44 44 44 44 44 44
45 45 45 45 45 46 46 46 46 46 46 46 46 46 45 45 44 43 43 43 43 44 44 45 46 48 49 50 53 54 55 57 61 64 64 61 56 49 46 46 46 46 45 44 44 44 45 46 47 47 47 47 47 46 47 47 47 47 47 46 45 45 45 45 45 45 45 45 45 44 44 44 44 44 44 45 45 45 45 45 45 45 44 44 44 44 44 44 44 44 44 44 44 44 44 44
44 45 45 45 45 45 45 45 45 45 46 46 46 46 45 44 43 42 42 42 42 42 43 43 44 45 46 47 48 49 50 52 55 57 56 51 45 38 36 37 39 39 39 39 39 40 42 43 44 44 44 44 44 44 44 44 44 45 45 44 44 44 44 43 43 44 44 44 43 43 43 43 43 44 44 44 44 44 44 44 44 44 44 44 44 44 44 44 44 44 44 44 44 44 44 44
44 44 44 44 44 45 45 45 45 45 45 45 46 45 45 44 43 41 41 40 40 40 41 41 41 43 43 43 44 45 45 46 49 50 47 42 36 30 28 30 32 33 34 35 35 36 38 40 40 41 41 42 41 41 42 42 42 42 43 42 42 42 42 42 42 43 43 43 43 42 42 43 43 43 44 44 44 44 44 44 44 44 44 44 44 44 44 44 44 44 44 44 44 44 44 44
43 44 44 44 44 44 44 44 44 45 45 45 45 45 45 43 42 40 39 39 38 38 39 39 38 39 40 40 40 41 40 41 43 44 41 37 31 26 24 25 28 30 31 32 33 34 35 36 37 38 39 39 39 39 39 40 40 40 41 41 41 41 41 41 42 42 42 42 42 42 42 42 43 43 43 43 44 44 44 44 44 44 44 44 44 44 44 44 44 44 44 44 44 45 45 45
43 43 44 44 44 44 44 44 44 45 45 45 45 45 44 43 41 39 38 36 36 35 36 36 36 36 37 37 37 38 38 39 41 42 40 36 30 26 24 25 27 29 30 31 32 32 33 35 36 37 37 38 38 38 38 39 39 39 40 40 40 41 41 41 41 42 42 42 42 42 42 42 42 43 43 43 44 44 44 44 44 44 44 44 44 44 44 44 44 44 44 45 45 45 45 45
43 43 43 44 44 44 44 44 44 44 45 45 45 45 44 42 40 38 36 34 34 33 34 34 34 35 35 35 36 37 38 40 43 43 41 38 33 30 28 28 28 30 31 32 32 33 34 35 36 36 37 38 38 38 38 39 39 39 39 40 40 41 41 41 41 42 42 42 42 42 42 42 42 43 43 43 43 44 44 44 44 44 43 43 43 44 44 44 44 44 44 45 45 45 45 45
43 44 44 44 44 44 44 44 44 45 45 45 45 44 43 42 39 37 34 33 32 32 32 33 34 34 35 35 36 38 41 43 45 45 44 41 37 35 33 32 31 33 34 34 35 35 35 36 37 37 38 39 39 39 39 39 39 40 40 40 41 41 41 41 42 42 42 43 43 43 43 42 42 43 43 43 43 44 44 44 44 44 44 44 44 44 44 44 45 45 45 45 45 45 45 45
44 44 44 44 44 45 45 45 45 45 45 45 45 44 43 41 39 36 33 32 31 31 32 33 34 34 36 37 39 41 44 46 47 47 46 44 41 38 37 35 35 36 37 37 38 38 38 38 39 40 40 41 41 41 41 41 41 41 41 41 42 42 42 42 43 43 43 43 43 43 43 43 43 43 43 44 44 44 44 44 44 44 44 44 44 44 45 45 45 45 45 46 46 46 46 46
44 44 45 45 45 45 45 45 45 45 45 45 45 44 43 41 38 35 32 31 30 31 32 33 35 36 38 40 42 44 47 49 50 49 48 46 43 40 39 38 38 38 39 40 40 41 41 41 42 42 42 43 43 43 43 43 43 43 43 43 43 43 44 44 44 44 44 44 44 44 44 44 44 44 44 44 44 45 45 45 45 45 45 45 45 45 45 46 46 46 46 46 46 46 46 46
45 45 45 45 45 45 45 45 45 45 45 45 45 44 42 41 38 35 33 31 30 31 33 34 37 39 41 43 45 47 49 51 52 51 49 47 45 42 41 41 40 40 41 42 42 43 43 43 43 44 44 44 44 44 44 44 44 44 44 44 45 45 45 45 45 45 45 45 45 45 45 45 45 45 45 45 45 45 46 46 46 45 45 45 45 46 46 46 46 46 46 46 47 47 47 47
45 45 45 45 45 45 46 46 46 46 45 45 45 44 43 41 39 36 33 32 31 32 35 37 39 42 44 46 48 50 52 53 53 52 50 49 47 44 43 43 42 42 43 44 44 44 44 44 44 45 45 45 45 45 45 45 45 45 45 45 45 46 46 46 46 46 46 45 45 45 45 45 45 45 45 45 46 46 46 46 46 46 46 46 46 46 46 46 46 46 46 47 47 47 47 47
45 45 46 46 46 46 46 46 46 46 45 45 45 44 43 42 39 37 35 34 33 35 38 40 42 45 47 48 50 52 53 54 54 53 52 50 48 46 45 44 44 43 44 45 45 45 45 45 45 45 46 46 46 46 46 46 45 46 46 46 46 46 46 46 46 46 46 46 46 46 46 45 45 45 45 46 46 46 46 46 46 46 46 46 46 46 46 46 46 46 46 46 46 46 46 46
45 46 46 46 46 46 46 46 46 46 45 45 45 44 44 42 41 39 37 36 36 38 41 43 45 48 49 51 53 54 55 55 54 54 52 51 49 47 46 45 45 45 45 45 45 46 46 46 46 46 46 46 46 46 46 46 46 46 46 46 46 46 46 46 46 46 46 46 46 46 46 45 45 45 45 45 45 46 46 46 46 45 45 45 45 45 45 45 45 45 45 46 46 45 46 45
46 46 46 46 46 46 46 46 46 45 45 45 45 45 44 43 42 41 40 39 40 42 44 46 48 50 52 53 54 55 56 55 55 54 53 51 50 48 47 47 46 46 46 46 46 46 46 46 46 46 47 47 47 47 46 46 46 46 46 46 46 46 46 46 46 46 46 46 45 45 45 45 45 45 45 45 45 45 45 45 45 45 45 45 45 45 45 45 45 44 45 45 45 45 45 45
46 46 46 46 46 46 46 46 45 45 45 45 45 45 45 44 43 43 42 42 43 45 47 49 51 53 54 55 56 56 56 56 55 54 53 52 50 49 48 48 47 47 47 47 47 47 47 47 47 47 47 47 47 47 46 46 46 46 46 46 46 46 46 46 46 46 46 45 45 45 45 45 45 44 44 44 44 44 45 45 44 44 44 44 44 44 44 44 44 44 44 44 44 44 44 44
46 46 46 46 46 46 45 45 45 45 45 45 46 46 45 45 44 44 44 44 45 47 49 51 53 54 56 57 57 57 57 57 56 54 53 52 51 50 49 49 48 48 48 48 48 48 47 47 47 47 47 47 47 47 47 47 46 46 46 46 46 46 46 46 46 46 45 45 45 45 45 45 44 44 44 44 44 44 44 44 44 44 44 44 44 44 44 44 44 44 44 44 44 44 44 44
45 46 46 46 46 46 45 45 45 45 45 46 46 46 46 45 45 45 45 46 47 48 50 52 54 55 57 57 58 58 57 57 56 55 54 52 51 50 50 49 49 49 49 49 48 48 48 48 48 48 47 47 47 47 47 47 46 46 46 46 46 46 46 46 46 46 45 45 45 45 45 45 45 44 44 44 44 44 44 44 44 44 44 44 44 44 44 44 44 44 44 44 44 44 44 44
45 45 46 46 46 45 45 45 45 45 45 46 46 46 46 46 46 46 46 46 47 49 50 52 54 55 56 57 57 57 57 57 56 55 54 52 51 50 50 49 49 49 49 49 49 49 48 48 48 48 48 47 47 47 47 46 46 46 46 46 46 46 46 46 46 46 45 45 45 45 45 45 45 45 45 45 45 45 45 44 44 44 44 44 44 44 44 44 44 44 44 44 44 44 44 44
45 45 45 45 45 45 45 45 45 45 45 45 46 46 46 46 46 46 46 46 47 48 50 51 52 54 55 56 56 56 56 55 55 54 53 51 50 50 49 49 49 48 48 48 48 48 48 48 48 48 47 47 47 46 46 46 46 46 46 46 46 46 46 46 46 46 46 46 45 45 45 45 45 45 45 45 45 45 45 45 45 44 44 44 44 44 44 44 44 44 44 44 44 44 44 44
45 45 45 45 45 45 45 45 45 45 45 45 45 46 45 45 45 45 46 46 47 47 48 49 51 52 53 53 54 54 54 53 53 52 51 50 49 49 48 48 48 48 47 47 47 47 47 47 47 47 47 46 46 46 46 46 46 45 45 45 45 45 46 46 46 46 46 46 46 45 45 45 45 45 45 45 45 45 45 45 45 45 45 45 45 45 44 44 44 44 44 44 44 44 44 44
45 45 45 45 45 45 45 45 45 45 45 45 45 45 45 45 45 45 45 45 46 46 47 48 49 50 50 51 51 51 52 51 51 50 49 49 48 47 47 47 46 46 46 46 46 46 46 46 46 46 46 46 45 45 45 45 45 45 45 45 45 45 45 45 46 46 46 46 46 45 46 46 46 46 46 46 46 46 45 45 45 45 45 45 45 45 45 45 44 44 44 44 44 44 44 44
45 45 45 45 45 45 45 44 44 44 45 45 45 45 45 45 45 45 45 45 45 45 46 46 47 47 48 49 49 49 49 49 48 48 47 47 46 46 46 45 45 45 45 45 45 45 45 45 45 45 45 45 45 45 45 45 45 45 45 45 45 45 45 45 45 46 46 46 46 46 46 46 46 46 46 46 46 46 46 46 45 45 45 45 45 45 45 45 45 45 45 44 44 44 45 45
45 45 45 45 45 44 44 44 44 44 44 44 45 45 45 45 45 44 44 44 44 45 45 45 45 46 46 47 47 47 47 47 46 46 46 46 45 45 45 45 45 44 44 44 45 45 44 45 45 44 44 44 44 44 45 45 45 45 45 45 45 45 45 45 46 46 46 46 46 46 46 46 46 46 46 46 46 46 46 46 46 45 45 45 45 45 45 45 45 45 45 45 45 45 45 45
45 45 45 45 44 44 44 44 44 44 44 44 44 44 44 45 44 44 44 44 44 44 44 44 44 45 45 45 45 45 45 45 45 45 45 45 44 44 44 44 44 44 44 44 44 44 44 44 44 44 44 44 44 44 44 44 44 44 45 45 45 45 45 45 46 46 46 46 46 46 46 46 46 46 46 46 46 46 46 45 45 45 45 45 45 45 45 45 45 45 45 45 45 45 45 45
45 45 44 44 44 44 44 44 44 44 44 44 44 44 44 44 44 44 44 44 44 44 44 44 44 44 44 44 44 44 44 44 44 44 44 44 44 44 44 44 44 44 44 44 44 44 44 44 44 44 44 44 44 44 44 44 44 44 45 45 45 45 45 45 46 46 46 45 45 45 45 45 45 45 45 45 45 45 45 45 45 45 45 45 45 45 45 45 45 45 45 45 45 45 45 45
44 44 44 44 44 44 44 44 44 44 44 44 44 44 44 44 44 44 44 44 44 44 44 44 44 44 44 44 44 44 44 44 44 44 43 43 43 43 43 43 43 43 44 44 44 44 44 44 44 44 44 44 44 44 44 44 44 44 44 44 45 45 45 45 45 45 45 45 45 45 45 45 45 45 45 45 45 45 45 45 45 45 45 45 45 45 45 45 45 45 45 45 45 45 45 45
44 44 44 44 44 44 44 44 44 44 44 44 44 44 44 44 44 44 44 44 44 44 44 44 44 44 44 44 44 44 44 44 44 43 43 43 43 43 43 43 43 43 44 44 44 44 44 44 44 44 44 44 44 44 44 44 44 44 44 44 44 45 45 45 45 45 45 45 45 45 45 45 45 45 45 45 45 45 45 45 45 45 45 45 45 45 45 45 45 45 45 45 45 45 45 45
45 45 45 44 44 44 44 44 44 44 44 44 44 44 44 44 44 44 44 44 44 44 44 44 44 44 44 44 44 44 44 44 44 44 43 43 43 43 43 43 43 44 44 44 44 44 44 44 44 44 44 44 44 44 44 44 44 44 44 44 44 45 45 45 45 45 44 44 44 45 45 45 45 45 45 45 45 45 45 45 45 45 45 45 45 45 45 45 45 45 44 44 44 45 45 45
45 45 45 45 44 44 44 44 44 44 44 44 44 44 44 44 44 44 44 44 44 44 44 44 44 44 44 45 45 45 44 44 44 44 44 44 44 43 43 44 44 44 44 44 44 44 44 44 44 44 44 44 44 44 44 44 44 44 44 44 44 45 45 45 45 44 44 44 44 44 44 44 45 44 44 44 44 44 44 44 44 44 44 44 44 44 44 44 44 44 44 44 44 44 45 45
45 45 45 45 44 44 44 44 44 44 44 44 44 45 45 44 45 45 45 45 45 44 44 44 45 45 45 45 45 45 45 45 45 44 44 44 44 44 44 44 44 44 44 44 44 44 45 45 44 44 44 44 44 44 44 44 44 44 44 44 44 45 45 45 45 44 44 44 44 44 44 44 44 44 44 44 44 44 44 44 44 44 44 44 44 44 44 44 44 44 44 44 44 44 45 45
45 45 45 45 45 44 44 44 44 44 45 45 45 45 45 45 45 45 45 45 45 45 45 45 45 45 45 45 45 45 45 45 45 45 45 44 44 44 44 44 44 44 44 44 44 44 44 45 45 44 44 44 44 44 44 44 44 44 44 44 44 44 45 45 45 44 44 44 44 44 44 44 44 44 44 44 44 44 44 45 45 45 45 44 44 44 44 44 44 44 44 44 44 44 44 45
45 45 45 45 45 45 45 45 45 45 45 45 45 45 45 45 45 45 45 45 45 45 45 45 45 45 45 45 45 45 45 45 45 45 45 45 45 45 45 45 45 44 44 44 44 44 45 45 45 45 44 44 44 44 44 44 44 44 44 44 44 44 45 45 45 45 44 44 44 44 44 45 45 44 44 44 44 44 44 45 45 45 45 45 45 45 45 45 45 45 44 44 44 44 44 45
45 45 45 45 45 45 45 45 45 45 45 45 45 45 45 45 45 45 45 45 45 45 45 45 45 45 45 45 45 45 45 45 45 45 45 45 45 45 45 45 45 45 45 45 44 44 45 45 45 45 44 44 44 44 44 44 44 44 44 44 44 45 45 45 45 45 45 45 45 45 45 45 45 45 45 44 44 44 45 45 45 45 45 45 45 45 45 45 45 45 45 45 45 45 45 45
45 45 45 45 45 45 45 45 45 45 45 45 45 45 45 45 45 45 45 46 45 45 45 45 45 45 45 45 45 46 46 46 45 45 45 45 45 45 45 45 45 45 45 45 45 45 45 45 45 45 44 44 44 44 44 44 44 44 44 44 44 45 45 45 45 45 45 45 45 45 45 45 45 45 45 45 45 45 45 45 45 45 45 45 45 45 45 45 45 45 45 45 45 45 45 45
45 45 45 45 45 45 45 45 45 45 45 46 46 46 46 46 46 46 46 46 46 46 46 46 45 45 45 45 46 46 46 45 45 45 45 45 45 45 45 45 45 45 45 45 45 45 45 45 45 45 45 44 44 44 44 44 44 44 44 44 44 44 45 45 45 45 45 45 45 45 45 45 45 45 45 45 45 45 45 45 45 45 45 45 45 45 45 45 45 45 45 45 45 45 45 45
45 45 45 45 45 45 45 45 46 46 46 46 46 46 46 46 46 46 46 46 46 46 46 46 45 45 45 45 46 46 46 45 45 45 45 45 45 45 45 45 45 45 45 45 45 45 45 45 45 45 45 44 44 44 44 44 44 44 44 44 45 45 45 45 45 45 45 45 45 45 45 45 45 45 45 45 45 45 45 45 45 45 45 45 45 45 45 45 45 45 45 45 45 45 45 46
45 45 45 46 46 46 46 46 46 46 46 46 46 46 46 46 46 46 46 46 46 46 46 46 45 45 45 45 46 46 46 46 46 45 45 45 45 45 45 45 45 45 45 45 45 45 45 45 45 45 45 45 44 44 44 44 44 44 44 45 45 45 45 45 45 45 45 45 45 45 45 45 45 45 45 45 45 45 45 45 45 45 45 45 45 45 45 45 45 45 45 45 45 45 46 46
46 46 46 46 46 46 46 46 46 46 46 46 46 46 46 46 46 46 46 46 46 46 46 46 45 45 45 45 46 46 46 46 46 46 46 45 45 45 45 45 45 45 45 45 45 45 45 45 45 45 45 45 45 45 45 45 45 45 45 45 45 45 45 45 45 45 45 45 45 45 45 45 45 45 45 45 45 45 45 45 45 45 45 45 45 45 45 45 45 45 45 45 45 45 46 46
46 46 46 46 46 46 46 46 46 46 46 46 46 46 46 46 46 46 45 45 45 46 46 45 45 45 45 45 46 46 46 46 46 46 46 45 45 45 45 45 45 45 45 45 45 45 45 45 45 45 45 45 45 45 45 45 45 45 45 45 45 45 45 45 45 45 45 45 45 45 45 45 45 45 45 45 45 45 45 45 45 45 45 45 45 45 45 45 45 45 45 45 45 45 45 46
46 46 46 46 46 46 46 45 45 45 45 45 45 45 45 45 45 45 45 45 45 45 45 45 45 45 45 45 45 46 46 46 46 46 46 45 45 45 45 45 45 45 45 45 45 45 45 45 45 45 45 45 45 45 45 45 45 45 45 45 45 45 45 45 45 45 45 45 45 45 45 45 45 45 45 45 45 45 45 45 45 45 45 45 45 45 45 45 45 45 45 45 45 45 45 45
45 46 45 45 45 45 45 45 45 45 45 45 45 45 45 45 45 45 45 45 45 45 45 45 45 45 45 45 45 45 46 46 46 46 45 45 45 45 45 45 45 45 45 45 46 45 45 45 45 45 45 45 45 45 45 45 45 45 45 45 45 45 45 45 45 45 45 45 45 45 45 45 45 45 45 45 45 45 45 45 45 45 45 45 45 45 45 45 45 45 45 45 45 45 45 45
