data/NorthBerwickLaw_315_1_25m_vel.asc
ncols	257
nrows	257
xllcorner	3503625.000000
yllcorner	3730350.000000
cellsize	25.000000
NODATA_value	-1.000000
[rows 114 to 151 of 257, columns 84 to 167 of 257]
1.02 1.01 1.01 1.00 1.00 1.00 1.00 0.99 0.99 0.99 0.99 0.99 0.99 1.00 1.00 1.00 1.00 0.99 0.99 0.99 0.99 1.00 1.01 1.03 1.03 1.03 1.03 1.03 1.02 1.02 1.02 1.01 1.00 0.99 0.99 0.98 0.97 0.97 0.96 0.96 0.96 0.97 0.97 0.97 0.96 0.95 0.94 0.93 0.94 0.95 0.97 0.98 0.98 0.98 0.97 0.97 0.97 0.98 0.98 0.97 0.97 0.97 0.97 0.97 0.97 0.97 0.97 0.97 0.98 0.98 0.99 1.01 1.01 1.01 1.00 1.00 0.99 0.98 0.97 0.97 0.98 0.99 0.99 0.99
1.02 1.01 1.01 1.01 1.00 1.00 1.00 1.00 0.99 0.99 0.99 0.99 1.00 1.00 1.00 1.00 1.00 0.99 0.99 0.99 1.00 1.01 1.02 1.03 1.03 1.03 1.02 1.02 1.01 1.01 1.01 1.00 0.99 0.98 0.96 0.95 0.94 0.94 0.93 0.93 0.93 0.93 0.93 0.93 0.93 0.93 0.92 0.92 0.93 0.94 0.96 0.97 0.97 0.97 0.96 0.96 0.96 0.97 0.97 0.97 0.97 0.96 0.96 0.96 0.97 0.97 0.97 0.98 0.98 0.99 1.00 1.00 1.00 1.00 0.99 0.98 0.97 0.97 0.97 0.97 0.98 0.98 0.98 0.98
1.01 1.01 1.01 1.01 1.00 1.00 1.00 0.99 0.99 0.99 0.99 1.00 1.00 1.01 1.01 1.00 1.00 0.99 0.99 1.00 1.01 1.02 1.03 1.03 1.03 1.02 1.01 1.01 1.00 1.00 1.00 0.99 0.97 0.95 0.93 0.91 0.90 0.89 0.88 0.88 0.88 0.88 0.89 0.90 0.90 0.90 0.90 0.91 0.92 0.94 0.95 0.95 0.95 0.95 0.95 0.95 0.96 0.96 0.96 0.97 0.96 0.96 0.96 0.96 0.97 0.97 0.97 0.98 0.98 0.98 0.99 0.99 0.99 0.99 0.98 0.97 0.96 0.96 0.96 0.97 0.97 0.97 0.97 0.97
1.01 1.01 1.01 1.01 1.00 1.00 0.99 0.99 0.99 0.99 1.00 1.00 1.00 1.00 1.00 1.00 0.99 0.99 0.99 1.00 1.01 1.02 1.03 1.03 1.02 1.00 1.00 0.99 0.99 0.99 0.99 0.97 0.94 0.92 0.89 0.87 0.85 0.84 0.83 0.82 0.82 0.83 0.85 0.86 0.87 0.88 0.89 0.90 0.91 0.93 0.94 0.94 0.94 0.94 0.94 0.94 0.95 0.95 0.96 0.96 0.96 0.95 0.95 0.96 0.96 0.97 0.97 0.97 0.97 0.97 0.98 0.98 0.98 0.97 0.97 0.96 0.96 0.96 0.96 0.96 0.96 0.97 0.97 0.97
1.01 1.00 1.00 1.00 1.00 0.99 0.99 0.99 0.99 0.99 1.00 1.00 1.00 1.00 1.00 0.99 0.99 0.99 1.00 1.00 1.01 1.02 1.02 1.02 1.00 0.99 0.99 0.98 0.98 0.98 0.97 0.95 0.92 0.88 0.85 0.82 0.80 0.78 0.77 0.76 0.77 0.78 0.80 0.83 0.85 0.88 0.89 0.90 0.91 0.92 0.92 0.92 0.93 0.93 0.93 0.93 0.94 0.95 0.95 0.95 0.95 0.94 0.95 0.95 0.96 0.96 0.96 0.96 0.96 0.96 0.96 0.97 0.96 0.96 0.95 0.95 0.95 0.95 0.95 0.96 0.96 0.96 0.96 0.96
1.00 1.00 1.00 1.00 1.00 0.99 0.99 0.99 0.99 1.00 1.00 1.00 1.00 1.00 0.99 0.99 0.99 0.99 1.00 1.00 1.01 1.01 1.01 1.00 1.00 0.99 0.98 0.98 0.98 0.97 0.95 0.92 0.89 0.85 0.81 0.77 0.74 0.72 0.71 0.70 0.71 0.74 0.78 0.82 0.86 0.90 0.91 0.91 0.91 0.91 0.92 0.92 0.93 0.93 0.93 0.93 0.93 0.94 0.94 0.94 0.94 0.94 0.94 0.94 0.95 0.95 0.95 0.95 0.94 0.94 0.95 0.95 0.95 0.95 0.94 0.94 0.94 0.94 0.95 0.95 0.96 0.96 0.96 0.96
1.00 1.00 1.00 1.00 0.99 0.99 0.99 0.99 0.99 1.00 1.00 1.00 1.00 0.99 0.99 0.99 0.99 0.99 0.99 1.00 1.00 1.01 1.00 1.00 0.99 0.99 0.98 0.98 0.97 0.96 0.94 0.90 0.85 0.80 0.76 0.71 0.68 0.66 0.64 0.65 0.67 0.72 0.77 0.84 0.89 0.93 0.94 0.93 0.93 0.92 0.93 0.93 0.93 0.93 0.93 0.93 0.93 0.94 0.94 0.94 0.94 0.93 0.93 0.93 0.93 0.93 0.93 0.93 0.93 0.93 0.94 0.94 0.94 0.94 0.94 0.93 0.94 0.94 0.95 0.95 0.96 0.96 0.96 0.97
1.00 1.00 0.99 0.99 0.99 0.99 0.99 0.99 1.00 1.00 0.99 0.99 0.99 0.99 0.99 0.99 0.99 0.99 0.99 1.00 1.00 1.00 1.00 1.00 0.99 0.99 0.99 0.98 0.98 0.96 0.92 0.87 0.81 0.76 0.70 0.65 0.62 0.59 0.59 0.61 0.65 0.72 0.79 0.86 0.93 0.96 0.97 0.96 0.95 0.94 0.94 0.94 0.94 0.95 0.94 0.94 0.94 0.94 0.94 0.94 0.93 0.93 0.93 0.93 0.92 0.92 0.92 0.92 0.93 0.94 0.94 0.94 0.94 0.94 0.94 0.94 0.95 0.95 0.96 0.96 0.97 0.97 0.98 0.99
1.00 0.99 0.99 0.99 0.99 0.99 0.99 0.99 1.00 0.99 0.99 0.99 0.99 0.98 0.98 0.99 0.99 0.99 0.99 1.00 1.00 1.00 1.00 1.00 1.00 1.00 1.00 0.99 0.97 0.94 0.89 0.83 0.77 0.70 0.64 0.59 0.56 0.54 0.55 0.59 0.65 0.72 0.80 0.89 0.97 1.02 1.02 1.02 1.00 0.96 0.94 0.96 0.98 0.98 0.98 0.97 0.96 0.95 0.94 0.94 0.94 0.93 0.93 0.92 0.92 0.91 0.92 0.93 0.94 0.95 0.96 0.95 0.95 0.95 0.96 0.96 0.96 0.97 0.97 0.98 0.99 1.00 1.00 1.01
1.00 0.99 0.99 1.00 1.00 1.00 1.00 0.99 0.99 0.99 0.99 0.99 0.99 0.98 0.99 0.99 0.99 0.99 1.00 1.00 1.00 1.00 1.01 1.01 1.01 1.01 1.01 0.99 0.96 0.91 0.85 0.78 0.71 0.64 0.58 0.54 0.52 0.52 0.54 0.60 0.67 0.74 0.82 0.92 1.04 1.10 1.10 1.08 1.04 0.99 0.97 1.00 1.03 1.03 1.01 0.99 0.97 0.95 0.95 0.95 0.95 0.94 0.94 0.93 0.92 0.92 0.94 0.95 0.96 0.97 0.98 0.98 0.97 0.98 0.98 0.98 0.98 0.99 1.00 1.01 1.02 1.02 1.02 1.02
1.00 0.99 1.00 1.00 1.00 1.00 1.00 0.99 0.99 0.99 0.99 0.99 0.99 0.99 0.99 0.99 1.00 1.00 1.00 1.01 1.01 1.01 1.02 1.02 1.03 1.02 1.01 0.98 0.94 0.88 0.81 0.73 0.66 0.59 0.55 0.52 0.51 0.53 0.57 0.63 0.71 0.78 0.86 0.98 1.11 1.19 1.19 1.17 1.12 1.06 1.05 1.08 1.10 1.08 1.05 1.02 0.99 0.98 0.97 0.97 0.97 0.96 0.95 0.95 0.95 0.96 0.97 0.99 0.99 1.00 1.01 1.00 1.00 1.00 1.00 1.01 1.01 1.03 1.04 1.04 1.05 1.04 1.04 1.04
1.00 1.00 1.00 1.00 1.00 1.00 1.00 1.00 1.00 0.99 0.99 0.99 0.99 0.99 1.00 1.00 1.01 1.01 1.01 1.02 1.02 1.02 1.03 1.03 1.03 1.03 1.00 0.96 0.91 0.84 0.76 0.69 0.63 0.58 0.55 0.54 0.55 0.59 0.64 0.71 0.79 0.86 0.93 1.05 1.19 1.29 1.30 1.29 1.25 1.19 1.16 1.18 1.18 1.14 1.10 1.06 1.03 1.01 1.01 1.01 1.00 0.99 0.99 1.00 1.00 1.01 1.02 1.03 1.04 1.04 1.04 1.04 1.03 1.03 1.04 1.04 1.05 1.06 1.07 1.07 1.07 1.06 1.05 1.04
1.00 1.00 1.00 1.00 1.00 1.00 1.00 1.00 1.00 1.00 1.00 1.00 1.00 1.00 1.01 1.01 1.02 1.02 1.02 1.02 1.03 1.03 1.04 1.04 1.03 1.02 0.99 0.93 0.87 0.80 0.73 0.67 0.62 0.59 0.59 0.59 0.62 0.69 0.76 0.83 0.91 0.99 1.06 1.16 1.30 1.40 1.43 1.41 1.37 1.31 1.29 1.29 1.26 1.21 1.16 1.11 1.08 1.06 1.06 1.06 1.05 1.05 1.05 1.06 1.06 1.07 1.08 1.08 1.08 1.08 1.08 1.07 1.06 1.06 1.07 1.07 1.08 1.08 1.09 1.08 1.08 1.07 1.05 1.04
1.00 1.00 1.00 1.00 1.00 1.00 1.01 1.01 1.01 1.01 1.01 1.01 1.01 1.01 1.02 1.02 1.03 1.03 1.03 1.03 1.03 1.03 1.04 1.04 1.03 1.00 0.96 0.90 0.84 0.77 0.71 0.67 0.64 0.63 0.65 0.69 0.74 0.83 0.91 0.99 1.07 1.16 1.23 1.33 1.43 1.48 1.48 1.46 1.43 1.39 1.38 1.37 1.32 1.25 1.19 1.15 1.12 1.11 1.11 1.11 1.11 1.10 1.11 1.11 1.12 1.12 1.13 1.12 1.12 1.11 1.10 1.09 1.08 1.08 1.08 1.09 1.09 1.10 1.09 1.09 1.07 1.06 1.05 1.04
1.01 1.01 1.01 1.01 1.01 1.01 1.01 1.02 1.02 1.02 1.02 1.01 1.01 1.02 1.02 1.03 1.03 1.03 1.03 1.03 1.03 1.04 1.04 1.03 1.01 0.98 0.93 0.88 0.82 0.77 0.72 0.70 0.69 0.71 0.76 0.82 0.89 0.99 1.08 1.16 1.25 1.33 1.39 1.45 1.48 1.47 1.45 1.43 1.41 1.40 1.39 1.35 1.29 1.23 1.19 1.16 1.15 1.15 1.14 1.14 1.14 1.14 1.15 1.15 1.15 1.15 1.14 1.14 1.13 1.12 1.11 1.10 1.09 1.09 1.09 1.09 1.10 1.10 1.09 1.07 1.06 1.04 1.04 1.04
1.01 1.02 1.01 1.01 1.01 1.01 1.02 1.02 1.02 1.02 1.02 1.02 1.02 1.02 1.02 1.03 1.03 1.03 1.03 1.03 1.03 1.03 1.03 1.02 0.99 0.96 0.92 0.87 0.82 0.78 0.76 0.75 0.77 0.81 0.87 0.95 1.04 1.14 1.23 1.32 1.39 1.44 1.46 1.46 1.46 1.42 1.37 1.32 1.29 1.28 1.26 1.23 1.19 1.16 1.14 1.14 1.13 1.14 1.14 1.14 1.14 1.15 1.15 1.15 1.14 1.14 1.13 1.12 1.12 1.11 1.10 1.09 1.09 1.09 1.09 1.09 1.09 1.08 1.07 1.05 1.04 1.04 1.03 1.04
1.02 1.02 1.01 1.01 1.01 1.01 1.01 1.01 1.02 1.02 1.02 1.01 1.02 1.02 1.02 1.02 1.02 1.03 1.03 1.03 1.03 1.02 1.01 1.00 0.98 0.94 0.91 0.87 0.84 0.81 0.80 0.81 0.85 0.90 0.97 1.07 1.17 1.27 1.36 1.43 1.46 1.46 1.44 1.43 1.41 1.34 1.26 1.17 1.10 1.07 1.06 1.06 1.05 1.05 1.05 1.05 1.06 1.08 1.09 1.10 1.11 1.11 1.11 1.11 1.10 1.10 1.10 1.10 1.09 1.08 1.07 1.07 1.07 1.08 1.08 1.07 1.07 1.06 1.04 1.04 1.03 1.03 1.03 1.03
1.02 1.01 1.01 1.01 1.01 1.01 1.01 1.01 1.01 1.01 1.01 1.01 1.01 1.01 1.01 1.02 1.02 1.02 1.02 1.02 1.01 1.01 1.00 0.98 0.96 0.94 0.91 0.89 0.87 0.86 0.86 0.88 0.93 0.99 1.08 1.18 1.28 1.37 1.43 1.45 1.44 1.43 1.41 1.39 1.35 1.25 1.14 1.04 0.96 0.92 0.92 0.92 0.92 0.93 0.95 0.97 0.99 1.01 1.02 1.03 1.04 1.05 1.05 1.06 1.06 1.06 1.06 1.06 1.05 1.04 1.04 1.04 1.05 1.05 1.05 1.04 1.04 1.03 1.02 1.02 1.02 1.02 1.02 1.02
1.01 1.01 1.00 1.00 1.00 1.00 1.00 1.00 1.00 1.00 1.00 1.00 1.00 1.00 1.01 1.01 1.01 1.01 1.01 1.01 1.00 1.00 0.98 0.97 0.96 0.94 0.93 0.92 0.91 0.91 0.92 0.96 1.01 1.08 1.17 1.27 1.34 1.40 1.42 1.42 1.41 1.39 1.37 1.34 1.27 1.16 1.05 0.95 0.88 0.83 0.82 0.82 0.83 0.85 0.88 0.91 0.93 0.95 0.96 0.98 0.99 1.00 1.01 1.02 1.02 1.02 1.02 1.01 1.01 1.01 1.01 1.01 1.01 1.02 1.01 1.01 1.01 1.00 1.00 1.00 1.01 1.01 1.01 1.01
1.01 1.00 1.00 0.99 0.99 0.99 0.99 1.00 1.00 1.00 1.00 0.99 1.00 1.00 1.00 1.01 1.01 1.01 1.00 1.00 0.99 0.98 0.97 0.96 0.96 0.95 0.95 0.95 0.95 0.95 0.97 1.01 1.07 1.15 1.24 1.31 1.36 1.38 1.39 1.38 1.37 1.35 1.31 1.26 1.18 1.07 0.97 0.89 0.82 0.77 0.75 0.76 0.77 0.80 0.84 0.87 0.89 0.91 0.93 0.95 0.96 0.97 0.98 0.99 0.99 0.99 0.99 0.98 0.98 0.98 0.98 0.98 0.99 0.99 0.99 0.99 0.98 0.99 0.99 0.99 0.99 1.00 1.00 1.00
1.00 0.99 0.99 0.98 0.98 0.98 0.99 0.99 0.99 0.99 0.99 0.99 0.99 1.00 1.00 1.00 1.00 1.00 0.99 0.98 0.98 0.97 0.97 0.96 0.96 0.96 0.97 0.97 0.97 0.98 1.01 1.05 1.11 1.18 1.26 1.31 1.34 1.35 1.34 1.33 1.31 1.28 1.24 1.18 1.09 1.00 0.90 0.83 0.77 0.73 0.72 0.73 0.75 0.78 0.82 0.85 0.88 0.90 0.91 0.93 0.94 0.96 0.97 0.97 0.98 0.98 0.97 0.96 0.96 0.96 0.96 0.97 0.97 0.97 0.97 0.97 0.97 0.98 0.98 0.98 0.98 0.99 0.99 0.99
0.99 0.98 0.98 0.97 0.98 0.98 0.99 0.99 0.99 0.99 0.99 0.99 0.99 0.99 0.99 0.99 0.99 0.99 0.98 0.97 0.97 0.97 0.96 0.97 0.97 0.98 0.98 0.99 0.99 1.00 1.03 1.07 1.12 1.18 1.24 1.27 1.29 1.30 1.29 1.27 1.25 1.22 1.17 1.10 1.02 0.94 0.86 0.79 0.74 0.71 0.70 0.72 0.74 0.78 0.81 0.85 0.87 0.89 0.91 0.92 0.93 0.95 0.96 0.96 0.96 0.96 0.96 0.95 0.95 0.95 0.95 0.96 0.96 0.96 0.96 0.96 0.97 0.97 0.98 0.98 0.98 0.98 0.98 0.98
0.98 0.97 0.97 0.97 0.97 0.98 0.99 0.99 0.99 0.99 0.99 0.99 0.99 0.99 0.99 0.99 0.98 0.98 0.98 0.97 0.97 0.97 0.97 0.98 0.99 0.99 1.00 1.00 1.00 1.00 1.03 1.07 1.11 1.16 1.21 1.23 1.23 1.24 1.23 1.21 1.19 1.15 1.10 1.03 0.96 0.89 0.83 0.77 0.73 0.70 0.70 0.72 0.75 0.78 0.82 0.85 0.87 0.89 0.91 0.92 0.93 0.94 0.95 0.95 0.95 0.95 0.95 0.94 0.94 0.94 0.95 0.95 0.95 0.96 0.96 0.97 0.97 0.98 0.98 0.98 0.98 0.98 0.99 0.99
0.97 0.97 0.97 0.97 0.98 0.98 0.99 0.99 0.99 0.99 0.99 0.99 0.99 0.98 0.98 0.98 0.98 0.98 0.97 0.97 0.97 0.97 0.98 0.98 0.99 1.00 1.00 1.00 0.99 1.00 1.02 1.05 1.09 1.13 1.16 1.17 1.18 1.18 1.17 1.15 1.12 1.08 1.03 0.98 0.91 0.86 0.80 0.76 0.72 0.71 0.72 0.74 0.76 0.80 0.83 0.85 0.87 0.89 0.91 0.92 0.93 0.94 0.95 0.95 0.95 0.94 0.94 0.94 0.94 0.94 0.95 0.95 0.96 0.96 0.97 0.98 0.98 0.98 0.99 0.99 0.99 1.00 1.00 1.00
0.97 0.97 0.97 0.97 0.98 0.99 0.99 0.99 0.99 0.99 0.99 0.98 0.98 0.98 0.98 0.98 0.98 0.98 0.98 0.98 0.98 0.98 0.98 0.99 0.99 1.00 0.99 0.99 0.99 0.99 1.01 1.03 1.06 1.09 1.11 1.13 1.13 1.13 1.12 1.10 1.06 1.02 0.98 0.93 0.88 0.83 0.79 0.75 0.73 0.72 0.73 0.75 0.78 0.81 0.84 0.86 0.88 0.89 0.91 0.92 0.93 0.94 0.94 0.94 0.94 0.94 0.94 0.94 0.94 0.94 0.95 0.96 0.97 0.97 0.98 0.99 0.99 0.99 1.00 1.00 1.00 1.01 1.01 1.01
0.97 0.97 0.97 0.98 0.99 0.99 1.00 1.00 1.00 0.99 0.98 0.98 0.98 0.98 0.98 0.98 0.98 0.98 0.98 0.98 0.98 0.98 0.99 0.99 0.99 0.99 0.99 0.98 0.98 0.99 1.00 1.01 1.04 1.06 1.08 1.09 1.09 1.08 1.07 1.04 1.01 0.97 0.94 0.90 0.86 0.82 0.78 0.76 0.74 0.74 0.75 0.77 0.79 0.82 0.84 0.86 0.88 0.90 0.91 0.92 0.93 0.93 0.94 0.94 0.94 0.94 0.94 0.94 0.94 0.95 0.96 0.97 0.97 0.98 0.99 0.99 1.00 1.00 1.01 1.01 1.01 1.01 1.02 1.02
0.97 0.97 0.98 0.99 0.99 1.00 1.00 1.00 0.99 0.99 0.98 0.98 0.98 0.98 0.98 0.99 0.99 0.99 0.99 0.99 0.99 0.99 0.99 0.99 0.99 0.99 0.98 0.98 0.98 0.98 0.99 1.01 1.03 1.04 1.05 1.06 1.05 1.03 1.02 1.00 0.97 0.94 0.92 0.88 0.85 0.81 0.78 0.77 0.76 0.76 0.77 0.79 0.81 0.83 0.86 0.87 0.89 0.90 0.91 0.92 0.93 0.94 0.94 0.94 0.94 0.94 0.94 0.95 0.95 0.96 0.97 0.97 0.98 0.99 0.99 1.00 1.01 1.01 1.01 1.02 1.02 1.02 1.02 1.02
0.98 0.98 0.98 0.99 1.00 1.00 1.00 1.00 0.99 0.98 0.98 0.98 0.98 0.98 0.99 0.99 1.00 0.99 0.99 0.99 0.99 0.99 0.98 0.98 0.98 0.98 0.98 0.98 0.98 0.98 0.99 1.00 1.02 1.02 1.03 1.02 1.01 1.00 0.99 0.97 0.95 0.92 0.90 0.87 0.84 0.82 0.80 0.79 0.79 0.79 0.80 0.82 0.84 0.86 0.87 0.88 0.90 0.91 0.91 0.93 0.94 0.94 0.95 0.95 0.95 0.95 0.95 0.96 0.96 0.97 0.98 0.98 0.99 1.00 1.00 1.01 1.01 1.02 1.02 1.02 1.02 1.02 1.02 1.02
0.98 0.98 0.99 1.00 1.00 1.00 0.99 0.99 0.99 0.98 0.98 0.98 0.98 0.99 0.99 1.00 1.00 1.00 0.99 0.99 0.99 0.98 0.98 0.98 0.98 0.98 0.98 0.98 0.98 0.99 0.99 1.00 1.01 1.01 1.00 1.00 0.99 0.98 0.97 0.96 0.94 0.91 0.89 0.87 0.85 0.84 0.83 0.82 0.82 0.82 0.83 0.85 0.87 0.88 0.89 0.90 0.91 0.92 0.93 0.94 0.95 0.96 0.96 0.96 0.96 0.96 0.97 0.97 0.97 0.98 0.99 0.99 1.00 1.01 1.01 1.01 1.02 1.02 1.02 1.02 1.02 1.01 1.01 1.01
0.98 0.99 0.99 1.00 1.00 0.99 0.99 0.99 0.98 0.98 0.98 0.98 0.99 0.99 1.00 1.00 1.00 1.00 0.99 0.99 0.98 0.98 0.98 0.98 0.98 0.99 0.99 0.99 0.99 0.99 1.00 1.00 1.00 1.00 0.99 0.99 0.98 0.98 0.97 0.95 0.93 0.91 0.90 0.89 0.88 0.87 0.86 0.85 0.85 0.86 0.87 0.89 0.90 0.91 0.92 0.92 0.93 0.94 0.95 0.97 0.97 0.97 0.97 0.97 0.97 0.98 0.98 0.98 0.99 0.99 1.00 1.01 1.01 1.01 1.02 1.02 1.02 1.02 1.02 1.02 1.02 1.01 1.01 1.00
0.99 0.99 1.00 1.00 1.00 0.99 0.99 0.99 0.98 0.98 0.98 0.99 0.99 1.00 1.00 1.01 1.00 1.00 0.99 0.99 0.98 0.98 0.98 0.98 0.99 0.99 0.99 1.00 1.00 1.00 1.00 1.00 1.00 1.00 1.00 0.99 0.99 0.98 0.97 0.96 0.94 0.93 0.93 0.92 0.91 0.90 0.90 0.89 0.89 0.90 0.91 0.92 0.93 0.94 0.94 0.95 0.96 0.97 0.98 0.99 0.99 0.99 0.99 0.99 0.99 0.99 0.99 1.00 1.00 1.01 1.01 1.01 1.02 1.02 1.02 1.02 1.02 1.02 1.02 1.02 1.01 1.01 1.00 1.00
1.00 1.00 1.00 1.00 1.00 0.99 0.99 0.99 0.98 0.98 0.99 0.99 1.00 1.00 1.01 1.01 1.01 1.00 1.00 0.99 0.99 0.99 0.99 0.99 0.99 1.00 1.00 1.01 1.01 1.01 1.01 1.01 1.01 1.00 1.00 1.00 0.99 0.99 0.98 0.97 0.96 0.96 0.96 0.95 0.95 0.94 0.93 0.93 0.93 0.94 0.94 0.95 0.96 0.96 0.97 0.98 0.98 0.99 1.00 1.01 1.01 1.00 1.00 1.00 1.00 1.00 1.00 1.01 1.01 1.01 1.02 1.02 1.02 1.02 1.02 1.02 1.02 1.02 1.02 1.01 1.01 1.00 1.00 0.99
1.01 1.01 1.01 1.01 1.00 1.00 0.99 0.99 0.99 0.99 0.99 1.00 1.00 1.01 1.01 1.01 1.01 1.00 1.00 0.99 0.99 0.99 0.99 1.00 1.00 1.01 1.01 1.01 1.02 1.02 1.02 1.01 1.01 1.01 1.01 1.01 1.00 1.00 0.99 0.99 0.99 0.99 0.99 0.98 0.98 0.97 0.96 0.96 0.96 0.97 0.97 0.97 0.98 0.98 0.99 1.00 1.01 1.02 1.02 1.02 1.02 1.01 1.01 1.01 1.01 1.01 1.01 1.02 1.02 1.02 1.02 1.02 1.02 1.02 1.02 1.02 1.02 1.02 1.01 1.01 1.00 1.00 0.99 0.99
1.01 1.01 1.01 1.01 1.00 1.00 0.99 0.99 0.99 1.00 1.00 1.01 1.01 1.02 1.02 1.02 1.01 1.00 1.00 0.99 0.99 0.99 1.00 1.00 1.01 1.01 1.02 1.02 1.02 1.02 1.02 1.02 1.02 1.02 1.02 1.02 1.01 1.01 1.01 1.01 1.02 1.02 1.01 1.01 1.00 0.99 0.98 0.98 0.98 0.99 0.99 0.99 0.99 1.00 1.01 1.02 1.02 1.03 1.03 1.03 1.02 1.02 1.02 1.02 1.01 1.01 1.02 1.02 1.02 1.02 1.02 1.02 1.01 1.01 1.01 1.01 1.01 1.01 1.01 1.00 1.00 0.99 0.99 0.99
1.02 1.01 1.01 1.00 1.00 1.00 0.99 0.99 1.00 1.00 1.01 1.02 1.02 1.03 1.02 1.02 1.01 1.00 1.00 1.00 1.00 1.00 1.00 1.01 1.02 1.02 1.02 1.02 1.02 1.02 1.02 1.02 1.02 1.02 1.02 1.02 1.02 1.02 1.02 1.03 1.03 1.03 1.02 1.01 1.01 1.00 1.00 1.00 1.00 1.00 1.00 1.00 1.01 1.01 1.02 1.02 1.03 1.03 1.03 1.03 1.02 1.02 1.02 1.02 1.02 1.02 1.02 1.02 1.02 1.02 1.02 1.01 1.01 1.01 1.01 1.01 1.01 1.01 1.01 1.00 0.99 0.99 0.99 0.99
1.01 1.01 1.00 1.00 0.99 0.99 0.99 1.00 1.00 1.01 1.02 1.02 1.03 1.03 1.02 1.02 1.01 1.00 1.00 1.00 1.00 1.00 1.01 1.02 1.02 1.02 1.03 1.03 1.02 1.02 1.02 1.02 1.02 1.02 1.02 1.02 1.03 1.03 1.03 1.04 1.04 1.03 1.02 1.02 1.01 1.01 1.01 1.01 1.01 1.01 1.01 1.01 1.02 1.02 1.02 1.03 1.03 1.03 1.03 1.03 1.02 1.02 1.02 1.02 1.02 1.02 1.02 1.02 1.02 1.02 1.01 1.01 1.01 1.01 1.01 1.01 1.01 1.01 1.00 1.00 0.99 0.99 0.99 0.99
1.00 1.00 1.00 0.99 0.99 0.99 0.99 1.00 1.01 1.01 1.02 1.03 1.03 1.02 1.02 1.01 1.00 1.00 1.00 1.00 1.00 1.01 1.01 1.02 1.02 1.02 1.03 1.03 1.02 1.02 1.02 1.02 1.02 1.02 1.02 1.02 1.03 1.03 1.03 1.03 1.03 1.02 1.02 1.02 1.01 1.01 1.01 1.01 1.01 1.01 1.01 1.02 1.02 1.02 1.02 1.03 1.03 1.03 1.02 1.02 1.02 1.02 1.02 1.02 1.02 1.02 1.02 1.02 1.02 1.01 1.01 1.01 1.01 1.01 1.02 1.02 1.01 1.01 1.00 1.00 1.00 1.00 1.00 1.00
1.00 0.99 0.99 0.99 0.99 0.99 0.99 1.00 1.01 1.02 1.02 1.02 1.02 1.02 1.01 1.00 1.00 0.99 1.00 1.00 1.00 1.01 1.01 1.02 1.02 1.02 1.02 1.02 1.02 1.02 1.02 1.02 1.02 1.02 1.02 1.02 1.03 1.03 1.02 1.03 1.02 1.02 1.01 1.01 1.01 1.01 1.01 1.01 1.01 1.01 1.01 1.01 1.02 1.02 1.02 1.02 1.02 1.02 1.02 1.02 1.02 1.02 1.02 1.02 1.02 1.02 1.02 1.02 1.02 1.01 1.01 1.01 1.01 1.01 1.02 1.02 1.02 1.01 1.01 1.00 1.00 1.01 1.01 1.01
