data/NorthBerwickLaw_225_1_25m_ang.asc
ncols	257
nrows	257
xllcorner	3503625.000000
yllcorner	3730350.000000
cellsize	25.000000
NODATA_value	-1.000000
[rows 84 to 125 of 257, columns 94 to 187 of 257]
226 225 225 225 225 225 225 225 225 225 225 225 225 225 225 226 226 226 226 226 226 225 225 225 225 226 226 226 226 226 226 226 226 227 227 226 226 226 226 226 226 225 226 226 227 226 226 226 226 226 226 226 226 226 226 226 226 226 226 226 226 225 225 225 225 225 225 225 225 225 225 225 225 225 225 225 225 225 225 225 225 225 225 225 225 225 226 226 226 226 227 227 228 228
226 226 226 226 226 226 226 226 225 225 225 225 225 225 225 225 226 226 226 226 226 226 225 225 226 226 226 226 226 226 226 227 227 227 227 227 227 226 226 226 226 226 225 226 226 226 226 226 226 226 226 226 226 226 226 226 226 226 226 226 226 226 226 225 225 225 225 225 225 225 225 225 225 225 225 225 225 225 225 225 225 225 225 225 225 226 226 226 227 227 227 228 229 229
226 226 226 226 226 226 226 226 226 225 225 225 225 225 225 225 226 226 226 226 226 225 225 226 226 226 226 227 227 227 227 227 227 227 228 227 227 227 227 227 226 226 226 226 225 225 226 226 226 226 226 226 226 226 226 226 226 226 226 226 226 226 226 226 226 225 225 225 225 225 225 225 225 225 225 225 225 225 225 225 225 225 225 225 225 226 226 227 227 228 229 229 230 231
226 226 226 226 226 226 226 226 226 226 225 225 225 225 225 225 226 226 226 226 226 225 225 225 226 226 227 227 227 227 227 227 227 227 228 228 227 227 227 227 227 227 226 226 225 225 225 225 226 226 227 227 227 227 227 227 226 226 226 226 226 226 226 226 226 226 226 226 225 225 225 225 225 225 225 225 225 225 225 225 225 225 225 225 225 225 225 226 228 229 230 229 229 229
226 226 226 226 226 226 226 226 226 226 225 225 225 225 225 225 226 226 226 226 225 225 225 225 225 226 226 226 226 226 227 227 227 227 227 227 227 227 227 227 227 227 226 226 225 225 225 225 225 225 226 227 227 227 228 227 227 227 227 226 226 226 226 226 226 226 226 226 226 226 226 226 226 225 225 225 225 225 225 225 225 225 225 225 225 225 225 225 226 226 227 226 225 225
226 226 226 226 226 226 226 226 226 225 225 225 225 225 225 225 225 225 225 225 225 224 224 224 225 225 226 226 226 226 226 226 226 226 226 226 226 226 226 226 226 226 226 226 225 225 225 225 225 225 225 226 226 227 228 228 228 228 227 227 227 226 226 226 226 226 226 226 226 226 226 226 226 226 226 226 226 226 226 226 225 225 225 225 225 224 224 224 223 223 223 223 222 223
226 226 226 226 226 226 226 225 225 225 225 225 225 225 225 225 225 225 225 225 224 224 224 224 224 224 225 225 225 225 225 225 225 225 225 225 225 226 226 226 226 226 226 225 225 225 225 225 225 225 225 225 226 226 227 228 228 228 228 228 227 227 227 226 226 226 226 226 226 226 226 226 226 226 226 226 226 226 226 226 226 225 225 225 224 224 224 224 223 223 223 223 224 224
225 226 226 226 226 226 226 225 225 225 225 225 225 225 225 225 225 225 225 224 224 224 223 223 223 224 224 225 225 224 224 224 224 225 225 225 225 225 226 226 226 226 225 225 225 225 225 225 225 225 225 225 226 226 227 227 227 228 228 228 228 228 227 227 226 226 226 226 226 226 226 226 226 226 226 226 226 226 226 226 226 226 225 225 225 224 225 225 225 225 225 226 226 226
225 226 226 226 226 226 226 225 225 225 225 225 225 225 224 224 224 224 224 224 224 224 223 223 223 224 224 224 224 224 224 224 224 224 225 225 225 225 225 226 226 226 226 225 225 225 225 225 225 225 226 226 226 226 227 227 227 227 227 227 227 227 227 227 227 227 227 227 227 226 226 226 226 226 226 226 226 226 226 226 226 226 226 225 225 225 227 227 226 227 227 228 228 227
226 226 226 226 226 226 226 225 225 225 225 225 225 224 224 224 224 224 224 224 224 224 223 223 223 224 224 224 224 224 224 224 224 224 225 225 225 225 226 226 226 226 226 226 225 225 225 226 226 226 226 226 226 226 227 227 227 227 227 226 226 226 226 226 226 227 227 227 227 227 227 227 227 226 226 226 226 226 226 226 226 226 227 226 225 226 227 228 227 228 228 228 228 228
227 227 227 227 227 226 226 226 225 225 225 225 225 224 224 224 224 224 224 224 224 224 224 224 224 224 224 225 225 225 225 225 225 225 225 225 225 226 226 226 226 226 226 225 225 225 225 226 226 226 226 226 226 227 227 227 227 227 226 226 226 226 225 225 225 226 226 226 227 227 227 227 227 227 227 227 227 227 227 227 227 227 227 227 226 227 228 228 227 227 228 228 228 228
227 227 227 227 227 226 226 226 225 225 225 225 225 225 225 225 225 225 225 225 225 225 224 224 224 224 225 225 225 225 225 225 225 225 225 225 225 225 226 226 226 226 225 225 225 225 225 225 226 226 226 226 226 226 226 226 227 227 227 226 226 225 225 225 225 225 225 226 226 226 226 227 227 227 227 227 227 227 228 228 228 227 227 226 226 227 228 227 227 227 227 227 227 227
227 227 227 227 227 226 226 225 225 225 225 225 226 225 225 225 225 225 225 225 225 225 225 224 224 224 225 225 225 225 225 225 225 225 225 225 225 225 225 225 225 225 225 225 225 224 224 225 225 225 225 225 225 226 226 226 226 227 227 226 226 226 225 225 225 225 225 225 226 226 226 226 226 226 226 227 227 227 227 227 227 227 226 226 226 226 227 227 227 227 227 227 227 227
227 227 226 226 226 226 226 225 225 225 225 226 226 226 226 226 226 226 226 226 225 225 225 225 225 225 225 225 225 225 225 225 225 225 225 225 225 225 225 225 225 225 225 224 224 224 224 224 224 224 224 225 225 225 225 225 226 226 227 227 226 226 226 225 225 225 225 226 226 226 226 226 226 226 226 226 226 227 227 227 227 226 226 226 226 226 226 226 226 226 226 226 226 226
226 226 225 225 225 225 225 225 225 225 225 226 226 226 226 226 226 226 226 226 225 225 225 225 225 225 225 225 225 225 225 225 225 225 225 225 225 225 225 225 225 225 224 224 224 223 223 223 223 223 224 224 224 224 224 225 225 226 226 227 227 226 226 226 225 225 225 226 226 226 226 226 226 226 226 226 227 227 227 227 227 227 226 226 226 226 226 226 226 226 226 225 225 225
225 224 224 224 224 224 224 224 225 225 225 226 226 226 226 226 225 225 225 225 225 225 225 225 225 225 225 225 225 225 225 225 225 225 225 225 225 225 225 225 225 225 224 224 224 223 223 223 223 223 223 223 223 224 224 224 225 226 226 226 227 226 226 226 226 225 226 226 227 227 227 227 226 226 226 227 227 227 226 226 226 226 226 226 225 225 225 225 225 225 225 225 225 225
224 223 223 223 223 223 224 224 224 224 225 225 225 225 225 225 225 225 225 225 225 225 225 225 225 225 225 224 224 224 225 225 225 225 225 225 225 225 225 225 225 225 224 224 224 224 223 223 223 223 223 224 224 224 224 224 225 225 226 226 226 226 226 226 225 225 226 226 227 227 227 227 226 226 226 226 226 226 225 225 225 225 225 225 224 224 225 225 225 225 225 225 225 225
223 223 222 222 223 223 223 223 223 224 224 224 224 224 224 224 224 224 224 224 224 224 225 225 224 224 224 224 224 224 224 225 225 225 225 225 225 225 225 225 225 225 224 224 224 224 224 223 223 224 224 224 224 224 224 224 224 225 225 225 226 225 225 225 225 225 225 226 227 227 227 227 226 226 226 225 225 225 224 224 224 224 224 224 224 224 224 224 225 225 225 225 225 225
223 222 222 222 222 222 222 223 223 223 223 223 223 223 223 223 223 223 223 223 224 224 224 224 224 224 224 224 224 224 224 225 225 225 225 225 225 225 225 224 224 224 224 224 224 224 224 224 224 224 224 224 224 224 224 224 224 224 224 225 225 225 225 224 224 224 225 225 226 226 226 226 225 225 224 224 224 224 223 223 223 223 223 223 223 224 224 224 224 225 225 225 225 225
223 223 222 222 222 222 222 222 222 222 223 223 222 222 222 222 222 223 223 223 223 223 224 224 224 224 224 223 223 224 224 224 225 225 225 225 225 225 224 224 224 224 224 224 224 224 224 224 224 224 224 224 224 224 224 224 224 224 224 224 225 225 224 224 223 223 223 224 225 225 225 224 223 223 223 223 223 223 222 222 222 223 223 223 223 223 223 224 224 224 224 224 224 224
223 223 223 223 223 223 222 222 222 222 223 222 222 222 222 222 222 223 223 223 223 223 223 224 223 223 223 223 223 223 224 224 225 225 225 225 225 224 224 224 223 223 224 224 224 224 224 224 224 224 224 224 224 224 224 224 224 224 224 224 224 224 224 223 223 222 222 223 223 223 223 223 222 222 222 222 222 222 222 222 222 222 223 223 223 223 223 224 224 224 224 224 224 224
224 224 224 223 223 223 223 223 223 223 223 223 222 222 222 223 223 223 223 223 223 223 223 223 223 223 223 223 223 223 224 224 224 225 225 225 224 224 223 223 223 223 223 223 223 223 224 223 223 224 224 224 224 224 224 224 223 224 224 224 224 224 224 223 222 222 221 221 222 222 222 221 221 221 221 221 222 222 222 222 222 223 223 223 223 223 223 224 224 224 224 224 224 224
225 225 224 224 224 224 224 224 224 224 224 223 223 223 223 223 223 223 223 224 223 223 223 223 223 223 223 223 223 223 223 224 224 224 225 224 224 224 223 223 223 223 223 223 223 224 224 224 224 224 224 224 224 224 224 224 223 223 224 224 224 224 223 223 222 221 221 221 221 221 221 221 220 220 221 221 222 222 222 222 223 223 223 223 224 224 224 224 224 224 224 224 224 223
226 225 225 225 225 225 225 225 225 225 225 224 224 224 224 224 224 224 224 224 224 224 224 224 224 223 223 223 223 223 223 223 224 224 224 224 224 223 223 223 223 223 223 224 224 224 224 224 224 224 224 224 224 224 224 224 223 223 223 224 224 224 223 223 222 221 221 221 221 221 221 221 221 221 221 222 222 223 223 223 223 223 223 224 224 224 224 224 224 224 224 224 224 223
226 226 226 226 225 225 225 225 226 225 225 225 225 225 225 225 225 225 225 225 224 224 224 224 224 224 224 223 223 223 223 223 224 224 224 224 223 223 223 223 223 223 224 224 224 224 224 224 224 224 224 224 224 224 224 224 224 224 224 224 224 224 224 223 223 222 222 222 222 222 222 222 222 222 222 222 223 223 223 223 223 223 224 224 224 224 224 224 224 224 224 224 224 224
226 226 226 226 226 226 226 226 226 226 226 226 226 225 225 225 225 225 225 225 225 225 224 224 224 224 224 224 224 224 223 224 224 224 224 224 224 223 223 223 223 224 224 224 224 224 224 224 224 224 224 224 224 224 224 224 224 224 224 224 224 224 224 224 223 223 223 223 223 223 223 223 223 223 223 223 223 223 223 224 224 224 224 224 224 224 224 224 224 224 224 224 224 224
226 226 226 226 226 226 226 226 226 226 226 226 226 226 226 225 225 225 225 225 225 225 224 224 224 224 224 224 224 224 224 224 224 225 225 225 224 224 224 224 224 224 224 225 225 225 225 225 224 224 224 224 224 224 224 224 224 224 224 224 224 225 225 225 224 224 224 223 223 223 224 224 224 224 224 224 224 224 224 224 224 224 224 224 224 224 224 224 224 224 224 224 224 224
226 226 226 226 226 226 226 227 227 226 227 226 226 226 226 226 225 226 225 225 225 225 225 224 224 224 224 224 224 224 224 225 225 226 226 226 225 225 224 224 224 225 225 225 225 225 225 225 225 224 224 224 224 224 225 225 224 224 224 224 225 225 225 225 225 224 224 224 224 224 224 224 224 224 224 224 224 224 224 224 224 224 224 224 224 224 224 224 224 224 224 224 224 224
226 226 226 226 226 226 226 226 226 226 226 226 226 226 226 226 226 226 226 225 225 225 225 224 224 224 224 224 224 224 225 225 226 226 226 226 226 225 225 225 225 225 225 225 225 225 225 225 225 225 225 225 225 225 225 225 225 225 225 225 225 225 225 225 225 225 225 224 224 224 224 224 224 225 225 224 224 224 225 225 225 225 224 224 224 224 224 225 225 225 224 225 225 225
226 226 226 226 226 226 226 226 226 226 226 226 226 226 226 226 225 226 226 226 225 225 225 224 224 224 224 224 225 225 225 226 226 227 227 227 226 226 225 225 225 225 225 225 225 225 225 225 225 225 225 225 225 225 225 225 225 225 225 225 225 225 225 225 225 225 225 225 224 224 225 225 225 225 225 225 225 225 225 225 225 225 225 225 225 225 225 225 225 225 225 225 225 225
225 226 226 226 226 226 226 226 226 226 226 226 226 226 226 226 225 226 226 226 226 225 225 225 224 224 225 225 225 226 226 227 227 228 228 228 227 227 226 226 226 226 226 226 226 225 225 226 225 225 225 225 225 225 225 225 225 225 225 225 225 225 225 225 225 225 225 225 225 225 225 225 225 225 225 225 225 225 225 225 226 225 225 225 225 225 225 225 225 225 225 225 225 225
225 225 226 226 226 226 226 226 226 226 226 226 226 226 226 226 226 226 226 226 226 226 225 225 225 225 225 226 226 227 227 228 229 229 229 229 228 228 227 227 227 227 227 226 226 226 226 226 226 226 226 225 225 225 226 225 225 225 225 225 225 226 226 226 226 226 225 225 225 225 225 225 225 226 226 225 225 226 226 226 226 226 226 226 226 226 226 226 226 226 225 225 225 225
225 225 225 226 226 226 226 225 225 226 226 226 226 226 226 226 226 226 226 226 226 226 226 226 226 226 226 227 228 228 229 230 231 231 231 231 230 230 229 229 228 228 228 227 227 227 227 226 226 226 226 226 225 226 226 226 226 226 225 226 226 226 226 226 226 226 226 226 225 225 226 226 226 226 226 226 226 226 226 226 226 226 226 226 226 226 226 226 226 226 225 225 225 225
225 225 225 226 226 226 226 226 226 226 226 226 226 226 226 226 226 226 226 227 227 227 226 226 226 227 227 228 229 230 231 232 233 234 234 234 233 232 231 231 230 229 229 228 228 227 227 227 227 227 226 226 226 226 226 226 226 226 226 226 226 226 227 226 226 226 226 226 226 226 226 226 226 226 226 226 226 226 226 226 226 226 226 226 226 226 226 226 226 226 225 225 225 225
225 225 225 225 226 226 226 226 226 226 226 226 227 227 226 226 226 226 227 227 227 227 227 227 227 227 228 229 230 232 233 234 236 237 237 237 236 235 234 233 232 231 230 230 229 228 228 228 228 227 227 227 226 226 226 226 226 226 226 227 227 227 227 227 227 227 227 226 226 226 226 226 226 226 226 226 226 226 226 226 226 226 226 226 226 226 226 226 226 226 225 225 225 225
225 225 225 225 225 226 226 226 226 226 226 227 227 227 227 226 226 226 227 227 227 227 227 227 227 228 229 230 231 233 235 237 238 239 240 240 239 238 236 235 234 233 232 231 230 229 229 229 228 228 228 227 227 227 227 227 227 227 227 227 227 228 228 228 227 227 227 227 227 227 227 226 226 226 226 226 226 226 226 226 226 226 226 226 226 226 226 226 225 225 225 225 225 225
225 225 225 225 225 226 226 226 226 226 226 227 227 227 227 227 226 226 226 226 226 226 226 226 227 228 229 230 232 234 236 238 240 242 243 243 242 240 238 236 235 233 232 231 230 230 229 229 229 229 228 228 228 228 228 228 228 228 228 228 228 228 228 228 228 228 228 228 227 227 227 227 226 226 226 226 226 226 226 226 226 226 225 225 225 225 225 225 225 225 225 225 225 225
225 225 225 225 225 226 226 226 226 226 226 227 227 227 227 226 226 226 226 226 226 226 226 226 226 227 229 230 232 234 236 239 241 243 245 246 245 243 240 237 235 234 233 232 231 230 229 229 229 229 229 228 228 228 228 228 228 228 228 228 228 228 228 228 228 228 228 227 227 227 227 227 226 226 226 226 226 226 226 225 225 225 225 225 225 225 225 225 225 225 225 225 225 225
225 225 225 225 225 226 226 226 226 226 226 226 227 227 226 226 226 226 225 225 225 225 225 225 226 227 228 230 231 233 236 238 240 243 246 248 247 244 241 237 234 233 232 231 230 229 228 228 228 228 229 228 228 228 228 228 228 228 228 228 228 228 227 227 227 227 227 227 227 227 226 226 226 226 226 226 225 225 225 225 225 225 225 225 225 225 225 224 224 224 224 224 224 224
225 225 225 225 225 225 225 226 226 226 226 226 226 226 226 226 226 225 225 224 224 224 224 225 225 226 227 229 230 232 234 236 238 241 244 246 246 243 239 234 232 231 230 229 228 227 227 227 227 227 228 228 228 228 228 227 228 228 228 228 227 227 227 226 226 226 226 226 226 226 226 225 225 225 225 225 225 225 225 225 225 225 225 225 225 224 224 224 224 224 224 224 224 224
225 225 225 225 225 225 225 225 225 226 226 226 226 226 226 226 225 225 224 224 223 223 223 224 224 225 226 227 228 230 232 233 234 237 240 242 242 239 234 229 226 226 226 226 225 224 224 224 225 226 226 226 227 227 226 226 226 226 226 226 226 226 225 225 225 225 225 225 225 225 225 225 224 224 224 224 225 225 225 225 225 225 225 225 225 224 224 224 224 224 224 224 224 224
225 224 225 225 225 225 225 225 225 225 225 225 226 226 226 225 225 224 224 223 222 222 222 223 223 223 224 225 226 227 228 229 230 232 235 236 235 231 226 221 219 220 221 221 221 220 221 221 223 224 224 224 225 225 224 224 224 225 225 225 225 224 224 224 224 224 224 224 224 224 224 224 224 224 224 224 224 224 224 224 225 225 225 225 225 224 224 224 224 224 224 224 224 224
