data/NorthBerwickLaw_315_1_25m_vel.asc
ncols	257
nrows	257
xllcorner	3503625.000000
yllcorner	3730350.000000
cellsize	25.000000
NODATA_value	-1.000000
[rows 190 to 227 of 257, columns 84 to 167 of 257]
1.02 1.02 1.01 1.01 1.01 1.00 1.00 1.00 1.00 1.00 1.00 0.99 0.99 0.99 0.99 0.99 0.99 1.00 0.99 0.99 0.99 0.98 0.98 0.97 0.97 0.97 0.97 0.97 0.97 0.97 0.97 0.98 0.98 0.98 0.99 1.00 1.00 1.01 1.01 1.00 1.00 0.99 0.99 0.99 1.00 1.00 1.01 1.01 1.01 1.01 1.01 1.02 1.02 1.01 1.01 1.01 1.01 1.01 1.01 1.02 1.02 1.02 1.02 1.02 1.01 1.01 1.00 1.00 0.99 0.99 0.99 0.99 0.99 0.99 0.99 0.98 0.98 0.98 0.97 0.97 0.98 0.98 0.98 0.98
1.01 1.00 1.00 1.00 1.00 0.99 0.99 0.99 0.99 0.99 0.99 0.99 0.98 0.98 0.98 0.98 0.99 0.99 0.98 0.98 0.97 0.97 0.97 0.96 0.96 0.96 0.97 0.97 0.97 0.97 0.97 0.97 0.98 0.98 0.99 0.99 1.00 1.00 1.00 0.99 0.99 0.98 0.98 0.99 0.99 1.00 1.00 1.00 1.01 1.01 1.01 1.01 1.01 1.01 1.00 1.00 1.01 1.01 1.01 1.01 1.01 1.01 1.01 1.01 1.00 1.00 0.99 0.99 0.99 0.99 0.99 0.98 0.98 0.98 0.98 0.98 0.98 0.97 0.97 0.97 0.97 0.97 0.97 0.97
1.00 1.00 0.99 0.99 0.99 0.98 0.98 0.98 0.98 0.98 0.98 0.98 0.98 0.98 0.98 0.98 0.98 0.98 0.98 0.97 0.97 0.96 0.96 0.96 0.96 0.96 0.97 0.97 0.97 0.97 0.97 0.98 0.98 0.98 0.99 0.99 0.99 0.99 0.99 0.99 0.98 0.98 0.98 0.98 0.99 1.00 1.00 1.01 1.01 1.01 1.01 1.01 1.01 1.01 1.00 1.00 1.01 1.01 1.01 1.01 1.01 1.01 1.01 1.00 1.00 0.99 0.99 0.99 0.98 0.98 0.98 0.98 0.97 0.97 0.97 0.97 0.97 0.96 0.96 0.96 0.96 0.96 0.95 0.95
1.00 0.99 0.99 0.99 0.99 0.98 0.98 0.98 0.98 0.98 0.98 0.98 0.98 0.97 0.98 0.98 0.98 0.98 0.97 0.97 0.96 0.96 0.96 0.96 0.97 0.97 0.97 0.97 0.97 0.97 0.98 0.98 0.98 0.99 0.99 0.99 0.99 0.99 0.99 0.99 0.98 0.98 0.98 0.98 0.99 1.00 1.01 1.02 1.02 1.02 1.02 1.02 1.01 1.01 1.01 1.01 1.01 1.01 1.01 1.02 1.01 1.01 1.00 1.00 0.99 0.99 0.98 0.98 0.98 0.98 0.97 0.97 0.96 0.96 0.96 0.96 0.96 0.95 0.95 0.95 0.95 0.95 0.94 0.94
1.00 1.00 1.00 1.00 0.99 0.99 0.99 0.99 0.98 0.98 0.98 0.98 0.97 0.97 0.98 0.98 0.98 0.98 0.97 0.97 0.97 0.97 0.97 0.97 0.97 0.97 0.98 0.98 0.98 0.98 0.99 0.99 0.99 0.99 0.99 0.99 1.00 1.00 0.99 0.99 0.98 0.98 0.99 0.99 1.00 1.01 1.02 1.03 1.03 1.03 1.03 1.02 1.02 1.01 1.01 1.01 1.02 1.02 1.02 1.02 1.01 1.01 1.00 0.99 0.99 0.98 0.98 0.98 0.97 0.97 0.97 0.96 0.95 0.95 0.95 0.95 0.95 0.95 0.94 0.94 0.94 0.94 0.94 0.94
1.00 1.00 1.00 1.00 1.00 1.00 0.99 0.99 0.98 0.98 0.98 0.98 0.98 0.98 0.98 0.98 0.98 0.98 0.98 0.98 0.98 0.98 0.98 0.98 0.98 0.98 0.98 0.98 0.99 0.99 1.00 1.00 1.00 1.00 1.00 1.00 1.00 1.00 1.00 1.00 0.99 0.99 0.99 1.00 1.01 1.02 1.03 1.04 1.04 1.04 1.03 1.03 1.02 1.02 1.02 1.02 1.02 1.02 1.02 1.01 1.00 0.99 0.99 0.98 0.98 0.98 0.97 0.97 0.96 0.96 0.95 0.95 0.94 0.94 0.95 0.95 0.94 0.94 0.94 0.94 0.94 0.94 0.94 0.94
1.01 1.01 1.00 1.00 1.00 1.00 0.99 0.98 0.98 0.98 0.98 0.98 0.98 0.99 0.99 0.99 0.99 0.99 0.99 0.98 0.99 0.99 0.99 0.99 0.99 0.99 0.99 0.99 1.00 1.00 1.00 1.00 1.00 1.00 1.00 1.00 1.01 1.01 1.01 1.00 1.00 1.00 1.00 1.01 1.02 1.03 1.04 1.05 1.05 1.04 1.03 1.03 1.02 1.02 1.02 1.02 1.02 1.01 1.01 1.00 0.99 0.98 0.98 0.97 0.97 0.97 0.96 0.96 0.95 0.94 0.94 0.94 0.94 0.94 0.94 0.94 0.94 0.94 0.95 0.95 0.95 0.95 0.95 0.95
1.00 1.00 1.00 1.00 0.99 0.99 0.98 0.98 0.98 0.98 0.98 0.98 0.99 0.99 0.99 0.99 0.99 0.99 0.99 0.99 0.99 0.99 1.00 1.00 1.00 1.00 1.00 1.00 1.00 1.01 1.01 1.01 1.00 1.00 1.01 1.01 1.02 1.02 1.01 1.01 1.01 1.01 1.01 1.02 1.03 1.04 1.05 1.05 1.05 1.04 1.03 1.03 1.02 1.02 1.02 1.01 1.01 1.00 0.99 0.98 0.97 0.97 0.97 0.96 0.95 0.95 0.95 0.93 0.92 0.92 0.92 0.92 0.93 0.93 0.94 0.94 0.94 0.95 0.95 0.95 0.96 0.96 0.96 0.96
0.99 0.99 0.99 0.99 0.98 0.98 0.97 0.97 0.97 0.98 0.98 0.99 0.99 0.99 0.99 0.99 0.99 0.99 0.99 0.99 0.99 1.00 1.00 1.00 1.00 1.00 1.00 1.00 1.01 1.01 1.01 1.01 1.00 1.01 1.01 1.01 1.02 1.02 1.02 1.02 1.01 1.02 1.02 1.03 1.04 1.05 1.06 1.06 1.05 1.04 1.03 1.02 1.02 1.01 1.01 1.00 0.99 0.98 0.96 0.96 0.96 0.95 0.94 0.92 0.91 0.91 0.91 0.89 0.89 0.90 0.90 0.91 0.92 0.92 0.93 0.93 0.94 0.94 0.95 0.96 0.96 0.96 0.96 0.95
0.98 0.97 0.97 0.97 0.97 0.97 0.97 0.97 0.97 0.97 0.98 0.99 0.99 0.99 0.99 0.99 0.99 0.99 0.99 0.99 0.99 0.99 0.99 1.00 1.00 1.00 1.00 1.00 1.00 1.00 1.00 1.00 1.00 1.01 1.01 1.01 1.02 1.02 1.02 1.02 1.02 1.02 1.03 1.04 1.06 1.07 1.07 1.06 1.05 1.04 1.02 1.01 1.00 0.99 0.98 0.97 0.96 0.95 0.93 0.93 0.92 0.91 0.88 0.86 0.87 0.88 0.88 0.88 0.88 0.89 0.89 0.90 0.91 0.91 0.91 0.93 0.94 0.95 0.95 0.95 0.95 0.95 0.94 0.94
0.96 0.96 0.96 0.96 0.96 0.96 0.96 0.96 0.97 0.97 0.98 0.98 0.99 0.99 0.99 0.98 0.98 0.98 0.98 0.99 0.99 0.99 0.99 0.99 0.99 0.99 1.00 1.00 1.00 1.00 1.00 1.00 1.00 1.01 1.01 1.01 1.02 1.02 1.02 1.02 1.02 1.02 1.04 1.05 1.06 1.07 1.07 1.05 1.04 1.02 1.00 0.99 0.98 0.97 0.96 0.94 0.93 0.91 0.90 0.89 0.88 0.85 0.84 0.85 0.87 0.89 0.89 0.89 0.88 0.88 0.89 0.89 0.91 0.92 0.93 0.95 0.95 0.95 0.95 0.94 0.94 0.94 0.93 0.93
0.94 0.94 0.95 0.95 0.95 0.96 0.96 0.96 0.97 0.97 0.98 0.98 0.99 0.98 0.98 0.98 0.98 0.98 0.98 0.98 0.99 0.98 0.98 0.99 0.99 0.99 0.99 1.00 1.00 1.00 1.00 1.00 1.00 1.01 1.01 1.02 1.02 1.02 1.02 1.02 1.02 1.03 1.04 1.05 1.06 1.06 1.05 1.03 1.01 0.99 0.97 0.96 0.95 0.94 0.93 0.91 0.89 0.88 0.86 0.86 0.85 0.84 0.86 0.88 0.90 0.91 0.90 0.89 0.89 0.89 0.90 0.92 0.94 0.96 0.97 0.97 0.96 0.95 0.95 0.95 0.95 0.94 0.93 0.93
0.94 0.94 0.95 0.95 0.96 0.96 0.96 0.97 0.97 0.98 0.98 0.98 0.98 0.98 0.98 0.97 0.98 0.98 0.98 0.98 0.98 0.98 0.98 0.99 0.99 0.99 0.99 1.00 1.00 1.00 1.00 1.00 1.00 1.01 1.01 1.01 1.02 1.02 1.02 1.02 1.03 1.04 1.05 1.05 1.06 1.05 1.03 1.00 0.98 0.96 0.94 0.94 0.93 0.91 0.89 0.87 0.86 0.84 0.84 0.84 0.85 0.86 0.88 0.90 0.92 0.92 0.91 0.90 0.90 0.91 0.93 0.97 1.00 1.01 1.01 0.99 0.97 0.97 0.97 0.97 0.97 0.96 0.95 0.95
0.95 0.95 0.95 0.96 0.96 0.96 0.97 0.97 0.98 0.98 0.98 0.98 0.98 0.98 0.98 0.98 0.98 0.98 0.98 0.98 0.98 0.99 0.99 0.99 0.99 0.99 0.99 1.00 1.00 1.00 1.00 1.00 1.01 1.01 1.01 1.01 1.02 1.02 1.02 1.03 1.03 1.04 1.05 1.05 1.04 1.02 0.99 0.97 0.94 0.92 0.91 0.91 0.90 0.88 0.86 0.84 0.83 0.82 0.83 0.84 0.86 0.88 0.91 0.93 0.95 0.94 0.94 0.93 0.93 0.95 0.98 1.02 1.04 1.04 1.03 1.01 1.00 0.99 1.00 1.00 0.99 0.98 0.98 0.98
0.95 0.96 0.96 0.96 0.97 0.97 0.98 0.98 0.98 0.99 0.98 0.98 0.98 0.98 0.98 0.98 0.98 0.98 0.98 0.99 0.99 0.99 0.99 0.99 1.00 0.99 1.00 1.00 1.00 1.00 1.00 1.01 1.01 1.01 1.01 1.02 1.02 1.02 1.02 1.03 1.04 1.04 1.04 1.03 1.02 0.99 0.96 0.93 0.91 0.90 0.89 0.88 0.87 0.85 0.83 0.82 0.82 0.82 0.84 0.87 0.90 0.94 0.97 0.99 1.00 0.99 0.99 0.99 0.99 1.02 1.04 1.07 1.08 1.08 1.06 1.04 1.03 1.02 1.03 1.03 1.02 1.01 1.01 1.01
0.96 0.97 0.97 0.97 0.98 0.98 0.99 0.99 0.99 0.99 0.98 0.98 0.98 0.98 0.98 0.98 0.98 0.98 0.99 0.99 0.99 0.99 0.99 0.99 0.99 0.99 0.99 1.00 1.00 1.00 1.00 1.01 1.01 1.01 1.01 1.02 1.02 1.02 1.03 1.03 1.03 1.03 1.02 1.01 0.98 0.95 0.93 0.90 0.88 0.87 0.87 0.86 0.85 0.83 0.82 0.82 0.83 0.86 0.90 0.94 0.98 1.01 1.04 1.06 1.06 1.05 1.04 1.04 1.06 1.08 1.10 1.12 1.12 1.10 1.08 1.06 1.05 1.04 1.04 1.04 1.03 1.02 1.02 1.03
0.97 0.97 0.97 0.98 0.98 0.99 0.99 0.99 0.99 0.98 0.98 0.98 0.98 0.98 0.98 0.98 0.98 0.98 0.99 0.99 0.99 0.99 0.99 0.99 0.99 0.99 0.99 1.00 1.00 1.00 1.00 1.00 1.01 1.01 1.01 1.02 1.02 1.02 1.02 1.02 1.02 1.02 1.00 0.98 0.95 0.92 0.90 0.88 0.87 0.86 0.85 0.84 0.84 0.83 0.84 0.86 0.89 0.93 0.98 1.02 1.06 1.09 1.11 1.11 1.10 1.09 1.08 1.09 1.10 1.11 1.12 1.12 1.11 1.08 1.06 1.05 1.04 1.03 1.03 1.03 1.02 1.02 1.03 1.04
0.97 0.97 0.98 0.98 0.99 0.99 0.99 0.99 0.98 0.98 0.98 0.98 0.97 0.97 0.98 0.98 0.98 0.98 0.99 0.99 0.99 0.99 0.99 0.99 0.99 0.99 0.99 0.99 0.99 0.99 1.00 1.00 1.00 1.01 1.01 1.01 1.01 1.01 1.01 1.01 1.01 0.99 0.97 0.95 0.93 0.90 0.88 0.87 0.85 0.84 0.84 0.84 0.84 0.85 0.88 0.92 0.96 1.01 1.06 1.10 1.12 1.14 1.13 1.12 1.10 1.09 1.08 1.09 1.09 1.09 1.09 1.08 1.06 1.04 1.03 1.02 1.01 1.00 1.00 1.00 1.00 1.01 1.02 1.03
0.97 0.97 0.98 0.98 0.99 0.99 0.99 0.98 0.98 0.98 0.97 0.97 0.97 0.97 0.97 0.97 0.98 0.98 0.98 0.98 0.98 0.98 0.98 0.98 0.98 0.98 0.98 0.99 0.99 0.99 0.99 1.00 1.00 1.00 1.01 1.01 1.01 1.01 1.00 1.00 0.99 0.97 0.95 0.93 0.90 0.88 0.87 0.85 0.84 0.83 0.84 0.84 0.87 0.91 0.95 1.00 1.05 1.09 1.13 1.15 1.15 1.14 1.12 1.10 1.08 1.07 1.06 1.05 1.05 1.05 1.04 1.03 1.02 1.01 1.00 0.99 0.98 0.98 0.98 0.98 0.98 0.99 1.01 1.02
0.97 0.98 0.98 0.98 0.99 0.98 0.98 0.98 0.98 0.97 0.97 0.97 0.97 0.97 0.97 0.97 0.97 0.98 0.98 0.98 0.98 0.98 0.98 0.97 0.98 0.98 0.98 0.98 0.99 0.99 0.99 1.00 1.00 1.00 1.00 1.00 1.00 1.00 0.99 0.98 0.97 0.95 0.93 0.91 0.89 0.87 0.85 0.84 0.82 0.83 0.85 0.88 0.93 0.98 1.04 1.09 1.13 1.15 1.16 1.16 1.14 1.11 1.09 1.06 1.04 1.03 1.02 1.01 1.01 1.01 1.01 1.01 1.00 0.99 0.99 0.98 0.97 0.97 0.97 0.97 0.98 0.99 1.00 1.01
0.98 0.98 0.98 0.98 0.98 0.98 0.98 0.97 0.97 0.97 0.97 0.97 0.97 0.97 0.97 0.97 0.97 0.97 0.98 0.98 0.98 0.98 0.97 0.97 0.98 0.98 0.98 0.99 0.99 0.99 1.00 1.00 1.00 1.00 1.00 1.00 0.99 0.99 0.98 0.97 0.96 0.94 0.91 0.89 0.87 0.85 0.83 0.82 0.82 0.84 0.88 0.94 1.00 1.07 1.12 1.15 1.17 1.17 1.15 1.13 1.10 1.07 1.05 1.02 1.01 1.00 0.99 0.99 0.99 0.99 0.99 1.00 0.99 0.99 0.99 0.98 0.98 0.97 0.97 0.98 0.98 1.00 1.01 1.02
0.98 0.98 0.98 0.98 0.98 0.98 0.97 0.97 0.97 0.97 0.97 0.97 0.97 0.97 0.97 0.97 0.97 0.98 0.98 0.98 0.98 0.98 0.98 0.97 0.98 0.98 0.98 0.99 0.99 1.00 1.00 1.00 1.00 1.00 1.00 1.00 0.99 0.98 0.98 0.96 0.94 0.92 0.89 0.87 0.84 0.82 0.81 0.81 0.83 0.88 0.95 1.02 1.09 1.15 1.17 1.18 1.17 1.14 1.12 1.09 1.06 1.03 1.01 0.99 0.98 0.98 0.98 0.98 0.99 0.99 1.00 1.00 1.00 1.00 0.99 0.99 0.98 0.98 0.98 0.98 0.99 1.00 1.01 1.01
0.98 0.98 0.99 0.98 0.98 0.98 0.97 0.97 0.97 0.97 0.97 0.97 0.97 0.97 0.97 0.97 0.97 0.98 0.98 0.98 0.98 0.98 0.98 0.98 0.98 0.98 0.98 0.99 1.00 1.00 1.00 1.01 1.01 1.00 1.00 0.99 0.99 0.98 0.97 0.95 0.93 0.90 0.86 0.83 0.81 0.80 0.81 0.83 0.89 0.95 1.03 1.11 1.16 1.19 1.19 1.17 1.14 1.10 1.08 1.05 1.03 1.01 0.99 0.98 0.97 0.98 0.98 0.99 1.00 1.01 1.01 1.01 1.01 1.01 1.00 1.00 0.99 0.98 0.98 0.98 0.99 1.00 1.00 1.01
0.99 0.99 0.98 0.98 0.98 0.97 0.97 0.97 0.97 0.97 0.97 0.97 0.97 0.97 0.97 0.97 0.98 0.98 0.98 0.98 0.98 0.98 0.98 0.98 0.98 0.99 0.99 1.00 1.00 1.01 1.01 1.01 1.01 1.00 1.00 0.99 0.98 0.97 0.96 0.93 0.90 0.87 0.83 0.80 0.79 0.80 0.84 0.90 0.97 1.05 1.13 1.18 1.20 1.19 1.17 1.13 1.10 1.07 1.04 1.02 1.00 0.99 0.98 0.97 0.98 0.98 0.99 1.01 1.02 1.02 1.02 1.02 1.01 1.01 1.00 0.99 0.98 0.98 0.98 0.98 0.98 1.00 1.00 1.01
0.99 0.99 0.98 0.98 0.97 0.97 0.97 0.97 0.97 0.96 0.96 0.97 0.97 0.97 0.97 0.98 0.98 0.98 0.99 0.99 0.99 0.98 0.98 0.98 0.98 0.99 1.00 1.01 1.01 1.01 1.01 1.01 1.00 1.00 0.99 0.98 0.98 0.96 0.94 0.91 0.87 0.83 0.80 0.79 0.80 0.84 0.91 0.99 1.08 1.15 1.19 1.21 1.20 1.17 1.13 1.09 1.06 1.03 1.01 1.00 0.98 0.98 0.97 0.98 0.99 1.00 1.01 1.02 1.03 1.03 1.02 1.02 1.01 1.00 0.99 0.98 0.98 0.97 0.97 0.98 0.99 1.00 1.01 1.01
0.99 0.98 0.98 0.98 0.97 0.97 0.97 0.96 0.96 0.96 0.96 0.96 0.97 0.97 0.98 0.98 0.99 0.99 0.99 0.99 0.99 0.98 0.98 0.98 0.99 1.00 1.00 1.01 1.01 1.01 1.01 1.00 1.00 1.00 0.99 0.98 0.97 0.95 0.92 0.88 0.84 0.80 0.78 0.79 0.84 0.91 1.00 1.09 1.17 1.21 1.22 1.20 1.16 1.13 1.09 1.06 1.03 1.01 0.99 0.98 0.97 0.97 0.98 0.99 1.00 1.01 1.02 1.03 1.03 1.02 1.01 1.00 0.99 0.99 0.98 0.97 0.97 0.97 0.97 0.98 0.99 1.00 1.01 1.01
0.99 0.98 0.98 0.97 0.97 0.96 0.96 0.96 0.96 0.96 0.97 0.97 0.97 0.98 0.98 0.99 0.99 0.99 0.99 0.99 0.99 0.99 0.99 0.99 1.00 1.00 1.01 1.01 1.01 1.01 1.00 1.00 1.00 0.99 0.99 0.98 0.96 0.94 0.90 0.86 0.82 0.79 0.80 0.84 0.91 1.00 1.11 1.18 1.22 1.23 1.20 1.16 1.12 1.09 1.06 1.03 1.01 0.99 0.98 0.98 0.97 0.98 0.99 1.00 1.01 1.02 1.02 1.03 1.02 1.01 1.00 0.99 0.98 0.97 0.97 0.97 0.97 0.97 0.97 0.98 0.99 1.00 1.01 1.01
0.98 0.98 0.97 0.97 0.96 0.96 0.96 0.96 0.96 0.97 0.97 0.98 0.98 0.99 0.99 0.99 0.99 0.99 0.99 0.99 0.99 0.99 0.99 0.99 1.00 1.00 1.01 1.01 1.01 1.01 1.00 1.00 0.99 0.99 0.99 0.98 0.96 0.92 0.88 0.84 0.81 0.81 0.84 0.91 1.00 1.10 1.19 1.23 1.23 1.20 1.16 1.11 1.08 1.06 1.03 1.01 1.00 0.98 0.98 0.98 0.98 0.98 1.00 1.01 1.01 1.02 1.02 1.01 1.01 0.99 0.98 0.98 0.97 0.97 0.97 0.96 0.97 0.97 0.98 0.99 1.00 1.01 1.01 1.01
0.98 0.97 0.97 0.97 0.96 0.96 0.97 0.97 0.97 0.98 0.98 0.99 0.99 1.00 1.00 1.00 0.99 0.99 0.99 0.99 0.99 0.99 0.99 1.00 1.00 1.00 1.01 1.01 1.00 1.00 0.99 0.99 0.99 0.99 0.99 0.98 0.95 0.91 0.87 0.84 0.83 0.85 0.90 0.99 1.09 1.18 1.23 1.23 1.20 1.15 1.11 1.07 1.05 1.03 1.02 1.00 0.99 0.98 0.98 0.98 0.98 0.99 1.00 1.01 1.01 1.01 1.01 1.00 0.99 0.98 0.97 0.97 0.97 0.96 0.97 0.97 0.97 0.98 0.99 1.00 1.01 1.01 1.01 1.02
0.98 0.97 0.97 0.97 0.97 0.97 0.97 0.98 0.98 0.99 0.99 1.00 1.00 1.00 1.00 1.00 0.99 0.99 0.99 0.99 0.99 0.99 0.99 1.00 1.00 1.00 1.00 1.00 1.00 1.00 0.99 0.99 0.99 1.00 0.99 0.97 0.94 0.91 0.87 0.86 0.87 0.91 0.99 1.08 1.17 1.22 1.23 1.20 1.15 1.10 1.07 1.04 1.03 1.01 1.00 0.99 0.98 0.98 0.98 0.98 0.99 1.00 1.00 1.00 1.00 1.00 0.99 0.99 0.98 0.98 0.97 0.97 0.97 0.97 0.97 0.97 0.98 0.99 1.00 1.01 1.01 1.01 1.02 1.02
0.98 0.98 0.97 0.97 0.97 0.98 0.98 0.98 0.99 1.00 1.00 1.01 1.01 1.00 1.00 0.99 0.99 0.99 0.99 0.99 1.00 1.00 1.00 1.00 1.00 1.00 1.01 1.00 1.00 1.00 1.00 1.00 1.00 1.00 0.99 0.98 0.95 0.92 0.90 0.90 0.93 0.99 1.07 1.15 1.20 1.22 1.20 1.16 1.11 1.07 1.04 1.02 1.01 1.00 0.99 0.98 0.98 0.97 0.98 0.98 0.99 1.00 1.00 1.00 0.99 0.99 0.98 0.98 0.98 0.97 0.97 0.97 0.97 0.97 0.98 0.98 0.99 1.00 1.01 1.01 1.02 1.02 1.02 1.02
0.98 0.98 0.98 0.98 0.98 0.98 0.99 0.99 1.00 1.00 1.01 1.01 1.01 1.00 0.99 0.99 0.99 0.99 1.00 1.00 1.00 1.00 1.00 1.00 1.00 1.01 1.01 1.01 1.01 1.01 1.00 1.00 1.01 1.01 1.00 0.99 0.96 0.94 0.94 0.95 0.99 1.06 1.12 1.18 1.21 1.20 1.17 1.12 1.08 1.05 1.02 1.01 1.00 0.99 0.99 0.98 0.98 0.98 0.98 0.98 0.99 0.99 0.99 0.99 0.98 0.98 0.97 0.97 0.98 0.98 0.98 0.98 0.98 0.98 0.98 0.99 1.00 1.01 1.01 1.02 1.02 1.02 1.02 1.02
0.98 0.98 0.98 0.98 0.99 0.99 0.99 0.99 1.00 1.00 1.00 1.00 1.00 1.00 0.99 0.99 0.99 1.00 1.00 1.00 1.00 1.00 1.00 1.01 1.01 1.02 1.02 1.02 1.02 1.01 1.01 1.01 1.01 1.01 1.01 1.00 0.98 0.97 0.97 1.00 1.04 1.09 1.15 1.18 1.19 1.16 1.13 1.08 1.05 1.02 1.01 1.00 0.99 0.99 0.98 0.98 0.98 0.98 0.98 0.98 0.99 0.99 0.99 0.98 0.98 0.97 0.97 0.97 0.98 0.98 0.98 0.98 0.98 0.98 0.99 0.99 1.00 1.01 1.02 1.02 1.02 1.02 1.01 1.01
0.99 0.99 0.98 0.99 0.99 0.99 0.99 0.99 1.00 1.00 1.00 1.00 1.00 0.99 0.99 0.99 1.00 1.00 1.00 1.01 1.01 1.01 1.01 1.02 1.03 1.03 1.04 1.03 1.03 1.03 1.02 1.02 1.02 1.02 1.02 1.01 1.00 0.99 1.00 1.03 1.06 1.11 1.14 1.15 1.14 1.11 1.08 1.04 1.02 1.00 0.99 0.99 0.98 0.98 0.98 0.98 0.98 0.98 0.98 0.98 0.99 0.99 0.98 0.98 0.98 0.98 0.98 0.98 0.98 0.99 0.98 0.98 0.98 0.98 0.99 1.00 1.01 1.01 1.02 1.02 1.01 1.01 1.01 1.00
0.99 0.99 0.98 0.99 0.99 0.99 0.99 0.99 0.99 0.99 0.99 0.99 0.99 0.99 0.99 1.00 1.00 1.01 1.01 1.01 1.01 1.02 1.02 1.03 1.04 1.05 1.05 1.05 1.04 1.03 1.03 1.02 1.02 1.02 1.02 1.01 1.00 1.00 1.01 1.03 1.05 1.08 1.10 1.10 1.09 1.06 1.04 1.01 1.00 0.99 0.98 0.98 0.98 0.98 0.98 0.98 0.98 0.98 0.99 0.99 0.99 0.99 0.98 0.98 0.98 0.98 0.98 0.99 0.99 0.99 0.99 0.99 0.99 0.99 0.99 1.00 1.01 1.01 1.02 1.01 1.01 1.00 1.00 0.99
0.99 0.99 0.98 0.99 0.99 0.99 0.99 0.99 0.99 0.99 0.99 0.99 0.99 0.99 1.00 1.00 1.00 1.01 1.01 1.02 1.02 1.03 1.04 1.05 1.06 1.06 1.06 1.05 1.03 1.02 1.02 1.01 1.01 1.01 1.01 1.00 0.99 0.98 0.98 0.99 1.01 1.02 1.04 1.05 1.04 1.02 1.01 1.00 0.99 0.98 0.98 0.98 0.98 0.98 0.98 0.98 0.99 0.99 0.99 0.99 0.99 0.99 0.99 0.99 0.99 0.99 0.99 1.00 1.00 1.00 1.00 1.00 0.99 0.99 1.00 1.00 1.01 1.01 1.01 1.00 1.00 0.99 0.98 0.98
0.99 0.99 0.99 0.99 0.99 0.99 0.99 0.99 0.99 0.99 0.99 0.99 0.99 0.99 1.00 1.00 1.01 1.01 1.02 1.02 1.03 1.04 1.06 1.07 1.07 1.07 1.05 1.03 1.01 0.99 0.99 0.98 0.98 0.98 0.97 0.96 0.95 0.94 0.94 0.95 0.96 0.98 1.00 1.01 1.00 1.00 0.99 0.99 0.99 0.98 0.98 0.98 0.98 0.98 0.99 0.99 1.00 1.00 1.00 1.00 1.00 1.00 1.00 1.00 1.00 1.00 1.00 1.00 1.00 1.00 1.00 1.00 1.00 0.99 0.99 1.00 1.00 1.00 1.00 0.99 0.98 0.97 0.97 0.97
0.99 0.99 0.99 0.99 0.99 0.99 0.98 0.98 0.98 0.98 0.99 0.99 0.99 0.99 1.00 1.00 1.01 1.02 1.02 1.04 1.05 1.06 1.07 1.07 1.06 1.04 1.02 0.99 0.96 0.95 0.94 0.93 0.93 0.93 0.93 0.92 0.91 0.90 0.91 0.92 0.93 0.95 0.97 0.98 0.99 0.99 0.99 1.00 1.00 0.99 0.99 0.99 0.99 0.99 0.99 1.00 1.01 1.01 1.01 1.01 1.02 1.01 1.01 1.01 1.01 1.00 1.00 1.00 1.00 1.00 1.00 1.00 0.99 0.99 0.99 0.99 1.00 0.99 0.99 0.98 0.97 0.96 0.96 0.96
