data/NorthBerwickLaw_225_1_25m_ang.asc
ncols	257
nrows	257
xllcorner	3503625.000000
yllcorner	3730350.000000
cellsize	25.000000
NODATA_value	-1.000000
[rows 126 to 167 of 257, columns 94 to 187 of 257]
224 224 224 224 224 224 224 225 225 225 225 225 225 225 226 225 225 224 223 221 221 220 220 220 221 221 221 223 223 223 224 225 225 226 229 230 227 222 216 210 208 210 212 213 214 215 215 216 218 220 220 221 221 222 221 221 222 222 222 222 223 222 222 222 222 222 222 223 223 223 223 222 222 223 223 223 224 224 224 224 224 224 224 224 224 224 224 224 224 224 224 224 224 224
224 223 223 224 224 224 224 224 224 224 224 225 225 225 225 225 225 223 222 220 219 219 218 218 219 219 218 219 220 220 220 221 220 221 223 224 221 217 211 206 204 205 208 210 211 212 213 214 215 216 217 218 219 219 219 219 219 220 220 220 221 221 221 221 221 221 222 222 222 222 222 222 222 222 223 223 223 223 224 224 224 224 224 224 224 224 224 224 224 224 224 224 224 224
223 223 223 223 224 224 224 224 224 224 224 225 225 225 225 225 224 223 221 219 218 216 216 215 216 216 216 216 217 217 217 218 218 219 221 222 220 216 210 206 204 205 207 209 210 211 212 212 213 215 216 217 217 218 218 218 218 219 219 219 220 220 220 221 221 221 221 222 222 222 222 222 222 222 222 223 223 223 224 224 224 224 224 224 224 224 224 224 224 224 224 224 224 225
223 223 223 223 223 224 224 224 224 224 224 224 225 225 225 225 224 222 220 218 216 214 214 213 214 214 214 215 215 215 216 217 218 220 223 223 221 218 213 210 208 208 208 210 211 212 212 213 214 215 216 216 217 218 218 218 218 219 219 219 219 220 220 221 221 221 221 222 222 222 222 222 222 222 222 223 223 223 223 224 224 224 224 224 223 223 223 224 224 224 224 224 224 225
224 223 223 224 224 224 224 224 224 224 224 225 225 225 225 224 223 222 219 217 214 213 212 212 212 213 214 214 215 215 216 218 221 223 225 225 224 221 217 215 213 212 211 213 214 214 215 215 215 216 217 217 218 219 219 219 219 219 219 220 220 220 221 221 221 221 222 222 222 223 223 223 223 222 222 223 223 223 223 224 224 224 224 224 224 224 224 224 224 224 225 225 225 225
224 224 224 224 224 224 224 225 225 225 225 225 225 225 225 224 223 221 219 216 213 212 211 211 212 213 214 214 216 217 219 221 224 226 227 227 226 224 221 218 217 215 215 216 217 217 218 218 218 218 219 220 220 221 221 221 221 221 221 221 221 221 222 222 222 222 223 223 223 223 223 223 223 223 223 223 223 224 224 224 224 224 224 224 224 224 224 224 225 225 225 225 225 226
225 224 224 224 225 225 225 225 225 225 225 225 225 225 225 224 223 221 218 215 212 211 210 211 212 213 215 216 218 220 222 224 227 229 230 229 228 226 223 220 219 218 218 218 219 220 220 221 221 221 222 222 222 223 223 223 223 223 223 223 223 223 223 223 224 224 224 224 224 224 224 224 224 224 224 224 224 224 224 225 225 225 225 225 225 225 225 225 225 226 226 226 226 226
225 225 225 225 225 225 225 225 225 225 225 225 225 225 225 224 222 221 218 215 213 211 210 211 213 214 217 219 221 223 225 227 229 231 232 231 229 227 225 222 221 221 220 220 221 222 222 223 223 223 223 224 224 224 224 224 224 224 224 224 224 224 225 225 225 225 225 225 225 225 225 225 225 225 225 225 225 225 225 225 226 226 226 225 225 225 225 226 226 226 226 226 226 226
225 225 225 225 225 225 225 225 226 226 226 226 225 225 225 224 223 221 219 216 213 212 211 212 215 217 219 222 224 226 228 230 232 233 233 232 230 229 227 224 223 223 222 222 223 224 224 224 224 224 224 225 225 225 225 225 225 225 225 225 225 225 225 226 226 226 226 226 226 225 225 225 225 225 225 225 225 225 226 226 226 226 226 226 226 226 226 226 226 226 226 226 226 227
225 225 225 225 226 226 226 226 226 226 226 226 225 225 225 224 223 222 219 217 215 214 213 215 218 220 222 225 227 228 230 232 233 234 234 233 232 230 228 226 225 224 224 223 224 225 225 225 225 225 225 225 226 226 226 226 226 226 225 226 226 226 226 226 226 226 226 226 226 226 226 226 226 225 225 225 225 226 226 226 226 226 226 226 226 226 226 226 226 226 226 226 226 226
225 225 225 226 226 226 226 226 226 226 226 226 225 225 225 224 224 222 221 219 217 216 216 218 221 223 225 228 229 231 233 234 235 235 234 234 232 231 229 227 226 225 225 225 225 225 225 226 226 226 226 226 226 226 226 226 226 226 226 226 226 226 226 226 226 226 226 226 226 226 226 226 226 225 225 225 225 225 225 226 226 226 226 225 225 225 225 225 225 225 225 225 225 226
226 225 226 226 226 226 226 226 226 226 226 225 225 225 225 225 224 223 222 221 220 219 220 222 224 226 228 230 232 233 234 235 236 235 235 234 233 231 230 228 227 227 226 226 226 226 226 226 226 226 226 226 227 227 227 227 226 226 226 226 226 226 226 226 226 226 226 226 226 226 225 225 225 225 225 225 225 225 225 225 225 225 225 225 225 225 225 225 225 225 225 224 225 225
225 226 226 226 226 226 226 226 226 226 225 225 225 225 225 225 225 224 223 223 222 222 223 225 227 229 231 233 234 235 236 236 236 236 235 234 233 232 230 229 228 228 227 227 227 227 227 227 227 227 227 227 227 227 227 227 226 226 226 226 226 226 226 226 226 226 226 226 226 225 225 225 225 225 225 224 224 224 224 224 225 225 224 224 224 224 224 224 224 224 224 224 224 224
225 225 226 226 226 226 226 226 225 225 225 225 225 225 226 226 225 225 224 224 224 224 225 227 229 231 233 234 236 237 237 237 237 237 236 234 233 232 231 230 229 229 228 228 228 228 228 228 227 227 227 227 227 227 227 227 227 227 226 226 226 226 226 226 226 226 226 226 225 225 225 225 225 225 224 224 224 224 224 224 224 224 224 224 224 224 224 224 224 224 224 224 224 224
225 225 225 226 226 226 226 226 225 225 225 225 225 226 226 226 226 225 225 225 225 226 227 228 230 232 234 235 237 237 238 238 237 237 236 235 234 232 231 230 230 229 229 229 229 229 228 228 228 228 228 228 227 227 227 227 227 227 226 226 226 226 226 226 226 226 226 226 225 225 225 225 225 225 225 224 224 224 224 224 224 224 224 224 224 224 224 224 224 224 224 224 224 224
225 225 225 225 226 226 226 225 225 225 225 225 225 226 226 226 226 226 226 226 226 226 227 229 230 232 234 235 236 237 237 237 237 237 236 235 234 232 231 230 230 229 229 229 229 229 229 229 228 228 228 228 228 227 227 227 227 226 226 226 226 226 226 226 226 226 226 226 225 225 225 225 225 225 225 225 225 225 225 225 225 224 224 224 224 224 224 224 224 224 224 224 224 224
225 225 225 225 225 225 225 225 225 225 225 225 225 225 226 226 226 226 226 226 226 226 227 228 230 231 232 234 235 236 236 236 236 235 235 234 233 231 230 230 229 229 229 228 228 228 228 228 228 228 228 228 227 227 227 226 226 226 226 226 226 226 226 226 226 226 226 226 226 226 225 225 225 225 225 225 225 225 225 225 225 225 225 224 224 224 224 224 224 224 224 224 224 224
225 225 225 225 225 225 225 225 225 225 225 225 225 225 225 226 225 225 225 225 226 226 227 227 228 229 231 232 233 233 234 234 234 233 233 232 231 230 229 229 228 228 228 228 227 227 227 227 227 227 227 227 227 226 226 226 226 226 226 225 225 225 225 225 226 226 226 226 226 226 226 225 225 225 225 225 225 225 225 225 225 225 225 225 225 225 225 225 224 224 224 224 224 224
225 225 225 225 225 225 225 225 225 225 225 225 225 225 225 225 225 225 225 225 225 225 226 226 227 228 229 230 230 231 231 231 232 231 231 230 229 229 228 227 227 227 226 226 226 226 226 226 226 226 226 226 226 226 225 225 225 225 225 225 225 225 225 225 225 225 226 226 226 226 226 225 226 226 226 226 226 226 226 226 225 225 225 225 225 225 225 225 225 225 224 224 224 224
225 225 225 225 225 225 225 225 225 224 224 224 225 225 225 225 225 225 225 225 225 225 225 225 226 226 227 227 228 229 229 229 229 229 228 228 227 227 226 226 226 225 225 225 225 225 225 225 225 225 225 225 225 225 225 225 225 225 225 225 225 225 225 225 225 225 225 226 226 226 226 226 226 226 226 226 226 226 226 226 226 226 225 225 225 225 225 225 225 225 225 225 225 224
225 225 225 225 225 225 225 224 224 224 224 224 224 224 225 225 225 225 225 224 224 224 224 225 225 225 225 226 226 227 227 227 227 227 226 226 226 226 225 225 225 225 225 224 224 224 225 225 224 225 225 224 224 224 224 224 225 225 225 225 225 225 225 225 225 225 226 226 226 226 226 226 226 226 226 226 226 226 226 226 226 226 226 225 225 225 225 225 225 225 225 225 225 225
224 225 225 225 225 225 224 224 224 224 224 224 224 224 224 224 224 225 224 224 224 224 224 224 224 224 224 225 225 225 225 225 225 225 225 225 225 225 224 224 224 224 224 224 224 224 224 224 224 224 224 224 224 224 224 224 224 224 224 224 225 225 225 225 225 225 226 226 226 226 226 226 226 226 226 226 226 226 226 226 226 225 225 225 225 225 225 225 225 225 225 225 225 225
224 224 225 225 224 224 224 224 224 224 224 224 224 224 224 224 224 224 224 224 224 224 224 224 224 224 224 224 224 224 224 224 224 224 224 224 224 224 224 224 224 224 224 224 224 224 224 224 224 224 224 224 224 224 224 224 224 224 224 224 225 225 225 225 225 225 226 226 226 225 225 225 225 225 225 225 225 225 225 225 225 225 225 225 225 225 225 225 225 225 225 225 225 225
224 224 224 224 224 224 224 224 224 224 224 224 224 224 224 224 224 224 224 224 224 224 224 224 224 224 224 224 224 224 224 224 224 224 224 224 223 223 223 223 223 223 223 223 224 224 224 224 224 224 224 224 224 224 224 224 224 224 224 224 224 224 225 225 225 225 225 225 225 225 225 225 225 225 225 225 225 225 225 225 225 225 225 225 225 225 225 225 225 225 225 225 225 225
224 224 224 224 224 224 224 224 224 224 224 224 224 224 224 224 224 224 224 224 224 224 224 224 224 224 224 224 224 224 224 224 224 224 224 223 223 223 223 223 223 223 223 223 224 224 224 224 224 224 224 224 224 224 224 224 224 224 224 224 224 224 224 225 225 225 225 225 225 225 225 225 225 225 225 225 225 225 225 225 225 225 225 225 225 225 225 225 225 225 225 225 225 225
225 225 225 225 225 224 224 224 224 224 224 224 224 224 224 224 224 224 224 224 224 224 224 224 224 224 224 224 224 224 224 224 224 224 224 224 223 223 223 223 223 223 223 224 224 224 224 224 224 224 224 224 224 224 224 224 224 224 224 224 224 224 224 225 225 225 225 225 224 224 224 225 225 225 225 225 225 225 225 225 225 225 225 225 225 225 225 225 225 225 225 225 224 224
225 225 225 225 225 225 224 224 224 224 224 224 224 224 224 224 224 224 224 224 224 224 224 224 224 224 224 224 224 225 225 225 224 224 224 224 224 224 224 223 223 224 224 224 224 224 224 224 224 224 224 224 224 224 224 224 224 224 224 224 224 224 224 225 225 225 225 224 224 224 224 224 224 224 225 224 224 224 224 224 224 224 224 224 224 224 224 224 224 224 224 224 224 224
225 225 225 225 225 225 224 224 224 224 224 224 224 224 224 225 225 224 225 225 225 225 225 224 224 224 225 225 225 225 225 225 225 225 225 224 224 224 224 224 224 224 224 224 224 224 224 224 225 225 224 224 224 224 224 224 224 224 224 224 224 224 224 225 225 225 225 224 224 224 224 224 224 224 224 224 224 224 224 224 224 224 224 224 224 224 224 224 224 224 224 224 224 224
225 225 225 225 225 225 225 224 224 224 224 224 225 225 225 225 225 225 225 225 225 225 225 225 225 225 225 225 225 225 225 225 225 225 225 225 225 224 224 224 224 224 224 224 224 224 224 224 224 225 225 224 224 224 224 224 224 224 224 224 224 224 224 224 225 225 225 224 224 224 224 224 224 224 224 224 224 224 224 224 224 225 225 225 225 224 224 224 224 224 224 224 224 224
225 225 225 225 225 225 225 225 225 225 225 225 225 225 225 225 225 225 225 225 225 225 225 225 225 225 225 225 225 225 225 225 225 225 225 225 225 225 225 225 225 225 225 224 224 224 224 224 225 225 225 225 224 224 224 224 224 224 224 224 224 224 224 224 225 225 225 225 224 224 224 224 224 225 225 224 224 224 224 224 224 225 225 225 225 225 225 225 225 225 225 225 224 224
225 225 225 225 225 225 225 225 225 225 225 225 225 225 225 225 225 225 225 225 225 225 225 225 225 225 225 225 225 225 225 225 225 225 225 225 225 225 225 225 225 225 225 225 225 225 224 224 225 225 225 225 224 224 224 224 224 224 224 224 224 224 224 225 225 225 225 225 225 225 225 225 225 225 225 225 225 224 224 224 225 225 225 225 225 225 225 225 225 225 225 225 225 225
225 225 225 225 225 225 225 225 225 225 225 225 225 225 225 225 225 225 225 225 225 226 225 225 225 225 225 225 225 225 225 226 226 226 225 225 225 225 225 225 225 225 225 225 225 225 225 225 225 225 225 225 224 224 224 224 224 224 224 224 224 224 224 225 225 225 225 225 225 225 225 225 225 225 225 225 225 225 225 225 225 225 225 225 225 225 225 225 225 225 225 225 225 225
225 225 225 225 225 225 225 225 225 225 225 225 225 226 226 226 226 226 226 226 226 226 226 226 226 226 225 225 225 225 226 226 226 225 225 225 225 225 225 225 225 225 225 225 225 225 225 225 225 225 225 225 225 224 224 224 224 224 224 224 224 224 224 224 225 225 225 225 225 225 225 225 225 225 225 225 225 225 225 225 225 225 225 225 225 225 225 225 225 225 225 225 225 225
225 225 225 225 225 225 225 225 225 225 226 226 226 226 226 226 226 226 226 226 226 226 226 226 226 226 225 225 225 225 226 226 226 225 225 225 225 225 225 225 225 225 225 225 225 225 225 225 225 225 225 225 225 224 224 224 224 224 224 224 224 224 225 225 225 225 225 225 225 225 225 225 225 225 225 225 225 225 225 225 225 225 225 225 225 225 225 225 225 225 225 225 225 225
226 226 225 225 225 226 226 226 226 226 226 226 226 226 226 226 226 226 226 226 226 226 226 226 226 226 225 225 225 225 226 226 226 226 226 225 225 225 225 225 225 225 225 225 225 225 225 225 225 225 225 225 225 225 224 224 224 224 224 224 224 225 225 225 225 225 225 225 225 225 225 225 225 225 225 225 225 225 225 225 225 225 225 225 225 225 225 225 225 225 225 225 225 225
226 226 226 226 226 226 226 226 226 226 226 226 226 226 226 226 226 226 226 226 226 226 226 226 226 226 225 225 225 225 226 226 226 226 226 226 226 225 225 225 225 225 225 225 225 225 225 225 225 225 225 225 225 225 225 225 225 225 225 225 225 225 225 225 225 225 225 225 225 225 225 225 225 225 225 225 225 225 225 225 225 225 225 225 225 225 225 225 225 225 225 225 225 225
226 226 226 226 226 226 226 226 226 226 226 226 226 226 226 226 226 226 226 226 225 225 225 226 226 225 225 225 225 225 226 226 226 226 226 226 226 225 225 225 225 225 225 225 225 225 225 225 225 225 225 225 225 225 225 225 225 225 225 225 225 225 225 225 225 225 225 225 225 225 225 225 225 225 225 225 225 225 225 225 225 225 225 225 225 225 225 225 225 225 225 225 225 225
226 226 226 226 226 226 226 226 226 225 225 225 225 225 225 225 225 225 225 225 225 225 225 225 225 225 225 225 225 225 225 226 226 226 226 226 226 225 225 225 225 225 225 225 225 225 225 225 225 225 225 225 225 225 225 225 225 225 225 225 225 225 225 225 225 225 225 225 225 225 225 225 225 225 225 225 225 225 225 225 225 225 225 225 225 225 225 225 225 225 225 225 225 225
225 225 225 226 225 225 225 225 225 225 225 225 225 225 225 225 225 225 225 225 225 225 225 225 225 225 225 225 225 225 225 225 226 226 226 226 225 225 225 225 225 225 225 225 225 225 226 225 225 225 225 225 225 225 225 225 225 225 225 225 225 225 225 225 225 225 225 225 225 225 225 225 225 225 225 225 225 225 225 225 225 225 225 225 225 225 225 225 225 225 225 225 225 225
225 225 225 225 225 225 225 225 225 225 225 225 225 225 225 225 225 225 225 225 225 225 225 225 225 225 225 225 225 225 225 225 225 225 225 225 225 225 225 225 225 225 225 226 226 226 226 226 226 225 225 225 225 225 225 225 225 225 225 225 225 225 225 225 225 225 225 225 225 225 225 225 225 225 225 225 225 225 225 225 225 225 225 225 225 225 225 225 225 225 225 225 225 225
224 224 224 225 225 225 224 224 224 224 224 224 224 224 225 225 225 225 225 225 225 225 225 225 225 225 225 225 225 225 225 225 225 225 225 225 225 225 225 225 225 225 225 226 226 226 226 226 226 226 225 225 225 225 225 225 225 225 225 225 225 225 225 225 225 225 225 225 225 225 225 225 225 225 225 225 225 225 225 225 225 225 225 225 225 225 225 225 225 225 225 225 225 225
224 224 224 224 224 224 224 224 224 224 224 224 224 224 224 224 225 225 225 225 225 225 225 225 225 225 225 225 225 225 225 225 225 225 225 225 225 225 225 225 225 225 225 225 226 226 226 226 226 226 226 225 225 225 225 225 225 225 225 225 225 225 225 225 225 225 225 225 225 225 225 225 225 225 225 225 225 225 225 225 225 225 225 225 225 225 226 226 226 226 226 226 226 226
