data/NorthBerwickLaw_270_1_25m_vel.asc
ncols	257
nrows	257
xllcorner	3503625.000000
yllcorner	3730350.000000
cellsize	25.000000
NODATA_value	-1.000000
[rows 38 to 75 of 257, columns 0 to 83 of 257]
2.77 2.74 2.71 2.71 2.71 2.70 2.70 2.70 2.70 2.70 2.70 2.70 2.70 2.70 2.70 2.70 2.70 2.70 2.70 2.70 2.70 2.70 2.70 2.70 2.70 2.70 2.70 2.70 2.70 2.70 2.70 2.70 2.70 2.70 2.70 2.70 2.70 2.70 2.70 2.70 2.70 2.70 2.70 2.70 2.70 2.70 2.70 2.70 2.70 2.70 2.70 2.70 2.70 2.70 2.70 2.70 2.70 2.70 2.70 2.70 2.70 2.70 2.70 2.70 2.70 2.70 2.70 2.70 2.70 2.70 2.70 2.70 2.70 2.70 2.70 2.70 2.70 2.70 2.70 2.70 2.70 2.70 2.70 2.70
2.83 2.76 2.69 2.71 2.70 2.70 2.70 2.70 2.70 2.70 2.70 2.70 2.70 2.70 2.70 2.70 2.70 2.70 2.70 2.70 2.70 2.70 2.70 2.70 2.70 2.70 2.70 2.70 2.70 2.70 2.70 2.70 2.70 2.70 2.70 2.70 2.70 2.70 2.70 2.70 2.70 2.70 2.70 2.70 2.70 2.70 2.70 2.70 2.70 2.70 2.70 2.70 2.70 2.70 2.70 2.70 2.70 2.70 2.70 2.70 2.70 2.70 2.70 2.70 2.70 2.70 2.70 2.70 2.70 2.70 2.70 2.70 2.70 2.70 2.70 2.70 2.70 2.70 2.70 2.70 2.70 2.70 2.70 2.70
2.88 2.79 2.70 2.70 2.68 2.69 2.69 2.69 2.69 2.69 2.69 2.70 2.70 2.70 2.70 2.70 2.70 2.70 2.70 2.70 2.70 2.70 2.70 2.70 2.70 2.70 2.70 2.70 2.70 2.70 2.70 2.70 2.70 2.70 2.70 2.70 2.70 2.70 2.70 2.70 2.70 2.70 2.70 2.70 2.70 2.70 2.70 2.70 2.70 2.70 2.70 2.70 2.70 2.70 2.70 2.70 2.70 2.70 2.70 2.70 2.70 2.70 2.70 2.70 2.70 2.70 2.70 2.70 2.70 2.70 2.70 2.70 2.70 2.70 2.70 2.70 2.70 2.70 2.70 2.70 2.70 2.70 2.70 2.70
2.89 2.82 2.74 2.70 2.66 2.67 2.68 2.69 2.69 2.69 2.69 2.69 2.69 2.69 2.69 2.70 2.70 2.70 2.70 2.70 2.70 2.70 2.70 2.70 2.70 2.70 2.70 2.70 2.70 2.70 2.70 2.70 2.70 2.70 2.70 2.70 2.70 2.70 2.70 2.70 2.70 2.70 2.70 2.70 2.70 2.70 2.70 2.70 2.70 2.70 2.70 2.70 2.70 2.70 2.70 2.70 2.70 2.70 2.70 2.70 2.70 2.70 2.70 2.70 2.70 2.70 2.70 2.70 2.70 2.70 2.70 2.70 2.70 2.70 2.70 2.70 2.70 2.70 2.70 2.70 2.70 2.70 2.70 2.70
2.87 2.84 2.79 2.73 2.67 2.65 2.66 2.68 2.68 2.68 2.69 2.69 2.69 2.69 2.69 2.69 2.69 2.70 2.70 2.70 2.70 2.70 2.70 2.70 2.70 2.70 2.70 2.70 2.70 2.70 2.70 2.70 2.70 2.70 2.70 2.70 2.70 2.70 2.70 2.70 2.70 2.70 2.70 2.70 2.70 2.70 2.70 2.70 2.70 2.70 2.70 2.70 2.70 2.70 2.70 2.70 2.70 2.70 2.70 2.70 2.70 2.70 2.70 2.70 2.70 2.70 2.70 2.70 2.70 2.70 2.70 2.70 2.70 2.70 2.70 2.70 2.70 2.70 2.70 2.70 2.70 2.70 2.70 2.70
2.83 2.82 2.81 2.77 2.71 2.66 2.66 2.66 2.66 2.67 2.68 2.68 2.69 2.69 2.69 2.69 2.69 2.69 2.69 2.70 2.70 2.70 2.70 2.70 2.70 2.70 2.70 2.70 2.70 2.70 2.70 2.70 2.70 2.70 2.70 2.70 2.70 2.70 2.70 2.70 2.70 2.70 2.70 2.70 2.70 2.70 2.70 2.70 2.70 2.70 2.70 2.70 2.70 2.70 2.70 2.70 2.70 2.70 2.70 2.70 2.70 2.70 2.70 2.70 2.70 2.70 2.70 2.70 2.70 2.70 2.70 2.70 2.70 2.70 2.70 2.70 2.70 2.70 2.70 2.70 2.70 2.70 2.70 2.70
2.79 2.80 2.81 2.80 2.75 2.71 2.69 2.66 2.64 2.65 2.67 2.68 2.68 2.69 2.69 2.69 2.69 2.69 2.69 2.69 2.69 2.70 2.70 2.70 2.70 2.70 2.70 2.70 2.70 2.70 2.70 2.70 2.70 2.70 2.70 2.70 2.70 2.70 2.70 2.70 2.70 2.70 2.70 2.70 2.70 2.70 2.70 2.70 2.70 2.70 2.70 2.70 2.70 2.70 2.70 2.70 2.70 2.70 2.70 2.70 2.70 2.70 2.70 2.70 2.70 2.70 2.70 2.70 2.70 2.70 2.70 2.70 2.70 2.70 2.70 2.70 2.70 2.70 2.70 2.70 2.70 2.70 2.70 2.70
2.74 2.76 2.79 2.80 2.78 2.75 2.73 2.69 2.64 2.63 2.66 2.67 2.68 2.68 2.68 2.69 2.69 2.69 2.69 2.69 2.69 2.69 2.70 2.70 2.70 2.70 2.70 2.70 2.70 2.70 2.70 2.70 2.70 2.70 2.70 2.70 2.70 2.70 2.70 2.70 2.70 2.70 2.70 2.70 2.70 2.70 2.70 2.70 2.70 2.70 2.70 2.70 2.70 2.70 2.70 2.70 2.70 2.70 2.70 2.70 2.70 2.70 2.70 2.70 2.70 2.70 2.70 2.70 2.70 2.70 2.70 2.70 2.70 2.70 2.70 2.70 2.70 2.70 2.70 2.70 2.70 2.70 2.70 2.70
2.71 2.73 2.77 2.79 2.80 2.78 2.75 2.73 2.67 2.64 2.65 2.66 2.66 2.67 2.68 2.68 2.69 2.69 2.69 2.69 2.69 2.69 2.69 2.69 2.70 2.70 2.70 2.70 2.70 2.70 2.70 2.70 2.70 2.70 2.70 2.70 2.70 2.70 2.70 2.70 2.70 2.70 2.70 2.70 2.70 2.70 2.70 2.70 2.70 2.70 2.70 2.70 2.70 2.70 2.70 2.70 2.70 2.70 2.70 2.70 2.70 2.71 2.71 2.70 2.70 2.70 2.70 2.70 2.70 2.70 2.70 2.70 2.70 2.70 2.70 2.70 2.70 2.70 2.70 2.70 2.70 2.70 2.70 2.70
2.70 2.72 2.75 2.77 2.79 2.78 2.76 2.75 2.71 2.69 2.68 2.66 2.64 2.66 2.67 2.68 2.68 2.68 2.69 2.69 2.69 2.69 2.69 2.69 2.69 2.69 2.70 2.70 2.70 2.70 2.70 2.70 2.70 2.70 2.70 2.70 2.70 2.70 2.70 2.70 2.70 2.70 2.70 2.70 2.70 2.70 2.70 2.70 2.70 2.70 2.70 2.70 2.70 2.70 2.70 2.70 2.70 2.71 2.71 2.71 2.71 2.71 2.71 2.71 2.71 2.71 2.71 2.71 2.70 2.70 2.70 2.70 2.70 2.70 2.70 2.70 2.70 2.70 2.70 2.70 2.70 2.70 2.70 2.70
2.70 2.71 2.73 2.75 2.77 2.78 2.76 2.75 2.74 2.73 2.72 2.68 2.66 2.67 2.66 2.66 2.67 2.68 2.68 2.68 2.69 2.69 2.69 2.69 2.69 2.69 2.69 2.70 2.70 2.70 2.70 2.70 2.70 2.70 2.70 2.70 2.70 2.70 2.70 2.70 2.70 2.70 2.70 2.70 2.70 2.70 2.70 2.70 2.70 2.70 2.70 2.70 2.70 2.70 2.70 2.70 2.70 2.71 2.71 2.71 2.71 2.71 2.71 2.71 2.71 2.71 2.71 2.71 2.71 2.71 2.70 2.70 2.70 2.70 2.70 2.70 2.70 2.70 2.70 2.70 2.70 2.70 2.70 2.70
2.72 2.71 2.72 2.73 2.74 2.75 2.75 2.74 2.75 2.75 2.74 2.72 2.71 2.70 2.67 2.64 2.66 2.67 2.67 2.68 2.68 2.68 2.69 2.69 2.69 2.69 2.69 2.69 2.69 2.70 2.70 2.70 2.70 2.70 2.70 2.70 2.70 2.70 2.70 2.70 2.70 2.70 2.70 2.70 2.70 2.70 2.70 2.70 2.70 2.70 2.70 2.70 2.70 2.70 2.70 2.70 2.71 2.71 2.71 2.71 2.71 2.71 2.71 2.71 2.71 2.71 2.71 2.71 2.71 2.71 2.71 2.70 2.70 2.70 2.70 2.70 2.70 2.70 2.70 2.70 2.70 2.70 2.70 2.70
2.73 2.72 2.72 2.72 2.73 2.73 2.73 2.72 2.73 2.74 2.74 2.75 2.76 2.75 2.70 2.65 2.65 2.65 2.65 2.67 2.68 2.68 2.68 2.69 2.69 2.69 2.69 2.69 2.69 2.69 2.70 2.70 2.70 2.70 2.70 2.70 2.70 2.70 2.70 2.70 2.70 2.70 2.70 2.70 2.70 2.70 2.70 2.70 2.70 2.70 2.70 2.70 2.70 2.70 2.70 2.71 2.71 2.71 2.71 2.71 2.71 2.71 2.71 2.71 2.71 2.71 2.71 2.71 2.71 2.71 2.71 2.71 2.70 2.70 2.70 2.70 2.70 2.70 2.70 2.70 2.70 2.70 2.70 2.70
2.74 2.73 2.72 2.72 2.72 2.71 2.71 2.70 2.71 2.72 2.74 2.76 2.78 2.78 2.75 2.70 2.68 2.65 2.63 2.65 2.66 2.67 2.68 2.68 2.68 2.69 2.69 2.69 2.69 2.69 2.69 2.69 2.70 2.70 2.70 2.70 2.70 2.70 2.70 2.70 2.70 2.70 2.70 2.70 2.70 2.70 2.70 2.70 2.70 2.70 2.70 2.70 2.70 2.70 2.70 2.71 2.71 2.71 2.71 2.71 2.71 2.71 2.71 2.71 2.71 2.71 2.71 2.71 2.71 2.71 2.71 2.71 2.71 2.70 2.70 2.70 2.70 2.70 2.70 2.70 2.70 2.70 2.70 2.70
2.76 2.74 2.73 2.72 2.71 2.70 2.69 2.68 2.68 2.69 2.72 2.75 2.77 2.79 2.79 2.75 2.72 2.68 2.64 2.63 2.65 2.67 2.67 2.68 2.68 2.68 2.69 2.69 2.69 2.69 2.69 2.69 2.69 2.70 2.70 2.70 2.70 2.70 2.70 2.70 2.70 2.70 2.70 2.70 2.70 2.70 2.70 2.70 2.70 2.70 2.70 2.70 2.70 2.70 2.70 2.71 2.71 2.71 2.71 2.71 2.71 2.71 2.71 2.71 2.71 2.71 2.71 2.71 2.71 2.71 2.71 2.71 2.71 2.70 2.70 2.70 2.70 2.70 2.70 2.70 2.70 2.70 2.70 2.70
2.77 2.75 2.74 2.73 2.71 2.70 2.68 2.67 2.66 2.67 2.71 2.74 2.76 2.78 2.79 2.77 2.76 2.73 2.68 2.64 2.65 2.65 2.65 2.67 2.67 2.68 2.68 2.69 2.69 2.69 2.69 2.69 2.69 2.69 2.69 2.70 2.70 2.70 2.70 2.70 2.70 2.70 2.69 2.69 2.70 2.70 2.70 2.69 2.70 2.70 2.70 2.70 2.70 2.70 2.70 2.71 2.71 2.71 2.71 2.72 2.72 2.72 2.72 2.72 2.71 2.71 2.71 2.71 2.71 2.71 2.71 2.71 2.71 2.71 2.70 2.70 2.70 2.70 2.70 2.70 2.70 2.70 2.70 2.70
2.77 2.76 2.75 2.74 2.72 2.70 2.68 2.66 2.66 2.66 2.69 2.72 2.74 2.76 2.77 2.78 2.77 2.77 2.73 2.69 2.68 2.65 2.63 2.65 2.66 2.67 2.68 2.68 2.68 2.69 2.69 2.69 2.69 2.69 2.69 2.69 2.69 2.69 2.69 2.69 2.69 2.69 2.69 2.69 2.69 2.69 2.69 2.69 2.70 2.70 2.70 2.70 2.70 2.70 2.70 2.71 2.71 2.71 2.72 2.72 2.73 2.73 2.72 2.72 2.71 2.71 2.71 2.71 2.71 2.71 2.71 2.72 2.71 2.71 2.70 2.70 2.70 2.69 2.69 2.69 2.69 2.69 2.70 2.70
2.77 2.76 2.75 2.74 2.72 2.70 2.68 2.67 2.66 2.66 2.68 2.70 2.71 2.73 2.74 2.76 2.78 2.78 2.76 2.74 2.72 2.69 2.64 2.63 2.64 2.66 2.67 2.68 2.68 2.68 2.69 2.69 2.69 2.69 2.69 2.69 2.69 2.69 2.69 2.69 2.69 2.69 2.69 2.69 2.69 2.69 2.69 2.69 2.69 2.69 2.69 2.70 2.70 2.70 2.70 2.71 2.71 2.70 2.71 2.74 2.75 2.74 2.73 2.72 2.72 2.71 2.71 2.71 2.71 2.71 2.72 2.73 2.72 2.71 2.69 2.69 2.69 2.69 2.69 2.69 2.69 2.69 2.69 2.69
2.76 2.76 2.75 2.74 2.73 2.71 2.69 2.67 2.67 2.66 2.67 2.69 2.69 2.70 2.72 2.75 2.77 2.78 2.77 2.76 2.75 2.73 2.68 2.63 2.63 2.65 2.67 2.67 2.67 2.68 2.68 2.69 2.69 2.69 2.69 2.69 2.69 2.69 2.69 2.69 2.69 2.69 2.69 2.69 2.69 2.69 2.69 2.69 2.69 2.69 2.69 2.69 2.70 2.70 2.70 2.70 2.70 2.70 2.72 2.75 2.77 2.77 2.74 2.72 2.72 2.71 2.71 2.71 2.71 2.72 2.73 2.74 2.74 2.71 2.68 2.68 2.68 2.68 2.68 2.69 2.69 2.69 2.69 2.69
2.75 2.74 2.74 2.74 2.74 2.72 2.70 2.69 2.68 2.67 2.67 2.67 2.68 2.68 2.70 2.73 2.76 2.77 2.76 2.75 2.75 2.76 2.74 2.68 2.64 2.65 2.65 2.65 2.66 2.67 2.68 2.68 2.68 2.69 2.69 2.69 2.69 2.69 2.69 2.69 2.69 2.69 2.69 2.69 2.69 2.68 2.68 2.68 2.68 2.68 2.68 2.69 2.70 2.71 2.70 2.70 2.71 2.72 2.74 2.76 2.78 2.78 2.74 2.72 2.72 2.71 2.71 2.70 2.71 2.73 2.74 2.75 2.76 2.73 2.69 2.68 2.67 2.67 2.68 2.68 2.68 2.68 2.69 2.69
2.73 2.73 2.74 2.74 2.74 2.73 2.71 2.70 2.69 2.68 2.67 2.66 2.67 2.68 2.70 2.73 2.76 2.76 2.74 2.73 2.74 2.76 2.76 2.73 2.70 2.68 2.65 2.63 2.65 2.66 2.67 2.68 2.68 2.68 2.68 2.69 2.69 2.69 2.69 2.69 2.69 2.69 2.69 2.68 2.68 2.68 2.67 2.67 2.67 2.66 2.66 2.68 2.70 2.72 2.70 2.70 2.74 2.76 2.77 2.77 2.77 2.76 2.73 2.72 2.72 2.71 2.70 2.70 2.72 2.74 2.75 2.75 2.76 2.74 2.71 2.68 2.66 2.66 2.66 2.66 2.67 2.68 2.68 2.69
2.71 2.72 2.73 2.74 2.74 2.73 2.72 2.71 2.70 2.69 2.67 2.66 2.66 2.68 2.70 2.73 2.75 2.74 2.72 2.70 2.72 2.75 2.76 2.76 2.75 2.73 2.69 2.63 2.62 2.65 2.67 2.67 2.67 2.68 2.68 2.68 2.69 2.69 2.69 2.69 2.69 2.68 2.68 2.68 2.68 2.67 2.66 2.66 2.65 2.64 2.64 2.67 2.72 2.73 2.72 2.74 2.79 2.81 2.80 2.78 2.76 2.74 2.72 2.72 2.72 2.71 2.70 2.70 2.72 2.75 2.76 2.75 2.75 2.75 2.73 2.69 2.67 2.66 2.65 2.65 2.66 2.67 2.68 2.68
2.71 2.71 2.72 2.73 2.74 2.74 2.73 2.72 2.71 2.69 2.68 2.67 2.67 2.68 2.70 2.74 2.75 2.73 2.70 2.68 2.69 2.72 2.75 2.77 2.77 2.76 2.73 2.67 2.62 2.64 2.67 2.67 2.66 2.66 2.68 2.68 2.69 2.69 2.69 2.69 2.69 2.68 2.68 2.67 2.67 2.66 2.65 2.64 2.62 2.60 2.61 2.67 2.73 2.76 2.76 2.79 2.84 2.84 2.81 2.77 2.75 2.73 2.70 2.69 2.71 2.71 2.70 2.70 2.72 2.75 2.75 2.75 2.76 2.76 2.74 2.70 2.68 2.66 2.64 2.64 2.66 2.67 2.67 2.68
2.70 2.71 2.71 2.73 2.74 2.74 2.73 2.72 2.71 2.69 2.68 2.68 2.68 2.69 2.71 2.73 2.74 2.72 2.69 2.67 2.66 2.68 2.73 2.76 2.78 2.78 2.76 2.71 2.66 2.66 2.67 2.66 2.64 2.65 2.67 2.68 2.68 2.69 2.69 2.69 2.69 2.68 2.67 2.66 2.66 2.65 2.64 2.62 2.59 2.56 2.60 2.67 2.74 2.79 2.81 2.84 2.88 2.86 2.80 2.77 2.75 2.72 2.67 2.66 2.70 2.72 2.71 2.70 2.72 2.74 2.75 2.75 2.75 2.75 2.74 2.71 2.68 2.66 2.64 2.65 2.66 2.66 2.67 2.67
2.71 2.71 2.71 2.72 2.73 2.73 2.73 2.72 2.70 2.70 2.69 2.69 2.69 2.70 2.71 2.73 2.73 2.71 2.69 2.67 2.65 2.66 2.70 2.74 2.77 2.78 2.77 2.74 2.71 2.68 2.67 2.64 2.63 2.65 2.67 2.68 2.69 2.70 2.70 2.69 2.69 2.68 2.67 2.65 2.64 2.63 2.62 2.61 2.57 2.54 2.60 2.68 2.75 2.81 2.85 2.89 2.90 2.85 2.78 2.77 2.77 2.73 2.65 2.63 2.68 2.74 2.74 2.72 2.72 2.73 2.74 2.75 2.75 2.75 2.73 2.71 2.68 2.65 2.65 2.66 2.66 2.67 2.68 2.67
2.71 2.71 2.71 2.72 2.73 2.73 2.72 2.71 2.70 2.70 2.70 2.71 2.71 2.71 2.71 2.72 2.71 2.70 2.68 2.67 2.65 2.66 2.68 2.72 2.75 2.78 2.78 2.76 2.73 2.70 2.67 2.63 2.63 2.65 2.67 2.68 2.70 2.71 2.71 2.70 2.69 2.68 2.66 2.64 2.62 2.61 2.60 2.59 2.57 2.56 2.61 2.68 2.75 2.81 2.87 2.91 2.91 2.84 2.76 2.76 2.80 2.74 2.64 2.62 2.68 2.76 2.77 2.73 2.71 2.72 2.73 2.74 2.74 2.73 2.72 2.70 2.67 2.65 2.65 2.66 2.67 2.67 2.68 2.68
2.71 2.71 2.71 2.72 2.73 2.72 2.72 2.71 2.70 2.70 2.71 2.72 2.72 2.72 2.71 2.71 2.70 2.69 2.68 2.67 2.65 2.66 2.68 2.70 2.73 2.77 2.78 2.77 2.74 2.71 2.67 2.63 2.62 2.65 2.68 2.70 2.71 2.72 2.72 2.70 2.69 2.67 2.65 2.63 2.61 2.59 2.58 2.58 2.58 2.59 2.62 2.68 2.75 2.81 2.87 2.91 2.90 2.85 2.77 2.76 2.80 2.76 2.65 2.64 2.69 2.77 2.80 2.74 2.70 2.71 2.72 2.73 2.73 2.72 2.72 2.70 2.67 2.64 2.65 2.66 2.66 2.66 2.68 2.69
2.71 2.71 2.71 2.72 2.72 2.72 2.71 2.71 2.70 2.70 2.72 2.73 2.73 2.73 2.72 2.70 2.68 2.67 2.67 2.66 2.66 2.66 2.68 2.70 2.72 2.75 2.77 2.76 2.74 2.71 2.66 2.63 2.63 2.66 2.69 2.71 2.73 2.73 2.72 2.71 2.69 2.67 2.64 2.62 2.59 2.58 2.58 2.58 2.59 2.61 2.64 2.68 2.73 2.79 2.85 2.88 2.88 2.86 2.81 2.77 2.80 2.77 2.69 2.68 2.72 2.78 2.79 2.74 2.70 2.70 2.71 2.71 2.71 2.71 2.71 2.69 2.67 2.65 2.65 2.66 2.65 2.65 2.67 2.69
2.72 2.71 2.71 2.71 2.72 2.71 2.71 2.70 2.70 2.71 2.72 2.73 2.74 2.73 2.72 2.70 2.68 2.67 2.66 2.66 2.66 2.67 2.68 2.69 2.71 2.74 2.75 2.74 2.72 2.70 2.66 2.64 2.65 2.67 2.70 2.73 2.74 2.74 2.73 2.71 2.69 2.67 2.64 2.61 2.58 2.58 2.58 2.58 2.61 2.62 2.64 2.67 2.71 2.76 2.82 2.85 2.87 2.87 2.85 2.81 2.80 2.78 2.74 2.72 2.74 2.77 2.77 2.73 2.70 2.69 2.70 2.70 2.70 2.70 2.69 2.68 2.67 2.66 2.65 2.65 2.65 2.65 2.66 2.68
2.72 2.72 2.71 2.71 2.71 2.71 2.71 2.70 2.70 2.70 2.72 2.73 2.74 2.74 2.73 2.71 2.68 2.66 2.66 2.66 2.67 2.68 2.69 2.69 2.71 2.73 2.74 2.73 2.70 2.68 2.65 2.64 2.66 2.69 2.71 2.73 2.74 2.74 2.73 2.71 2.70 2.67 2.64 2.60 2.58 2.58 2.59 2.60 2.62 2.63 2.64 2.65 2.68 2.73 2.79 2.83 2.87 2.88 2.88 2.85 2.82 2.79 2.76 2.75 2.76 2.76 2.75 2.73 2.71 2.69 2.69 2.69 2.70 2.70 2.69 2.68 2.67 2.66 2.65 2.65 2.65 2.65 2.65 2.67
2.74 2.73 2.72 2.70 2.70 2.70 2.70 2.70 2.70 2.70 2.71 2.73 2.74 2.75 2.74 2.72 2.69 2.67 2.67 2.66 2.67 2.68 2.69 2.69 2.70 2.72 2.72 2.71 2.69 2.67 2.65 2.65 2.67 2.71 2.73 2.74 2.74 2.74 2.73 2.71 2.70 2.68 2.64 2.60 2.59 2.59 2.60 2.61 2.63 2.64 2.63 2.63 2.65 2.70 2.76 2.82 2.87 2.90 2.90 2.88 2.84 2.80 2.77 2.76 2.75 2.75 2.74 2.72 2.71 2.69 2.69 2.69 2.70 2.70 2.69 2.68 2.67 2.67 2.66 2.66 2.65 2.65 2.65 2.65
2.76 2.74 2.72 2.70 2.69 2.69 2.69 2.69 2.69 2.69 2.70 2.73 2.75 2.76 2.75 2.73 2.70 2.68 2.67 2.67 2.66 2.67 2.68 2.69 2.70 2.71 2.71 2.69 2.67 2.66 2.65 2.65 2.68 2.72 2.74 2.74 2.74 2.73 2.72 2.71 2.70 2.68 2.65 2.62 2.60 2.61 2.61 2.62 2.63 2.63 2.62 2.62 2.64 2.68 2.74 2.81 2.87 2.91 2.91 2.89 2.85 2.80 2.77 2.75 2.75 2.74 2.73 2.72 2.70 2.69 2.69 2.69 2.70 2.70 2.69 2.68 2.68 2.67 2.67 2.66 2.66 2.65 2.64 2.64
2.78 2.76 2.72 2.69 2.68 2.67 2.67 2.67 2.67 2.68 2.69 2.72 2.75 2.77 2.77 2.75 2.72 2.70 2.68 2.67 2.66 2.67 2.68 2.69 2.69 2.70 2.69 2.68 2.66 2.65 2.65 2.66 2.69 2.72 2.74 2.74 2.74 2.73 2.71 2.71 2.70 2.68 2.66 2.63 2.62 2.62 2.63 2.64 2.63 2.63 2.62 2.61 2.63 2.68 2.74 2.81 2.87 2.91 2.91 2.88 2.84 2.80 2.76 2.74 2.74 2.74 2.73 2.72 2.71 2.70 2.69 2.70 2.71 2.71 2.70 2.69 2.69 2.68 2.68 2.67 2.66 2.64 2.63 2.63
2.82 2.78 2.72 2.68 2.67 2.66 2.66 2.66 2.66 2.66 2.68 2.71 2.75 2.77 2.79 2.78 2.75 2.72 2.69 2.66 2.65 2.66 2.67 2.68 2.68 2.69 2.68 2.67 2.66 2.66 2.66 2.66 2.69 2.72 2.74 2.74 2.74 2.72 2.71 2.70 2.70 2.68 2.67 2.65 2.64 2.65 2.65 2.65 2.64 2.62 2.61 2.62 2.64 2.69 2.75 2.81 2.87 2.90 2.89 2.86 2.83 2.79 2.75 2.73 2.73 2.73 2.73 2.72 2.71 2.70 2.70 2.70 2.71 2.72 2.71 2.70 2.70 2.70 2.69 2.68 2.66 2.64 2.63 2.62
2.85 2.81 2.73 2.68 2.65 2.65 2.65 2.65 2.64 2.65 2.66 2.70 2.74 2.78 2.80 2.80 2.78 2.74 2.70 2.66 2.64 2.64 2.66 2.67 2.68 2.68 2.67 2.66 2.65 2.66 2.66 2.67 2.69 2.72 2.73 2.74 2.74 2.72 2.71 2.70 2.70 2.69 2.68 2.67 2.66 2.66 2.66 2.66 2.65 2.63 2.62 2.63 2.65 2.70 2.76 2.81 2.85 2.87 2.87 2.84 2.81 2.77 2.75 2.73 2.72 2.73 2.73 2.72 2.72 2.71 2.71 2.71 2.72 2.72 2.72 2.72 2.72 2.71 2.70 2.69 2.67 2.64 2.63 2.62
2.89 2.83 2.73 2.67 2.64 2.64 2.64 2.63 2.63 2.63 2.65 2.68 2.73 2.77 2.81 2.82 2.80 2.76 2.71 2.66 2.63 2.63 2.65 2.66 2.67 2.67 2.66 2.65 2.65 2.66 2.66 2.67 2.69 2.71 2.72 2.74 2.74 2.73 2.71 2.70 2.70 2.69 2.68 2.68 2.68 2.68 2.67 2.67 2.66 2.65 2.64 2.65 2.67 2.71 2.76 2.80 2.83 2.85 2.84 2.81 2.78 2.76 2.74 2.73 2.72 2.72 2.72 2.72 2.72 2.72 2.71 2.71 2.72 2.72 2.72 2.73 2.73 2.72 2.71 2.70 2.67 2.65 2.63 2.62
2.92 2.85 2.74 2.67 2.64 2.62 2.63 2.62 2.62 2.62 2.64 2.67 2.71 2.77 2.81 2.84 2.83 2.78 2.72 2.66 2.62 2.61 2.63 2.66 2.67 2.67 2.66 2.65 2.65 2.66 2.66 2.67 2.69 2.71 2.73 2.74 2.75 2.73 2.72 2.71 2.70 2.69 2.69 2.69 2.69 2.69 2.68 2.68 2.67 2.66 2.66 2.67 2.69 2.72 2.75 2.78 2.80 2.82 2.81 2.78 2.77 2.75 2.74 2.73 2.72 2.72 2.72 2.72 2.72 2.72 2.72 2.72 2.72 2.72 2.73 2.74 2.74 2.73 2.72 2.70 2.68 2.65 2.64 2.63
2.94 2.86 2.75 2.68 2.63 2.61 2.61 2.62 2.61 2.61 2.63 2.66 2.70 2.76 2.82 2.85 2.84 2.80 2.73 2.66 2.61 2.60 2.62 2.65 2.66 2.67 2.66 2.65 2.65 2.65 2.66 2.67 2.69 2.71 2.73 2.75 2.76 2.74 2.72 2.71 2.70 2.69 2.69 2.69 2.69 2.69 2.69 2.69 2.68 2.68 2.68 2.69 2.71 2.72 2.75 2.77 2.78 2.79 2.78 2.76 2.75 2.74 2.73 2.73 2.72 2.71 2.71 2.71 2.72 2.73 2.73 2.72 2.72 2.72 2.73 2.74 2.74 2.73 2.72 2.71 2.69 2.66 2.65 2.64
