data/NorthBerwickLaw_45_1_25m_vel.asc
ncols	257
nrows	257
xllcorner	3503625.000000
yllcorner	3730350.000000
cellsize	25.000000
NODATA_value	-1.000000
[rows 76 to 113 of 257, columns 84 to 167 of 257]
2.69 2.67 2.66 2.66 2.67 2.69 2.71 2.74 2.77 2.80 2.80 2.78 2.75 2.72 2.69 2.66 2.64 2.63 2.63 2.63 2.64 2.64 2.64 2.63 2.61 2.57 2.52 2.51 2.54 2.57 2.59 2.61 2.62 2.63 2.64 2.64 2.65 2.65 2.65 2.66 2.67 2.69 2.71 2.71 2.64 2.55 2.51 2.54 2.58 2.60 2.61 2.63 2.64 2.64 2.65 2.65 2.66 2.66 2.67 2.67 2.67 2.68 2.68 2.68 2.68 2.68 2.69 2.69 2.69 2.69 2.69 2.69 2.69 2.69 2.69 2.70 2.70 2.70 2.70 2.70 2.70 2.70 2.70 2.70
2.71 2.69 2.68 2.68 2.68 2.69 2.71 2.74 2.77 2.79 2.81 2.80 2.77 2.74 2.71 2.67 2.64 2.62 2.62 2.61 2.62 2.64 2.65 2.65 2.65 2.63 2.58 2.53 2.51 2.53 2.55 2.57 2.59 2.61 2.62 2.63 2.63 2.64 2.64 2.64 2.66 2.69 2.71 2.73 2.70 2.61 2.51 2.48 2.52 2.57 2.59 2.61 2.62 2.63 2.64 2.64 2.65 2.65 2.66 2.66 2.67 2.67 2.67 2.68 2.68 2.68 2.68 2.68 2.69 2.69 2.69 2.69 2.69 2.69 2.69 2.69 2.69 2.69 2.70 2.70 2.70 2.70 2.70 2.70
2.72 2.71 2.69 2.69 2.69 2.70 2.71 2.73 2.76 2.78 2.81 2.82 2.80 2.77 2.74 2.69 2.65 2.62 2.60 2.59 2.59 2.61 2.64 2.66 2.67 2.67 2.65 2.61 2.56 2.53 2.53 2.54 2.55 2.57 2.59 2.61 2.62 2.63 2.64 2.65 2.66 2.69 2.72 2.74 2.74 2.69 2.58 2.48 2.46 2.51 2.55 2.58 2.60 2.61 2.62 2.63 2.64 2.65 2.65 2.66 2.66 2.66 2.67 2.67 2.67 2.68 2.68 2.68 2.68 2.68 2.69 2.69 2.69 2.69 2.69 2.69 2.69 2.69 2.69 2.69 2.70 2.70 2.70 2.70
2.72 2.71 2.70 2.69 2.69 2.70 2.71 2.73 2.75 2.77 2.80 2.82 2.82 2.80 2.78 2.73 2.68 2.64 2.61 2.59 2.57 2.58 2.60 2.63 2.65 2.67 2.68 2.67 2.64 2.60 2.57 2.56 2.55 2.55 2.57 2.59 2.62 2.63 2.64 2.65 2.66 2.68 2.71 2.74 2.75 2.74 2.69 2.57 2.45 2.44 2.49 2.54 2.57 2.59 2.61 2.62 2.63 2.64 2.64 2.65 2.65 2.66 2.66 2.66 2.67 2.67 2.67 2.68 2.68 2.68 2.68 2.68 2.68 2.69 2.69 2.69 2.69 2.69 2.69 2.69 2.69 2.69 2.69 2.70
2.71 2.70 2.69 2.69 2.69 2.70 2.71 2.73 2.74 2.76 2.79 2.82 2.83 2.83 2.82 2.79 2.74 2.69 2.65 2.61 2.58 2.57 2.58 2.59 2.62 2.65 2.67 2.68 2.67 2.65 2.63 2.61 2.60 2.59 2.60 2.61 2.62 2.64 2.65 2.66 2.66 2.68 2.70 2.73 2.76 2.77 2.75 2.68 2.55 2.44 2.42 2.48 2.53 2.56 2.58 2.60 2.61 2.62 2.63 2.64 2.64 2.65 2.65 2.66 2.66 2.66 2.67 2.67 2.67 2.67 2.68 2.68 2.68 2.68 2.68 2.69 2.69 2.69 2.69 2.69 2.69 2.69 2.69 2.69
2.70 2.69 2.68 2.67 2.67 2.68 2.70 2.71 2.73 2.75 2.77 2.80 2.83 2.84 2.85 2.84 2.80 2.75 2.71 2.66 2.62 2.59 2.58 2.58 2.59 2.61 2.64 2.66 2.66 2.65 2.64 2.63 2.63 2.63 2.63 2.63 2.64 2.65 2.66 2.67 2.68 2.69 2.70 2.72 2.74 2.76 2.78 2.76 2.69 2.55 2.42 2.40 2.46 2.52 2.55 2.57 2.59 2.61 2.62 2.63 2.63 2.64 2.65 2.65 2.65 2.66 2.66 2.66 2.67 2.67 2.67 2.67 2.68 2.68 2.68 2.68 2.68 2.68 2.69 2.69 2.69 2.69 2.69 2.69
2.69 2.68 2.67 2.66 2.66 2.66 2.68 2.69 2.71 2.72 2.74 2.77 2.81 2.83 2.86 2.86 2.84 2.81 2.76 2.72 2.67 2.63 2.61 2.59 2.58 2.59 2.61 2.63 2.64 2.64 2.63 2.62 2.62 2.62 2.63 2.64 2.64 2.65 2.66 2.67 2.69 2.70 2.71 2.72 2.73 2.74 2.77 2.79 2.78 2.71 2.56 2.41 2.38 2.44 2.50 2.53 2.56 2.58 2.60 2.61 2.62 2.63 2.64 2.64 2.65 2.65 2.65 2.66 2.66 2.66 2.67 2.67 2.67 2.67 2.67 2.68 2.68 2.68 2.68 2.68 2.69 2.69 2.69 2.69
2.69 2.67 2.66 2.65 2.65 2.65 2.66 2.67 2.68 2.69 2.71 2.74 2.77 2.80 2.84 2.86 2.86 2.84 2.81 2.77 2.73 2.69 2.65 2.63 2.61 2.60 2.60 2.61 2.62 2.62 2.61 2.61 2.61 2.61 2.62 2.63 2.63 2.64 2.65 2.67 2.68 2.69 2.70 2.71 2.71 2.72 2.74 2.76 2.78 2.80 2.74 2.58 2.43 2.38 2.41 2.47 2.52 2.56 2.58 2.59 2.61 2.62 2.62 2.63 2.64 2.64 2.64 2.65 2.65 2.65 2.66 2.66 2.66 2.67 2.67 2.67 2.67 2.68 2.68 2.68 2.68 2.68 2.68 2.69
2.69 2.68 2.66 2.65 2.65 2.64 2.65 2.66 2.67 2.67 2.68 2.70 2.72 2.75 2.79 2.82 2.84 2.84 2.82 2.80 2.77 2.73 2.69 2.67 2.65 2.63 2.62 2.61 2.61 2.61 2.60 2.60 2.60 2.60 2.61 2.61 2.62 2.62 2.63 2.65 2.67 2.68 2.69 2.70 2.69 2.69 2.70 2.71 2.74 2.78 2.80 2.75 2.62 2.49 2.39 2.39 2.45 2.51 2.54 2.57 2.59 2.60 2.61 2.62 2.62 2.63 2.63 2.64 2.64 2.65 2.65 2.65 2.66 2.66 2.66 2.66 2.67 2.67 2.67 2.68 2.68 2.68 2.68 2.68
2.70 2.69 2.68 2.66 2.66 2.65 2.65 2.65 2.66 2.66 2.66 2.67 2.69 2.71 2.74 2.77 2.80 2.81 2.81 2.80 2.78 2.76 2.73 2.71 2.69 2.67 2.65 2.64 2.63 2.61 2.60 2.59 2.59 2.59 2.60 2.60 2.60 2.60 2.60 2.62 2.64 2.66 2.67 2.68 2.67 2.66 2.66 2.67 2.68 2.72 2.76 2.78 2.75 2.67 2.52 2.41 2.40 2.44 2.48 2.53 2.56 2.58 2.59 2.60 2.61 2.61 2.62 2.62 2.63 2.63 2.64 2.64 2.65 2.65 2.65 2.66 2.66 2.66 2.67 2.67 2.67 2.67 2.68 2.68
2.72 2.71 2.69 2.68 2.68 2.67 2.66 2.66 2.65 2.65 2.65 2.65 2.67 2.68 2.70 2.73 2.76 2.78 2.78 2.78 2.78 2.76 2.75 2.74 2.72 2.70 2.68 2.67 2.65 2.63 2.61 2.59 2.59 2.59 2.60 2.60 2.59 2.58 2.58 2.59 2.61 2.63 2.65 2.67 2.66 2.65 2.63 2.63 2.63 2.66 2.69 2.72 2.74 2.74 2.66 2.55 2.47 2.44 2.44 2.47 2.51 2.54 2.56 2.57 2.58 2.59 2.60 2.61 2.61 2.62 2.62 2.63 2.63 2.64 2.64 2.65 2.65 2.66 2.66 2.66 2.67 2.67 2.67 2.67
2.74 2.73 2.72 2.71 2.70 2.69 2.68 2.67 2.66 2.65 2.65 2.65 2.65 2.66 2.68 2.70 2.72 2.75 2.76 2.76 2.76 2.76 2.75 2.74 2.73 2.72 2.71 2.69 2.67 2.65 2.63 2.61 2.60 2.61 2.61 2.62 2.61 2.60 2.58 2.58 2.59 2.62 2.64 2.66 2.67 2.65 2.63 2.61 2.60 2.61 2.63 2.66 2.69 2.71 2.70 2.65 2.59 2.53 2.49 2.47 2.48 2.50 2.51 2.53 2.54 2.55 2.57 2.58 2.59 2.60 2.60 2.61 2.62 2.62 2.63 2.64 2.64 2.65 2.65 2.66 2.66 2.66 2.66 2.67
2.76 2.76 2.75 2.74 2.73 2.72 2.71 2.69 2.68 2.66 2.66 2.65 2.65 2.66 2.67 2.68 2.70 2.72 2.74 2.75 2.75 2.75 2.75 2.74 2.74 2.73 2.73 2.72 2.70 2.68 2.65 2.63 2.62 2.63 2.65 2.65 2.65 2.63 2.61 2.60 2.60 2.62 2.64 2.67 2.69 2.68 2.66 2.64 2.62 2.60 2.61 2.63 2.65 2.68 2.69 2.68 2.66 2.62 2.58 2.54 2.53 2.52 2.50 2.50 2.50 2.50 2.51 2.54 2.55 2.57 2.58 2.59 2.60 2.61 2.62 2.62 2.63 2.64 2.64 2.65 2.65 2.65 2.66 2.66
2.79 2.78 2.77 2.77 2.77 2.76 2.74 2.72 2.70 2.68 2.67 2.67 2.67 2.66 2.67 2.67 2.69 2.71 2.73 2.74 2.75 2.75 2.75 2.74 2.74 2.73 2.74 2.74 2.73 2.71 2.68 2.66 2.65 2.66 2.68 2.70 2.70 2.69 2.66 2.64 2.63 2.65 2.67 2.69 2.72 2.72 2.71 2.69 2.67 2.64 2.62 2.62 2.63 2.65 2.66 2.68 2.67 2.66 2.64 2.62 2.60 2.59 2.57 2.55 2.53 2.49 2.47 2.47 2.49 2.51 2.54 2.56 2.57 2.58 2.60 2.61 2.62 2.62 2.63 2.64 2.64 2.64 2.65 2.65
2.80 2.80 2.79 2.79 2.79 2.79 2.78 2.76 2.74 2.71 2.70 2.69 2.69 2.68 2.67 2.67 2.67 2.69 2.71 2.73 2.74 2.75 2.75 2.75 2.74 2.74 2.75 2.75 2.75 2.73 2.71 2.69 2.68 2.68 2.71 2.73 2.75 2.74 2.72 2.69 2.68 2.68 2.69 2.72 2.74 2.76 2.76 2.75 2.73 2.69 2.65 2.63 2.62 2.62 2.64 2.66 2.67 2.68 2.67 2.66 2.65 2.64 2.63 2.62 2.60 2.56 2.51 2.46 2.43 2.44 2.47 2.50 2.52 2.55 2.57 2.58 2.60 2.61 2.62 2.62 2.63 2.63 2.64 2.64
2.81 2.81 2.80 2.81 2.81 2.81 2.81 2.79 2.77 2.75 2.73 2.72 2.71 2.69 2.68 2.67 2.67 2.67 2.70 2.72 2.74 2.75 2.76 2.76 2.76 2.76 2.76 2.77 2.77 2.75 2.74 2.71 2.70 2.70 2.72 2.75 2.78 2.78 2.77 2.74 2.72 2.71 2.71 2.73 2.76 2.77 2.79 2.79 2.78 2.74 2.70 2.65 2.62 2.61 2.61 2.63 2.65 2.67 2.67 2.67 2.67 2.66 2.66 2.66 2.65 2.63 2.59 2.54 2.47 2.42 2.42 2.43 2.45 2.48 2.52 2.55 2.57 2.59 2.60 2.60 2.61 2.62 2.62 2.63
2.80 2.80 2.80 2.81 2.81 2.82 2.82 2.81 2.79 2.77 2.75 2.74 2.73 2.71 2.69 2.67 2.66 2.66 2.67 2.70 2.72 2.75 2.76 2.77 2.77 2.77 2.78 2.79 2.79 2.78 2.75 2.73 2.70 2.70 2.72 2.75 2.78 2.80 2.79 2.77 2.74 2.73 2.72 2.73 2.75 2.77 2.79 2.81 2.81 2.79 2.75 2.69 2.64 2.60 2.59 2.59 2.61 2.63 2.65 2.66 2.66 2.66 2.66 2.67 2.67 2.67 2.65 2.62 2.56 2.50 2.46 2.44 2.42 2.43 2.46 2.50 2.53 2.55 2.56 2.57 2.58 2.59 2.60 2.61
2.79 2.79 2.80 2.80 2.81 2.81 2.81 2.81 2.79 2.77 2.75 2.74 2.73 2.71 2.69 2.67 2.65 2.63 2.65 2.67 2.69 2.72 2.75 2.76 2.76 2.77 2.78 2.79 2.80 2.79 2.76 2.74 2.71 2.69 2.70 2.73 2.76 2.79 2.80 2.78 2.76 2.74 2.73 2.73 2.73 2.75 2.77 2.80 2.82 2.81 2.79 2.74 2.67 2.62 2.59 2.57 2.58 2.60 2.62 2.63 2.64 2.64 2.65 2.66 2.67 2.68 2.68 2.66 2.63 2.58 2.54 2.50 2.47 2.45 2.45 2.47 2.50 2.53 2.54 2.54 2.54 2.55 2.57 2.58
2.77 2.78 2.78 2.79 2.79 2.80 2.80 2.79 2.78 2.76 2.74 2.73 2.72 2.71 2.69 2.67 2.64 2.62 2.62 2.64 2.66 2.69 2.72 2.73 2.74 2.75 2.76 2.77 2.78 2.78 2.76 2.74 2.71 2.68 2.68 2.70 2.73 2.77 2.78 2.78 2.77 2.75 2.73 2.72 2.73 2.73 2.75 2.77 2.80 2.82 2.81 2.78 2.72 2.67 2.62 2.59 2.58 2.59 2.60 2.62 2.63 2.63 2.64 2.65 2.66 2.68 2.68 2.68 2.65 2.62 2.58 2.56 2.53 2.51 2.49 2.50 2.52 2.54 2.56 2.56 2.54 2.53 2.53 2.54
2.75 2.76 2.77 2.79 2.79 2.79 2.79 2.78 2.76 2.74 2.73 2.72 2.71 2.71 2.69 2.68 2.65 2.62 2.61 2.62 2.63 2.65 2.68 2.69 2.70 2.71 2.73 2.75 2.76 2.77 2.76 2.74 2.71 2.68 2.67 2.68 2.71 2.74 2.76 2.77 2.77 2.76 2.75 2.74 2.73 2.73 2.74 2.76 2.79 2.81 2.82 2.81 2.77 2.72 2.67 2.63 2.61 2.61 2.62 2.63 2.65 2.65 2.65 2.66 2.67 2.68 2.69 2.68 2.66 2.63 2.60 2.57 2.56 2.55 2.54 2.53 2.55 2.57 2.59 2.60 2.58 2.57 2.55 2.53
2.73 2.75 2.77 2.79 2.80 2.80 2.80 2.79 2.77 2.74 2.73 2.71 2.71 2.71 2.70 2.69 2.66 2.64 2.62 2.61 2.62 2.62 2.64 2.65 2.65 2.67 2.68 2.70 2.73 2.74 2.74 2.73 2.71 2.68 2.66 2.67 2.68 2.71 2.74 2.76 2.77 2.76 2.76 2.76 2.75 2.75 2.75 2.76 2.78 2.81 2.83 2.84 2.82 2.78 2.74 2.70 2.67 2.66 2.66 2.67 2.68 2.68 2.68 2.68 2.69 2.70 2.71 2.70 2.68 2.64 2.60 2.57 2.56 2.55 2.54 2.54 2.55 2.57 2.60 2.61 2.62 2.61 2.60 2.58
2.72 2.74 2.76 2.79 2.81 2.82 2.83 2.82 2.80 2.78 2.75 2.73 2.72 2.72 2.72 2.70 2.68 2.66 2.63 2.62 2.62 2.62 2.62 2.62 2.62 2.62 2.64 2.66 2.69 2.71 2.72 2.72 2.70 2.68 2.66 2.66 2.67 2.69 2.72 2.74 2.75 2.76 2.76 2.76 2.76 2.76 2.76 2.76 2.78 2.80 2.83 2.85 2.85 2.83 2.80 2.77 2.74 2.72 2.71 2.72 2.73 2.73 2.73 2.73 2.73 2.74 2.75 2.73 2.71 2.66 2.61 2.56 2.54 2.53 2.52 2.53 2.54 2.56 2.58 2.61 2.62 2.62 2.62 2.62
2.72 2.73 2.76 2.80 2.83 2.85 2.87 2.87 2.85 2.83 2.80 2.78 2.76 2.77 2.76 2.74 2.72 2.70 2.67 2.65 2.64 2.63 2.62 2.61 2.60 2.60 2.61 2.63 2.66 2.68 2.69 2.70 2.70 2.68 2.66 2.65 2.66 2.67 2.69 2.72 2.74 2.75 2.75 2.76 2.76 2.76 2.76 2.76 2.77 2.79 2.81 2.83 2.84 2.84 2.83 2.81 2.79 2.77 2.76 2.76 2.77 2.78 2.77 2.78 2.78 2.78 2.79 2.78 2.76 2.71 2.64 2.58 2.53 2.51 2.50 2.51 2.53 2.55 2.56 2.58 2.60 2.60 2.61 2.62
2.72 2.73 2.76 2.80 2.84 2.88 2.90 2.91 2.90 2.89 2.87 2.84 2.82 2.82 2.82 2.80 2.78 2.76 2.73 2.70 2.68 2.66 2.65 2.64 2.62 2.61 2.61 2.62 2.65 2.67 2.69 2.70 2.70 2.68 2.67 2.66 2.66 2.66 2.67 2.70 2.72 2.73 2.75 2.75 2.76 2.75 2.75 2.75 2.76 2.77 2.78 2.80 2.82 2.82 2.82 2.81 2.80 2.79 2.78 2.78 2.79 2.79 2.80 2.80 2.81 2.82 2.83 2.84 2.82 2.78 2.71 2.63 2.56 2.51 2.49 2.49 2.51 2.53 2.54 2.55 2.56 2.56 2.58 2.60
2.71 2.73 2.76 2.80 2.84 2.88 2.92 2.94 2.94 2.93 2.92 2.90 2.88 2.88 2.88 2.86 2.85 2.83 2.80 2.76 2.74 2.72 2.70 2.69 2.67 2.65 2.64 2.64 2.65 2.67 2.69 2.71 2.71 2.70 2.68 2.67 2.66 2.66 2.67 2.69 2.71 2.72 2.74 2.75 2.75 2.75 2.75 2.75 2.75 2.76 2.76 2.78 2.79 2.79 2.80 2.79 2.79 2.79 2.78 2.78 2.78 2.78 2.79 2.80 2.82 2.84 2.86 2.88 2.88 2.86 2.80 2.71 2.63 2.56 2.51 2.49 2.51 2.53 2.54 2.54 2.53 2.53 2.54 2.58
2.70 2.71 2.74 2.78 2.82 2.87 2.91 2.94 2.94 2.95 2.94 2.93 2.92 2.92 2.92 2.91 2.90 2.89 2.87 2.84 2.82 2.79 2.77 2.75 2.73 2.71 2.69 2.68 2.69 2.69 2.70 2.72 2.73 2.72 2.71 2.69 2.68 2.67 2.68 2.69 2.71 2.72 2.73 2.74 2.75 2.74 2.74 2.75 2.75 2.75 2.76 2.77 2.77 2.78 2.78 2.78 2.77 2.77 2.77 2.77 2.77 2.77 2.78 2.79 2.80 2.83 2.86 2.89 2.92 2.92 2.89 2.82 2.73 2.64 2.56 2.53 2.54 2.56 2.56 2.56 2.54 2.51 2.52 2.55
2.69 2.70 2.72 2.76 2.80 2.85 2.90 2.93 2.94 2.94 2.94 2.94 2.94 2.94 2.95 2.95 2.95 2.95 2.94 2.92 2.90 2.87 2.84 2.83 2.81 2.78 2.76 2.74 2.73 2.73 2.74 2.75 2.76 2.75 2.74 2.72 2.71 2.69 2.69 2.70 2.71 2.73 2.74 2.75 2.75 2.74 2.74 2.74 2.75 2.75 2.76 2.77 2.77 2.77 2.77 2.76 2.76 2.76 2.77 2.77 2.77 2.77 2.77 2.78 2.79 2.82 2.85 2.89 2.93 2.96 2.95 2.91 2.83 2.74 2.65 2.60 2.60 2.61 2.62 2.62 2.59 2.54 2.53 2.56
2.68 2.68 2.69 2.73 2.76 2.81 2.86 2.89 2.91 2.92 2.92 2.92 2.92 2.93 2.93 2.94 2.95 2.97 2.97 2.96 2.95 2.92 2.90 2.88 2.87 2.85 2.82 2.80 2.78 2.77 2.77 2.78 2.79 2.78 2.77 2.75 2.74 2.72 2.71 2.72 2.73 2.74 2.75 2.76 2.75 2.74 2.74 2.74 2.74 2.75 2.76 2.78 2.78 2.78 2.78 2.77 2.76 2.76 2.76 2.76 2.77 2.77 2.77 2.78 2.79 2.81 2.83 2.87 2.92 2.96 2.98 2.97 2.92 2.84 2.76 2.71 2.69 2.69 2.70 2.70 2.67 2.62 2.59 2.60
2.67 2.66 2.66 2.68 2.72 2.75 2.80 2.84 2.86 2.87 2.88 2.88 2.88 2.89 2.90 2.91 2.92 2.94 2.96 2.96 2.97 2.95 2.93 2.91 2.90 2.88 2.86 2.83 2.81 2.79 2.78 2.79 2.80 2.80 2.79 2.78 2.76 2.74 2.73 2.73 2.74 2.75 2.76 2.77 2.76 2.75 2.74 2.73 2.73 2.75 2.76 2.78 2.80 2.80 2.80 2.79 2.78 2.77 2.77 2.77 2.77 2.77 2.78 2.78 2.78 2.79 2.81 2.85 2.89 2.94 2.97 2.99 2.97 2.92 2.86 2.81 2.78 2.78 2.79 2.79 2.77 2.73 2.69 2.67
2.66 2.65 2.64 2.65 2.67 2.71 2.75 2.79 2.81 2.82 2.83 2.83 2.83 2.84 2.85 2.86 2.87 2.89 2.91 2.93 2.94 2.94 2.93 2.92 2.90 2.89 2.88 2.85 2.83 2.80 2.79 2.79 2.80 2.81 2.81 2.80 2.79 2.77 2.75 2.75 2.76 2.77 2.78 2.79 2.79 2.77 2.75 2.73 2.73 2.74 2.76 2.79 2.81 2.82 2.82 2.81 2.80 2.78 2.77 2.77 2.78 2.78 2.78 2.78 2.78 2.78 2.80 2.83 2.87 2.91 2.95 2.99 2.99 2.95 2.91 2.87 2.85 2.85 2.87 2.87 2.86 2.82 2.78 2.75
2.66 2.64 2.62 2.62 2.63 2.66 2.70 2.73 2.76 2.78 2.78 2.78 2.78 2.79 2.80 2.80 2.81 2.83 2.85 2.87 2.89 2.90 2.89 2.89 2.88 2.88 2.88 2.86 2.83 2.81 2.78 2.77 2.78 2.79 2.80 2.80 2.80 2.78 2.77 2.77 2.78 2.79 2.81 2.82 2.82 2.79 2.77 2.74 2.73 2.74 2.75 2.78 2.80 2.81 2.82 2.82 2.81 2.79 2.78 2.77 2.77 2.78 2.78 2.78 2.78 2.77 2.78 2.80 2.84 2.88 2.93 2.96 2.98 2.96 2.93 2.90 2.89 2.89 2.90 2.91 2.91 2.88 2.84 2.81
2.66 2.63 2.62 2.60 2.60 2.62 2.64 2.67 2.70 2.73 2.74 2.73 2.74 2.74 2.74 2.75 2.75 2.77 2.78 2.80 2.82 2.83 2.84 2.84 2.85 2.85 2.86 2.85 2.83 2.80 2.78 2.76 2.76 2.77 2.78 2.79 2.79 2.79 2.78 2.78 2.78 2.80 2.82 2.84 2.84 2.82 2.80 2.77 2.74 2.74 2.75 2.76 2.78 2.80 2.81 2.81 2.81 2.80 2.78 2.78 2.77 2.77 2.77 2.78 2.77 2.77 2.77 2.78 2.80 2.84 2.89 2.93 2.95 2.95 2.93 2.90 2.88 2.88 2.88 2.89 2.90 2.88 2.85 2.82
2.65 2.63 2.61 2.60 2.59 2.60 2.61 2.63 2.66 2.68 2.69 2.69 2.70 2.70 2.71 2.71 2.71 2.72 2.73 2.74 2.75 2.77 2.77 2.78 2.80 2.81 2.83 2.83 2.82 2.80 2.77 2.75 2.74 2.74 2.75 2.76 2.77 2.77 2.77 2.77 2.77 2.78 2.81 2.84 2.85 2.84 2.82 2.79 2.76 2.74 2.74 2.75 2.77 2.78 2.79 2.80 2.80 2.79 2.78 2.77 2.77 2.77 2.77 2.77 2.77 2.76 2.75 2.75 2.77 2.80 2.84 2.88 2.90 2.90 2.89 2.86 2.85 2.84 2.84 2.85 2.85 2.85 2.83 2.80
2.66 2.64 2.62 2.61 2.60 2.60 2.61 2.62 2.63 2.65 2.66 2.67 2.67 2.67 2.68 2.68 2.68 2.69 2.70 2.70 2.71 2.72 2.72 2.73 2.75 2.77 2.79 2.81 2.81 2.80 2.77 2.75 2.73 2.72 2.72 2.73 2.74 2.75 2.75 2.75 2.75 2.76 2.79 2.81 2.83 2.83 2.81 2.79 2.76 2.74 2.74 2.74 2.75 2.76 2.77 2.78 2.78 2.78 2.77 2.77 2.76 2.76 2.76 2.76 2.76 2.76 2.74 2.74 2.74 2.76 2.79 2.82 2.85 2.85 2.84 2.82 2.80 2.79 2.80 2.80 2.81 2.81 2.80 2.78
2.66 2.64 2.63 2.62 2.61 2.61 2.61 2.62 2.63 2.64 2.65 2.65 2.65 2.66 2.66 2.65 2.66 2.67 2.68 2.68 2.69 2.69 2.68 2.69 2.71 2.73 2.75 2.78 2.79 2.79 2.78 2.75 2.73 2.71 2.71 2.71 2.72 2.73 2.73 2.73 2.73 2.74 2.75 2.77 2.79 2.79 2.78 2.76 2.74 2.73 2.73 2.73 2.73 2.74 2.75 2.75 2.76 2.77 2.76 2.75 2.75 2.75 2.75 2.75 2.76 2.75 2.74 2.73 2.72 2.73 2.75 2.77 2.80 2.81 2.80 2.78 2.76 2.76 2.75 2.76 2.77 2.78 2.77 2.76
2.67 2.66 2.64 2.63 2.62 2.62 2.63 2.63 2.64 2.65 2.65 2.66 2.65 2.65 2.65 2.65 2.65 2.66 2.67 2.67 2.68 2.67 2.66 2.66 2.67 2.69 2.72 2.75 2.77 2.78 2.77 2.76 2.73 2.71 2.71 2.71 2.71 2.71 2.72 2.72 2.71 2.72 2.73 2.74 2.75 2.75 2.73 2.72 2.71 2.71 2.71 2.72 2.72 2.72 2.73 2.73 2.74 2.75 2.75 2.74 2.74 2.74 2.74 2.74 2.74 2.74 2.73 2.72 2.71 2.71 2.72 2.74 2.76 2.77 2.77 2.75 2.74 2.73 2.73 2.73 2.75 2.76 2.76 2.75
2.67 2.66 2.65 2.64 2.64 2.64 2.64 2.64 2.65 2.66 2.66 2.67 2.67 2.67 2.66 2.66 2.65 2.66 2.66 2.67 2.68 2.67 2.66 2.65 2.65 2.66 2.68 2.72 2.75 2.76 2.76 2.75 2.74 2.72 2.71 2.71 2.71 2.71 2.71 2.71 2.70 2.71 2.72 2.72 2.72 2.71 2.69 2.68 2.67 2.68 2.69 2.70 2.71 2.71 2.71 2.72 2.72 2.73 2.73 2.73 2.73 2.73 2.73 2.73 2.73 2.73 2.72 2.71 2.71 2.70 2.71 2.72 2.74 2.75 2.74 2.73 2.72 2.71 2.70 2.71 2.72 2.74 2.74 2.74
2.68 2.68 2.67 2.66 2.65 2.65 2.65 2.65 2.66 2.67 2.68 2.68 2.68 2.68 2.68 2.67 2.67 2.67 2.67 2.68 2.69 2.68 2.67 2.66 2.65 2.64 2.66 2.69 2.72 2.74 2.75 2.74 2.73 2.72 2.71 2.70 2.71 2.71 2.71 2.70 2.70 2.70 2.71 2.71 2.70 2.68 2.66 2.64 2.63 2.64 2.66 2.67 2.68 2.69 2.70 2.70 2.71 2.71 2.71 2.71 2.71 2.72 2.72 2.72 2.72 2.71 2.71 2.70 2.70 2.70 2.71 2.72 2.73 2.73 2.73 2.72 2.71 2.69 2.69 2.69 2.70 2.72 2.73 2.73
