data/NorthBerwickLaw_270_1_25m_ang_mm.asc
ncols	257
nrows	257
xllcorner	3529825.000000
yllcorner	3727275.000000
cellsize	25.000000
NODATA_value	-9999.000000
[rows 126 to 167 of 257, columns 94 to 187 of 257]
270 269 269 269 269 269 269 269 269 269 269 268 268 268 268 267 266 264 262 261 258 255 254 254 253 253 254 255 257 259 260 261 262 264 263 262 261 255 198 112 78 2 344 325 318 312 303 296 292 289 286 284 282 281 280 279 278 278 277 276 276 275 275 275 275 274 274 274 274 274 274 273 274 274 274 274 274 274 274 274 274 273 273 273 273 273 273 273 273 273 273 273 273 273
270 269 269 269 269 269 269 269 269 269 269 268 268 268 267 267 266 264 263 261 258 255 255 255 255 255 257 258 259 261 262 263 264 266 269 263 259 165 101 96 90 81 75 69 55 23 342 315 301 294 289 285 283 282 280 279 278 277 277 276 275 275 275 274 274 274 274 273 273 273 273 273 273 273 273 273 273 273 273 273 273 273 273 273 273 273 273 273 273 273 273 273 273 272
270 270 270 269 269 269 269 269 269 269 269 268 268 268 267 267 266 264 263 262 259 257 257 258 258 259 261 262 263 265 266 267 267 269 268 269 268 92 92 92 92 91 91 92 91 90 88 84 355 277 272 271 271 271 271 271 270 270 269 269 269 269 268 268 268 268 268 268 268 268 268 269 269 269 269 269 269 270 270 270 270 270 270 270 270 270 270 270 270 270 270 270 270 270
270 270 270 270 270 269 269 269 269 269 269 268 268 268 267 267 266 265 264 263 262 261 261 262 263 265 267 268 269 271 272 273 273 273 273 278 286 62 82 87 93 100 105 110 118 131 153 186 215 230 241 247 252 255 257 258 259 259 260 261 261 262 262 262 263 263 264 264 265 265 265 265 266 266 266 266 266 267 267 267 268 268 268 268 268 268 268 268 268 268 268 268 268 268
270 270 270 270 270 270 269 269 269 269 269 269 268 268 267 267 266 266 265 265 265 264 265 266 268 271 272 273 274 275 276 277 277 275 276 280 289 23 74 85 99 117 133 151 171 190 211 225 234 240 245 249 252 254 256 257 258 258 259 260 260 261 261 262 262 263 263 263 264 264 264 265 265 265 265 266 266 266 267 267 267 267 268 268 268 268 267 267 267 267 267 267 267 267
270 270 270 270 270 270 270 269 269 269 269 269 268 268 267 267 267 267 267 267 267 268 269 270 271 274 276 276 277 277 278 279 278 276 278 281 284 301 54 85 118 171 193 209 216 223 232 239 243 247 250 253 255 256 258 259 259 260 260 261 261 262 262 262 263 263 264 264 264 265 265 265 265 266 266 266 266 267 267 267 267 268 268 268 268 268 268 268 268 267 267 267 267 267
270 270 270 270 270 270 270 270 269 269 269 269 269 268 268 268 268 268 269 269 270 272 273 274 275 278 279 279 279 279 280 280 279 276 277 278 279 280 278 258 223 222 229 233 235 238 243 247 250 252 255 257 258 259 260 261 262 262 262 263 263 263 264 264 264 265 265 265 265 266 266 266 266 267 267 267 267 267 268 268 268 268 268 268 268 268 268 268 268 268 268 268 268 268
270 270 270 270 270 270 270 270 270 269 269 269 269 269 269 269 269 270 271 272 273 275 276 277 278 279 280 280 280 279 279 279 278 276 275 276 275 273 269 260 247 240 241 244 244 246 249 252 254 256 258 259 261 262 262 263 263 264 264 264 265 265 265 265 266 266 266 266 266 267 267 267 267 268 268 268 268 268 268 269 269 269 269 269 269 269 269 269 269 269 269 268 268 268
270 270 270 270 270 270 270 270 270 269 269 269 269 269 269 270 270 271 272 273 275 277 278 279 280 280 281 281 280 279 279 278 277 274 273 273 272 270 267 262 255 249 248 249 250 252 254 256 257 259 261 262 263 264 264 265 265 265 266 266 266 266 267 267 267 267 267 267 268 268 268 268 268 269 269 269 269 269 269 269 269 269 269 270 270 270 270 270 269 269 269 269 269 269
270 271 271 270 270 270 270 270 270 270 269 269 269 270 270 270 271 272 273 275 276 279 279 280 280 281 281 281 280 278 278 277 276 273 272 271 270 268 265 262 257 254 253 254 254 255 257 259 260 261 263 264 264 265 266 266 266 267 267 267 267 268 268 268 268 268 268 268 268 269 269 269 269 269 269 270 270 270 270 270 270 270 270 270 270 270 270 270 270 270 270 270 270 269
271 271 271 271 270 270 270 270 270 270 270 270 270 270 270 271 272 273 274 275 277 279 280 280 280 280 280 280 279 277 277 276 275 272 271 270 269 267 265 263 260 258 257 257 257 258 260 261 262 263 264 265 266 266 267 267 267 268 268 268 268 268 269 269 269 269 269 269 269 269 269 270 270 270 270 270 270 270 270 270 270 270 270 270 270 270 270 270 270 270 270 270 270 270
271 271 270 270 270 270 270 270 270 270 270 270 270 270 271 271 272 273 274 276 277 279 280 280 280 280 280 279 278 276 275 274 273 271 270 269 268 266 265 263 261 260 260 260 260 261 262 263 264 264 265 266 267 267 267 268 268 268 269 269 269 269 269 269 270 270 270 270 270 270 270 270 270 270 270 270 270 270 270 270 270 270 270 270 270 270 270 270 270 270 270 270 270 270
271 270 270 270 270 271 271 271 271 270 270 270 271 271 271 272 272 273 274 275 277 279 279 280 280 279 279 278 277 275 274 273 272 271 269 268 267 266 265 264 263 262 262 262 262 263 263 264 265 265 266 267 267 267 268 268 268 269 269 269 269 269 270 270 270 270 270 270 270 270 270 270 270 270 270 270 270 270 270 270 270 270 270 270 270 270 270 270 270 270 270 270 270 270
271 270 270 271 271 271 271 271 271 271 271 271 271 271 271 272 272 273 274 275 276 278 279 279 279 278 278 277 276 275 274 273 271 270 269 268 267 266 265 264 264 263 263 263 264 264 265 265 266 266 267 267 268 268 268 268 269 269 269 270 270 270 270 270 270 270 270 270 271 271 271 271 271 271 271 270 270 270 270 270 270 270 270 270 270 270 270 270 270 270 270 270 270 270
271 271 271 271 271 271 271 271 271 271 271 271 271 271 271 272 272 273 274 275 276 277 277 278 277 277 277 276 275 274 273 272 271 270 269 268 267 266 266 265 265 265 265 265 265 265 266 266 267 267 267 268 268 268 269 269 269 269 270 270 270 270 270 270 270 271 271 271 271 271 271 271 271 271 270 270 270 270 270 270 270 270 270 270 270 270 270 270 270 270 270 270 270 270
271 271 271 271 271 271 271 271 271 271 271 271 271 271 271 271 272 273 273 274 275 276 276 276 276 276 275 275 274 273 272 271 270 269 269 268 267 267 266 266 266 266 266 266 266 266 267 267 267 268 268 268 269 269 269 269 269 270 270 270 270 270 271 271 271 271 271 271 271 271 271 271 271 271 270 270 270 270 270 270 270 270 270 270 270 270 270 270 270 270 270 270 270 270
271 271 271 271 271 271 271 271 271 271 271 271 271 271 271 271 272 272 273 273 274 275 275 275 275 275 275 274 274 273 272 271 270 270 269 268 268 267 267 266 266 266 266 266 267 267 267 268 268 268 268 269 269 269 269 269 269 270 270 270 270 271 271 271 271 271 271 271 271 271 271 271 271 271 270 270 270 270 270 270 270 270 270 270 270 270 270 270 270 270 270 270 270 270
271 271 271 271 271 271 271 271 271 271 271 271 271 271 271 271 272 272 272 273 273 274 274 274 274 274 274 274 273 272 271 271 270 269 269 268 268 267 267 267 267 267 267 267 267 267 268 268 268 268 269 269 269 269 269 269 270 270 270 270 270 271 271 271 271 271 271 271 271 271 271 271 271 270 270 270 270 270 270 270 270 270 270 270 270 270 270 270 270 270 270 270 270 270
271 271 271 271 271 271 271 271 271 271 271 271 271 271 271 271 271 272 272 272 273 273 274 274 274 273 273 273 272 272 271 271 270 270 269 269 268 268 268 267 267 267 267 267 268 268 268 268 268 269 269 269 269 269 269 270 270 270 270 270 271 271 271 271 271 271 271 271 271 271 271 271 271 270 270 270 270 270 270 270 270 270 270 270 270 270 270 270 270 270 270 270 270 270
271 271 271 271 271 271 271 271 271 271 271 271 271 271 271 271 272 272 272 272 272 273 273 273 273 272 272 272 272 271 271 270 270 270 269 269 269 268 268 268 268 268 268 268 268 268 268 268 269 269 269 269 269 270 270 270 270 270 270 271 271 271 271 271 271 271 271 271 271 271 271 271 271 270 270 270 270 270 270 270 270 270 270 270 270 270 270 270 270 270 270 270 270 270
271 271 271 271 271 271 271 271 271 271 271 271 271 271 271 271 272 272 272 272 272 272 272 272 272 272 272 271 271 271 271 270 270 270 269 269 269 269 268 268 268 268 268 268 268 268 268 269 269 269 269 269 269 270 270 270 270 270 270 270 271 271 271 271 271 271 271 271 271 271 271 270 270 270 270 270 270 270 270 270 270 270 270 270 270 270 270 270 270 270 270 270 270 270
271 271 271 271 271 271 271 271 271 271 271 271 271 271 271 272 272 272 272 272 272 272 272 272 272 271 271 271 271 271 271 270 270 270 269 269 269 269 269 269 269 268 268 268 268 269 269 269 269 269 269 269 269 270 270 270 270 270 270 270 270 271 271 271 271 271 271 271 271 271 270 270 270 270 270 270 270 270 270 270 270 270 270 270 270 270 270 270 270 270 270 270 270 270
271 271 271 271 271 271 271 271 271 271 271 271 271 271 272 272 272 272 272 272 272 272 272 272 272 271 271 271 271 271 270 270 270 270 269 269 269 269 269 269 269 269 269 269 269 269 269 269 269 269 269 269 269 270 270 270 270 270 270 270 270 270 270 270 271 271 271 271 271 270 270 270 270 270 270 270 270 270 270 270 270 270 270 270 270 270 270 270 270 270 270 270 270 270
271 271 271 271 271 271 271 271 271 271 271 271 272 272 272 272 272 272 272 272 272 272 272 272 271 271 271 271 271 270 270 270 270 270 269 269 269 269 269 269 269 269 269 269 269 269 269 269 269 269 269 269 269 270 270 270 270 270 270 270 270 270 270 270 270 270 270 270 270 270 270 270 270 270 270 270 270 270 270 270 270 270 270 270 270 270 270 270 270 270 270 270 270 270
271 271 271 271 271 271 271 271 271 271 272 272 272 272 272 272 272 272 272 272 272 272 272 272 271 271 271 271 271 270 270 270 270 270 269 269 269 269 269 269 269 269 269 269 269 269 269 269 269 269 269 269 269 269 270 270 270 270 270 270 270 270 270 270 270 270 270 270 270 270 270 270 270 270 270 270 270 270 270 270 270 270 270 270 270 270 270 270 270 270 270 270 270 270
272 271 271 271 271 271 271 271 271 271 272 272 272 272 272 272 272 272 272 272 272 272 272 271 271 271 271 271 271 270 270 270 270 270 269 269 269 269 269 269 269 269 269 269 269 269 269 269 269 269 269 269 269 269 269 270 270 270 270 270 270 270 270 270 270 270 270 270 270 270 270 270 270 270 270 270 270 270 270 270 270 270 270 270 270 270 270 270 270 270 270 270 270 270
272 271 271 271 271 271 271 271 271 272 272 272 272 272 272 272 272 272 272 272 272 272 271 271 271 271 271 271 271 270 270 270 270 270 269 269 269 269 269 269 269 269 269 269 269 269 269 269 269 269 269 269 269 269 269 269 270 270 270 270 270 270 270 270 270 270 270 270 270 270 270 270 270 270 270 270 270 270 270 270 270 270 270 270 270 270 270 270 270 270 270 270 270 270
272 272 271 271 271 271 271 271 271 272 272 272 272 272 272 272 272 272 272 272 272 271 271 271 271 271 271 271 271 270 270 270 270 270 270 269 269 269 269 269 269 269 269 269 269 269 269 269 269 269 269 269 269 269 269 269 270 270 270 270 270 270 270 270 270 270 270 270 270 270 270 270 270 270 270 270 270 270 270 270 270 270 270 270 270 270 270 270 270 270 270 270 270 270
272 272 271 271 271 271 271 271 272 272 272 272 272 272 272 272 272 272 272 272 272 271 271 271 271 271 271 271 271 270 270 270 270 270 270 269 269 269 269 269 269 269 269 269 269 269 269 269 269 269 269 269 269 269 269 269 269 269 269 270 270 270 270 270 270 270 270 270 270 270 270 270 270 270 270 270 270 270 270 270 270 270 270 270 270 270 270 270 270 270 270 270 270 270
272 272 271 271 271 271 272 272 272 272 272 272 272 272 272 272 272 272 272 272 272 271 271 271 271 271 271 271 271 271 270 270 270 270 270 270 269 269 269 269 269 269 269 269 269 269 269 269 269 269 269 269 269 269 269 269 269 269 269 269 270 270 270 270 270 270 270 270 270 270 270 270 270 270 270 270 270 270 270 270 270 270 270 270 270 270 270 270 270 270 270 270 270 270
271 271 271 271 271 272 272 272 272 272 272 272 272 272 272 272 272 272 272 272 271 271 271 271 271 271 271 271 271 271 270 270 270 270 270 270 270 269 269 269 269 269 269 269 269 269 269 269 269 269 269 269 269 269 269 269 269 269 269 269 269 270 270 270 270 270 270 270 270 270 270 270 270 270 270 270 270 270 270 270 270 270 270 270 270 270 270 270 270 270 270 270 270 270
271 271 271 271 271 272 272 272 272 272 272 272 272 272 272 272 272 272 272 272 271 271 271 271 271 271 271 271 271 271 270 270 270 270 270 270 270 270 270 270 269 270 269 269 269 269 269 269 269 269 269 269 269 269 269 269 269 269 269 269 269 270 270 270 270 270 270 270 270 270 270 270 270 270 270 270 270 270 270 270 270 270 270 270 270 270 270 270 270 270 270 270 270 270
271 271 271 271 271 272 272 272 272 272 272 272 272 272 272 272 272 272 272 272 271 271 271 271 271 271 271 271 271 271 270 270 270 270 270 270 270 270 270 270 270 270 270 270 270 270 269 269 269 269 269 269 269 269 269 269 269 269 269 269 269 269 269 269 269 269 269 270 270 270 270 270 270 270 270 270 270 270 270 270 270 270 270 270 270 270 270 270 270 270 270 270 270 270
271 271 271 271 271 272 272 272 272 272 272 272 272 272 272 272 272 272 272 272 271 271 271 271 271 271 271 271 271 271 271 270 270 270 270 270 270 270 270 270 270 270 270 270 270 270 270 270 269 269 269 269 269 269 269 269 269 269 269 269 269 269 269 269 269 269 269 269 269 270 270 270 270 270 270 270 270 270 270 270 270 270 270 270 270 270 270 270 270 270 270 270 270 270
271 271 271 271 271 271 272 272 272 272 272 272 272 272 272 272 272 272 272 272 271 271 271 271 271 271 271 271 271 271 271 270 270 270 270 270 270 270 270 270 270 270 270 270 270 270 270 270 270 269 269 269 269 269 269 269 269 269 269 269 269 269 269 269 269 269 269 269 269 269 269 269 270 270 270 270 270 270 270 270 270 270 270 270 270 270 270 270 270 270 270 270 270 270
271 271 271 271 271 271 271 272 272 272 272 272 272 272 272 272 272 272 272 272 272 271 271 271 271 271 271 271 271 271 271 270 270 270 270 270 270 270 270 270 270 270 270 270 270 270 270 270 270 269 269 269 269 269 269 269 269 269 269 269 269 269 269 269 269 269 269 269 269 269 269 269 269 269 270 270 270 270 270 270 270 270 270 270 270 270 270 270 270 270 270 270 270 270
271 271 271 271 271 271 271 271 272 272 272 272 272 272 272 272 272 272 272 272 272 271 271 271 271 271 271 271 271 271 271 271 270 270 270 270 270 270 270 270 270 270 270 270 270 270 270 270 270 270 269 269 269 269 269 269 269 269 269 269 269 269 269 269 269 269 269 269 269 269 269 269 269 269 269 269 269 269 269 269 269 269 269 269 269 269 270 270 270 270 270 270 270 270
271 271 271 271 271 271 271 271 272 272 272 272 272 272 272 272 272 272 272 272 272 271 271 271 271 271 271 271 271 271 271 271 271 271 271 271 270 271 271 270 270 270 270 270 270 270 270 270 270 270 270 269 269 269 269 269 269 269 269 269 269 269 269 269 269 269 269 269 269 269 269 269 269 269 269 269 269 269 269 269 269 269 269 269 269 269 269 270 270 270 270 270 270 270
271 271 271 271 271 271 271 271 271 272 272 272 272 272 272 272 272 272 272 272 271 271 271 271 271 271 271 271 271 271 271 271 271 271 271 271 271 271 270 270 270 270 270 270 270 270 270 270 270 270 270 270 269 269 269 269 269 269 269 269 269 269 269 269 269 269 269 269 269 269 269 269 269 269 269 269 269 269 269 269 269 269 269 269 269 269 269 269 269 270 270 270 270 270
271 271 271 271 271 271 271 271 271 272 272 272 272 272 272 272 272 272 271 271 271 271 271 271 271 271 271 271 271 271 271 271 271 271 271 271 271 270 270 270 270 270 270 270 270 270 270 270 270 270 270 270 270 269 269 269 269 269 269 269 269 269 269 269 269 269 269 269 269 269 269 269 269 269 269 269 269 269 269 269 269 269 269 269 269 269 269 269 269 269 270 270 270 270
271 271 271 271 271 271 271 271 271 272 272 272 272 272 272 272 271 271 271 271 271 271 271 271 271 271 271 271 271 271 271 271 271 271 271 271 271 270 270 270 270 270 270 270 270 270 270 270 270 270 270 270 270 269 269 269 269 269 269 269 269 269 269 269 269 269 269 269 269 269 269 269 269 269 269 269 269 269 269 269 269 269 269 269 269 269 269 269 269 269 269 270 270 270
271 271 271 271 271 271 271 271 271 272 272 272 272 272 271 271 271 271 271 271 271 271 271 271 271 271 271 271 271 271 271 271 271 271 271 271 271 270 270 270 270 270 270 270 270 270 270 270 270 270 270 270 270 270 269 269 269 269 269 269 269 269 269 269 269 269 269 269 269 269 269 269 269 269 269 269 269 269 269 269 269 269 269 269 269 269 269 269 269 269 269 270 270 270
