data/NorthBerwickLaw_315_1_25m_vel.asc
ncols	257
nrows	257
xllcorner	3503625.000000
yllcorner	3730350.000000
cellsize	25.000000
NODATA_value	-1.000000
[rows 76 to 113 of 257, columns 168 to 251 of 257]
0.99 0.99 0.99 0.99 0.99 0.99 0.99 0.99 0.99 0.99 0.99 0.99 0.99 0.99 0.98 0.98 0.98 0.98 0.98 0.98 0.98 0.98 0.98 0.98 0.98 0.98 0.99 0.99 0.99 0.99 0.99 0.99 0.99 0.99 0.99 0.99 0.99 0.99 0.99 0.99 0.98 0.99 0.99 0.99 0.99 0.99 0.99 0.99 0.99 0.99 0.99 0.99 0.99 0.99 0.99 0.99 0.99 0.99 1.00 1.00 1.00 1.00 1.00 1.00 1.00 1.00 1.00 1.00 1.00 1.00 1.00 1.00 1.00 1.00 1.00 1.00 1.00 1.00 1.00 1.00 1.00 1.00 1.00 1.00
0.99 0.99 0.99 0.99 0.99 0.99 0.99 0.99 0.99 0.99 0.99 0.98 0.98 0.98 0.98 0.98 0.98 0.98 0.98 0.98 0.98 0.98 0.98 0.98 0.98 0.98 0.98 0.98 0.98 0.98 0.98 0.98 0.98 0.98 0.98 0.98 0.98 0.98 0.98 0.98 0.98 0.98 0.98 0.98 0.98 0.98 0.99 0.99 0.99 0.99 0.99 0.99 0.99 0.99 0.99 0.99 0.99 1.00 1.00 1.00 1.00 1.00 1.00 1.00 1.00 1.00 1.00 1.00 1.00 1.00 1.00 1.00 1.00 1.00 1.00 1.00 1.00 1.00 1.00 1.00 1.00 1.00 1.00 1.00
0.99 0.99 0.99 0.99 0.99 0.99 0.99 0.99 0.99 0.98 0.98 0.98 0.98 0.98 0.98 0.98 0.98 0.98 0.98 0.98 0.98 0.98 0.98 0.98 0.98 0.98 0.98 0.98 0.98 0.98 0.98 0.98 0.98 0.98 0.98 0.98 0.98 0.98 0.98 0.98 0.98 0.98 0.98 0.98 0.98 0.98 0.98 0.98 0.99 0.99 0.99 0.99 0.99 0.99 0.99 0.99 0.99 1.00 1.00 1.00 1.00 1.00 1.00 1.00 1.00 1.00 1.00 1.00 1.00 1.00 1.00 1.00 1.00 1.00 1.00 1.00 1.00 1.00 1.00 1.00 1.00 1.00 1.00 1.00
0.99 0.99 0.99 0.99 0.99 0.99 0.99 0.98 0.98 0.98 0.98 0.98 0.98 0.98 0.98 0.98 0.98 0.97 0.97 0.97 0.97 0.97 0.97 0.97 0.97 0.98 0.98 0.98 0.98 0.98 0.98 0.98 0.98 0.98 0.98 0.98 0.98 0.98 0.98 0.98 0.98 0.98 0.98 0.98 0.98 0.98 0.98 0.98 0.98 0.98 0.99 0.99 0.99 0.99 0.99 0.99 1.00 1.00 1.00 1.00 1.00 1.00 1.00 1.00 1.00 1.00 1.00 1.00 1.00 1.00 1.00 1.00 1.00 1.00 1.00 1.00 1.00 1.00 1.00 1.00 1.00 1.00 1.00 1.00
0.99 0.99 0.99 0.99 0.99 0.98 0.98 0.98 0.98 0.98 0.98 0.98 0.98 0.97 0.97 0.97 0.97 0.97 0.97 0.97 0.97 0.97 0.97 0.97 0.97 0.97 0.97 0.97 0.97 0.98 0.98 0.98 0.97 0.98 0.98 0.98 0.98 0.97 0.97 0.97 0.97 0.97 0.97 0.97 0.97 0.98 0.98 0.98 0.98 0.98 0.98 0.99 0.99 0.99 0.99 0.99 1.00 1.00 1.00 1.00 1.00 1.00 1.00 1.00 1.00 1.00 1.00 1.00 1.00 1.00 1.00 1.00 1.00 1.00 1.00 1.00 1.00 1.00 1.00 1.00 1.00 1.00 1.00 1.00
0.99 0.99 0.99 0.98 0.98 0.98 0.98 0.98 0.98 0.98 0.97 0.97 0.97 0.97 0.97 0.96 0.96 0.96 0.96 0.96 0.96 0.96 0.96 0.96 0.96 0.96 0.96 0.97 0.97 0.97 0.97 0.97 0.97 0.97 0.97 0.97 0.97 0.97 0.97 0.97 0.97 0.97 0.97 0.97 0.97 0.97 0.97 0.97 0.97 0.98 0.98 0.98 0.99 0.99 0.99 1.00 1.00 1.00 1.00 1.00 1.00 1.00 1.00 1.00 1.00 1.00 1.00 1.00 1.00 1.00 1.00 1.00 1.00 1.00 1.00 1.00 1.00 1.00 1.00 1.00 1.00 1.00 1.00 1.00
0.99 0.99 0.98 0.98 0.98 0.98 0.98 0.98 0.97 0.97 0.97 0.97 0.97 0.96 0.96 0.96 0.95 0.96 0.95 0.95 0.95 0.95 0.95 0.95 0.95 0.95 0.96 0.96 0.96 0.97 0.97 0.97 0.97 0.97 0.97 0.97 0.97 0.97 0.96 0.96 0.96 0.96 0.96 0.96 0.96 0.96 0.97 0.97 0.97 0.97 0.98 0.98 0.99 0.99 0.99 1.00 1.00 1.00 1.00 1.00 1.00 1.00 1.00 1.00 1.00 1.00 1.00 1.00 1.00 1.00 1.00 1.00 1.00 1.00 1.00 1.00 1.00 1.00 1.00 1.00 1.00 1.00 1.00 1.00
0.99 0.98 0.98 0.98 0.98 0.98 0.98 0.97 0.97 0.97 0.97 0.96 0.96 0.95 0.95 0.95 0.94 0.94 0.93 0.93 0.93 0.93 0.93 0.93 0.93 0.93 0.93 0.94 0.96 0.97 0.97 0.96 0.96 0.96 0.96 0.96 0.96 0.96 0.96 0.95 0.95 0.95 0.95 0.95 0.95 0.95 0.95 0.95 0.95 0.96 0.97 0.98 0.98 0.99 1.00 1.00 1.00 1.00 1.00 1.00 1.00 1.00 1.00 1.00 1.00 1.00 1.00 1.00 1.00 1.00 1.00 1.00 1.00 1.00 1.00 1.00 1.00 1.00 1.00 1.00 1.00 1.00 1.00 1.00
0.98 0.98 0.98 0.98 0.98 0.98 0.97 0.97 0.97 0.97 0.96 0.96 0.95 0.94 0.93 0.93 0.92 0.91 0.91 0.90 0.90 0.90 0.90 0.90 0.90 0.88 0.89 0.93 0.96 0.96 0.96 0.96 0.95 0.96 0.96 0.96 0.95 0.95 0.94 0.94 0.94 0.94 0.93 0.93 0.93 0.93 0.93 0.93 0.94 0.95 0.96 0.97 0.98 0.99 1.00 1.00 1.01 1.01 1.00 1.00 1.00 1.00 1.00 1.00 1.00 1.00 1.00 1.00 1.00 1.00 1.00 1.00 1.00 1.00 1.00 1.00 1.00 1.00 1.00 1.00 1.00 1.00 1.00 1.00
0.98 0.98 0.98 0.97 0.97 0.97 0.97 0.97 0.96 0.96 0.95 0.94 0.93 0.92 0.91 0.90 0.89 0.87 0.87 0.86 0.85 0.86 0.88 0.88 0.87 0.88 0.92 0.97 0.99 0.96 0.95 0.94 0.93 0.94 0.95 0.94 0.94 0.93 0.93 0.92 0.92 0.91 0.90 0.89 0.89 0.90 0.90 0.90 0.89 0.90 0.92 0.94 0.96 0.99 1.01 1.02 1.01 1.01 1.01 1.00 1.00 1.00 1.00 1.00 1.00 1.00 1.00 1.00 1.00 1.00 1.00 1.00 1.00 1.00 0.99 1.00 1.00 1.00 0.99 1.00 1.00 1.00 1.00 1.00
0.98 0.98 0.97 0.97 0.97 0.97 0.97 0.96 0.96 0.95 0.94 0.92 0.90 0.88 0.87 0.86 0.84 0.81 0.81 0.82 0.84 0.89 0.92 0.93 0.95 0.97 1.01 1.04 1.02 0.96 0.93 0.91 0.91 0.93 0.94 0.92 0.91 0.91 0.91 0.90 0.89 0.86 0.85 0.85 0.87 0.89 0.89 0.87 0.85 0.88 0.92 0.93 0.95 1.01 1.05 1.04 1.02 1.01 1.01 1.01 1.00 1.00 1.00 1.00 1.00 1.00 1.00 1.00 1.00 1.00 1.00 1.00 1.00 0.99 0.99 0.99 0.99 0.99 1.00 1.00 1.00 1.00 1.00 1.00
0.97 0.97 0.97 0.97 0.97 0.97 0.96 0.95 0.95 0.94 0.92 0.90 0.87 0.84 0.82 0.81 0.80 0.79 0.82 0.90 0.96 1.00 1.03 1.04 1.06 1.06 1.06 1.05 1.00 0.96 0.95 0.94 0.95 0.96 0.94 0.89 0.88 0.88 0.87 0.85 0.83 0.83 0.85 0.90 0.93 0.93 0.93 0.90 0.92 0.99 1.02 1.01 1.04 1.10 1.12 1.05 1.02 1.02 1.01 1.01 1.01 1.00 1.00 1.00 1.00 1.00 1.00 1.00 1.00 1.00 1.00 0.99 0.99 0.99 0.99 0.99 0.99 0.99 0.99 0.99 1.00 1.00 1.00 1.00
0.97 0.97 0.97 0.97 0.97 0.96 0.95 0.95 0.94 0.93 0.91 0.88 0.85 0.83 0.83 0.85 0.88 0.91 0.97 1.09 1.12 1.12 1.11 1.09 1.07 1.05 1.03 1.02 1.00 0.99 0.99 1.00 1.00 0.97 0.93 0.88 0.85 0.85 0.83 0.82 0.84 0.90 0.95 0.99 0.99 0.99 0.99 0.99 1.04 1.10 1.11 1.11 1.14 1.16 1.12 1.03 1.00 1.02 1.02 1.01 1.01 1.00 1.00 1.00 1.00 1.00 1.00 1.00 1.00 0.99 0.99 0.99 0.99 0.99 0.99 0.99 0.99 0.99 0.99 0.99 0.99 0.99 1.00 1.00
0.97 0.97 0.96 0.97 0.96 0.95 0.94 0.94 0.93 0.92 0.90 0.86 0.85 0.87 0.92 0.98 1.03 1.08 1.14 1.17 1.13 1.10 1.08 1.05 1.03 1.01 1.01 1.00 1.00 1.00 1.00 0.98 0.96 0.93 0.90 0.86 0.83 0.86 0.91 0.93 0.98 1.03 1.04 1.02 1.01 1.02 1.03 1.04 1.08 1.11 1.10 1.10 1.11 1.10 1.06 1.01 1.01 1.04 1.04 1.02 1.01 1.00 1.00 1.00 1.00 1.00 1.00 1.00 0.99 0.99 0.99 0.99 0.99 0.99 0.99 0.99 0.99 0.99 0.99 0.99 0.99 0.99 1.00 1.00
0.96 0.96 0.96 0.96 0.95 0.94 0.94 0.93 0.92 0.91 0.89 0.86 0.88 0.93 0.99 1.04 1.07 1.10 1.11 1.10 1.06 1.03 1.02 1.01 0.99 0.99 0.99 0.99 0.99 0.99 0.97 0.95 0.92 0.90 0.88 0.85 0.87 0.99 1.06 1.07 1.09 1.08 1.04 1.03 1.03 1.03 1.04 1.06 1.07 1.08 1.07 1.07 1.06 1.04 1.03 1.03 1.05 1.08 1.05 1.01 1.00 1.00 1.00 1.00 1.00 1.00 1.00 0.99 0.99 0.99 0.99 0.99 0.99 0.99 0.99 0.99 0.99 0.99 0.99 0.99 0.99 0.99 0.99 1.00
0.96 0.96 0.96 0.95 0.94 0.94 0.93 0.92 0.91 0.90 0.86 0.84 0.90 0.97 1.00 1.02 1.04 1.04 1.04 1.02 1.01 0.99 0.99 0.98 0.98 0.98 0.98 0.98 0.98 0.98 0.95 0.93 0.91 0.89 0.86 0.85 0.95 1.10 1.14 1.10 1.08 1.04 1.02 1.03 1.04 1.04 1.05 1.06 1.06 1.06 1.06 1.05 1.04 1.03 1.02 1.01 1.06 1.10 1.03 0.99 1.00 1.00 1.00 1.00 1.00 1.00 0.99 0.99 0.99 0.99 0.99 0.99 0.99 0.99 0.99 0.99 0.99 0.99 0.99 0.99 0.99 0.99 0.99 1.00
0.96 0.95 0.94 0.94 0.93 0.93 0.92 0.91 0.90 0.87 0.83 0.84 0.93 0.98 0.98 0.99 1.00 1.00 1.00 0.99 0.98 0.97 0.97 0.97 0.97 0.97 0.97 0.97 0.97 0.95 0.93 0.91 0.90 0.89 0.86 0.88 1.04 1.17 1.13 1.05 1.02 1.01 1.01 1.03 1.02 1.01 1.03 1.05 1.04 1.04 1.04 1.03 1.01 1.00 1.00 0.99 1.05 1.06 0.94 0.95 1.01 1.01 1.00 1.00 1.00 0.99 0.99 0.99 0.99 0.99 0.99 0.99 0.99 0.99 0.99 0.99 0.99 0.99 0.99 0.99 0.99 0.99 0.99 1.00
0.95 0.94 0.93 0.93 0.92 0.91 0.90 0.88 0.87 0.83 0.81 0.88 0.96 0.97 0.96 0.97 0.98 0.99 0.99 0.99 0.98 0.98 0.98 0.97 0.97 0.97 0.97 0.96 0.95 0.93 0.92 0.92 0.92 0.92 0.91 0.96 1.15 1.20 1.08 1.00 0.99 1.00 1.01 1.01 0.99 0.98 1.02 1.03 1.02 1.01 1.01 0.99 0.99 0.98 0.98 0.99 1.05 1.05 0.96 1.00 1.02 1.00 1.00 1.00 0.99 0.99 0.99 0.99 0.99 0.99 0.99 0.99 0.99 0.99 0.99 0.99 0.99 0.99 0.99 0.99 0.99 0.99 0.99 1.00
0.93 0.92 0.91 0.90 0.89 0.88 0.87 0.84 0.83 0.81 0.83 0.92 0.97 0.97 0.97 0.98 0.99 1.00 1.01 1.00 0.99 0.99 0.98 0.98 0.97 0.97 0.97 0.96 0.95 0.94 0.95 0.96 0.96 0.97 0.98 1.07 1.22 1.17 1.03 1.00 1.01 1.01 1.01 1.00 0.98 0.99 1.02 1.02 1.00 0.99 0.99 0.98 0.98 0.99 1.00 1.04 1.06 1.09 1.09 1.03 0.99 0.99 1.00 0.99 0.99 0.99 0.99 0.99 0.99 0.99 0.99 0.99 0.99 0.99 0.99 0.99 0.99 0.99 0.99 0.99 0.99 0.99 0.99 1.00
0.91 0.90 0.89 0.88 0.87 0.86 0.84 0.83 0.84 0.86 0.90 0.96 0.98 0.99 0.99 1.00 1.01 1.02 1.02 1.01 1.00 1.00 0.99 0.98 0.98 0.97 0.97 0.97 0.97 0.97 0.98 1.00 1.01 1.02 1.06 1.14 1.21 1.10 1.00 1.01 1.02 1.01 1.00 0.99 0.99 1.00 1.02 1.02 1.01 1.01 1.01 1.00 1.02 1.03 1.04 1.07 1.08 1.10 1.06 0.92 0.93 0.99 1.00 0.99 0.99 0.99 0.99 0.99 0.99 0.99 0.99 0.99 0.99 0.99 0.99 0.99 0.99 0.99 0.99 0.99 0.99 0.99 0.99 1.00
0.91 0.90 0.89 0.88 0.87 0.86 0.86 0.87 0.89 0.92 0.95 0.98 1.00 1.01 1.01 1.01 1.03 1.03 1.02 1.02 1.01 1.00 1.00 0.99 0.98 0.98 0.97 0.97 0.98 0.99 1.00 1.02 1.03 1.05 1.09 1.15 1.14 1.04 0.99 1.01 1.01 1.00 0.99 0.99 1.00 1.01 1.03 1.04 1.04 1.05 1.05 1.04 1.05 1.05 1.06 1.08 1.08 1.08 1.04 0.99 0.97 1.00 0.99 0.99 0.99 0.99 0.98 0.98 0.98 0.98 0.98 0.98 0.98 0.98 0.98 0.98 0.99 0.99 0.99 0.99 0.99 0.99 0.99 1.00
0.91 0.89 0.88 0.87 0.87 0.87 0.88 0.90 0.92 0.94 0.97 0.99 1.01 1.02 1.03 1.04 1.04 1.04 1.03 1.02 1.02 1.01 1.00 0.99 0.99 0.98 0.98 0.98 0.99 1.01 1.02 1.03 1.05 1.07 1.09 1.10 1.07 1.01 0.99 1.00 1.00 0.99 0.99 1.00 1.02 1.03 1.04 1.06 1.07 1.07 1.07 1.05 1.04 1.04 1.06 1.07 1.09 1.09 1.08 1.06 1.04 1.02 1.00 0.99 0.99 0.98 0.98 0.98 0.98 0.98 0.98 0.98 0.98 0.98 0.98 0.98 0.98 0.98 0.99 0.99 0.99 0.99 0.99 1.00
0.88 0.87 0.86 0.86 0.86 0.87 0.89 0.92 0.94 0.96 0.99 1.01 1.03 1.05 1.05 1.06 1.05 1.04 1.04 1.03 1.02 1.02 1.00 0.99 0.99 0.99 0.99 1.00 1.01 1.02 1.03 1.04 1.05 1.06 1.07 1.06 1.03 1.01 1.00 1.00 1.00 0.99 1.00 1.01 1.03 1.04 1.06 1.09 1.08 1.06 1.04 1.02 1.02 1.04 1.06 1.07 1.10 1.10 1.08 1.05 1.04 1.02 0.99 0.98 0.99 0.98 0.98 0.98 0.98 0.97 0.97 0.97 0.98 0.98 0.98 0.98 0.98 0.98 0.98 0.99 0.99 0.99 0.99 1.00
0.86 0.86 0.86 0.87 0.89 0.91 0.93 0.96 0.98 1.00 1.03 1.04 1.06 1.07 1.07 1.06 1.05 1.04 1.04 1.03 1.02 1.01 1.00 0.99 0.99 0.99 1.00 1.01 1.02 1.03 1.04 1.04 1.05 1.05 1.05 1.04 1.02 1.01 1.00 1.00 0.99 0.99 1.01 1.02 1.03 1.05 1.07 1.08 1.05 1.03 1.02 1.01 1.02 1.04 1.06 1.07 1.10 1.10 1.06 1.04 1.03 1.00 0.96 0.96 0.98 0.97 0.97 0.97 0.97 0.97 0.97 0.97 0.97 0.97 0.97 0.97 0.98 0.98 0.98 0.98 0.99 0.99 0.99 1.00
0.86 0.87 0.89 0.91 0.93 0.96 0.98 1.01 1.03 1.05 1.07 1.08 1.08 1.08 1.07 1.06 1.05 1.04 1.03 1.02 1.01 1.00 1.00 0.99 0.99 1.00 1.01 1.02 1.02 1.03 1.04 1.04 1.04 1.04 1.04 1.02 1.01 1.00 1.00 1.00 0.99 1.00 1.01 1.02 1.03 1.04 1.05 1.04 1.02 1.01 1.01 1.01 1.02 1.05 1.06 1.08 1.10 1.09 1.05 1.03 1.02 1.00 0.97 0.96 0.98 0.98 0.96 0.96 0.96 0.96 0.96 0.96 0.96 0.97 0.97 0.97 0.97 0.97 0.98 0.98 0.99 0.99 0.99 1.00
0.88 0.91 0.94 0.96 0.99 1.01 1.04 1.06 1.07 1.08 1.09 1.08 1.08 1.07 1.06 1.05 1.04 1.04 1.03 1.02 1.01 1.00 1.00 1.00 1.01 1.01 1.02 1.03 1.04 1.04 1.04 1.04 1.04 1.03 1.02 1.01 1.00 1.00 1.00 1.00 1.00 1.00 1.01 1.02 1.03 1.03 1.04 1.02 1.01 1.01 1.01 1.01 1.03 1.05 1.06 1.08 1.09 1.08 1.04 1.02 1.01 1.00 0.98 0.98 0.99 0.97 0.95 0.95 0.95 0.95 0.95 0.96 0.96 0.96 0.96 0.96 0.97 0.97 0.97 0.98 0.98 0.99 0.99 1.00
0.93 0.96 1.00 1.03 1.04 1.06 1.08 1.09 1.09 1.09 1.09 1.08 1.07 1.07 1.06 1.05 1.04 1.03 1.03 1.02 1.01 1.01 1.01 1.01 1.02 1.02 1.03 1.04 1.04 1.04 1.04 1.04 1.03 1.02 1.01 1.01 1.00 1.00 0.99 1.00 1.00 1.00 1.01 1.02 1.03 1.03 1.03 1.02 1.01 1.01 1.01 1.02 1.03 1.05 1.06 1.07 1.07 1.06 1.03 1.01 1.00 0.99 0.97 0.96 0.96 0.93 0.93 0.93 0.93 0.94 0.94 0.95 0.95 0.95 0.95 0.95 0.96 0.96 0.97 0.98 0.98 0.99 0.99 1.00
0.99 1.02 1.06 1.08 1.09 1.10 1.10 1.10 1.10 1.09 1.09 1.08 1.07 1.06 1.05 1.05 1.04 1.03 1.03 1.02 1.01 1.01 1.01 1.02 1.03 1.03 1.04 1.04 1.04 1.04 1.03 1.03 1.03 1.02 1.01 1.01 1.00 1.00 1.00 1.00 1.00 1.00 1.01 1.02 1.02 1.03 1.03 1.02 1.01 1.01 1.02 1.03 1.04 1.06 1.06 1.06 1.06 1.05 1.02 1.00 0.99 0.97 0.95 0.94 0.92 0.90 0.89 0.90 0.92 0.93 0.93 0.93 0.93 0.94 0.94 0.94 0.94 0.95 0.96 0.97 0.98 0.98 0.99 1.00
1.05 1.08 1.10 1.11 1.11 1.10 1.10 1.09 1.09 1.09 1.08 1.07 1.06 1.05 1.05 1.04 1.04 1.03 1.03 1.02 1.02 1.02 1.02 1.03 1.04 1.04 1.04 1.04 1.03 1.03 1.03 1.03 1.02 1.02 1.01 1.01 1.01 1.00 1.00 1.01 1.01 1.01 1.01 1.02 1.02 1.03 1.02 1.02 1.02 1.02 1.03 1.04 1.05 1.06 1.06 1.06 1.05 1.03 1.01 0.99 0.97 0.95 0.93 0.92 0.90 0.87 0.85 0.86 0.88 0.89 0.91 0.92 0.92 0.91 0.92 0.91 0.92 0.93 0.95 0.96 0.97 0.98 0.99 1.00
1.09 1.11 1.12 1.11 1.10 1.09 1.08 1.08 1.08 1.07 1.06 1.05 1.04 1.04 1.04 1.04 1.04 1.03 1.03 1.02 1.02 1.03 1.03 1.04 1.04 1.04 1.04 1.04 1.03 1.03 1.03 1.03 1.03 1.02 1.02 1.01 1.01 1.01 1.01 1.01 1.01 1.02 1.02 1.03 1.03 1.03 1.03 1.02 1.03 1.03 1.04 1.05 1.06 1.06 1.06 1.05 1.04 1.02 1.00 0.98 0.96 0.94 0.92 0.90 0.88 0.85 0.82 0.83 0.84 0.86 0.90 0.90 0.89 0.89 0.87 0.86 0.86 0.88 0.90 0.94 0.96 0.97 0.99 1.01
1.11 1.11 1.10 1.09 1.08 1.07 1.07 1.07 1.06 1.05 1.04 1.03 1.03 1.03 1.04 1.04 1.03 1.03 1.03 1.03 1.03 1.04 1.04 1.04 1.04 1.04 1.03 1.03 1.03 1.03 1.03 1.03 1.03 1.03 1.02 1.02 1.01 1.01 1.01 1.01 1.02 1.02 1.02 1.03 1.03 1.03 1.03 1.03 1.03 1.04 1.05 1.05 1.06 1.06 1.05 1.04 1.03 1.02 1.00 0.98 0.96 0.94 0.92 0.89 0.87 0.84 0.83 0.84 0.86 0.90 0.91 0.88 0.87 0.83 0.79 0.81 0.82 0.84 0.92 0.96 0.95 0.96 0.99 1.01
1.08 1.08 1.08 1.07 1.06 1.06 1.06 1.05 1.05 1.04 1.03 1.03 1.03 1.03 1.03 1.04 1.03 1.03 1.03 1.03 1.03 1.04 1.04 1.04 1.04 1.04 1.03 1.03 1.03 1.03 1.03 1.04 1.03 1.03 1.03 1.02 1.01 1.01 1.01 1.02 1.02 1.02 1.02 1.02 1.03 1.03 1.03 1.04 1.04 1.04 1.05 1.05 1.06 1.05 1.05 1.04 1.03 1.01 0.99 0.98 0.96 0.94 0.92 0.90 0.88 0.86 0.86 0.87 0.89 0.92 0.92 0.90 0.86 0.79 0.77 0.85 0.88 0.94 1.04 1.02 0.99 1.00 1.03 1.03
1.05 1.05 1.05 1.05 1.04 1.04 1.04 1.04 1.03 1.03 1.03 1.02 1.03 1.03 1.04 1.04 1.04 1.03 1.03 1.03 1.03 1.03 1.03 1.03 1.03 1.03 1.03 1.03 1.03 1.03 1.04 1.04 1.04 1.03 1.02 1.02 1.01 1.01 1.01 1.02 1.02 1.02 1.02 1.02 1.03 1.03 1.04 1.04 1.04 1.05 1.05 1.05 1.05 1.05 1.04 1.03 1.02 1.01 0.99 0.98 0.96 0.95 0.94 0.92 0.90 0.90 0.90 0.91 0.93 0.94 0.94 0.92 0.89 0.87 0.90 0.94 0.97 1.04 1.07 1.02 1.02 1.06 1.08 1.06
1.03 1.04 1.03 1.03 1.03 1.03 1.03 1.03 1.03 1.02 1.02 1.02 1.03 1.03 1.04 1.04 1.03 1.03 1.03 1.02 1.02 1.03 1.03 1.03 1.03 1.02 1.02 1.02 1.03 1.03 1.04 1.04 1.03 1.02 1.02 1.01 1.01 1.01 1.01 1.02 1.02 1.02 1.02 1.03 1.04 1.04 1.04 1.05 1.05 1.05 1.05 1.05 1.05 1.05 1.04 1.03 1.02 1.01 1.00 0.99 0.98 0.96 0.95 0.94 0.94 0.94 0.95 0.96 0.97 0.98 0.98 0.96 0.94 0.96 0.99 1.01 1.04 1.07 1.07 1.06 1.07 1.09 1.09 1.05
1.02 1.02 1.02 1.02 1.02 1.02 1.02 1.02 1.02 1.02 1.02 1.02 1.03 1.03 1.04 1.03 1.03 1.02 1.02 1.01 1.02 1.02 1.02 1.02 1.02 1.02 1.02 1.02 1.03 1.03 1.03 1.03 1.02 1.02 1.01 1.01 1.01 1.01 1.01 1.02 1.02 1.03 1.03 1.04 1.05 1.05 1.05 1.06 1.06 1.06 1.06 1.06 1.05 1.05 1.05 1.04 1.03 1.02 1.01 1.00 0.99 0.98 0.98 0.98 0.98 0.99 0.99 1.00 1.02 1.02 1.02 1.02 1.02 1.03 1.05 1.07 1.09 1.11 1.11 1.11 1.11 1.10 1.07 1.03
1.01 1.01 1.01 1.01 1.01 1.02 1.02 1.02 1.02 1.02 1.02 1.02 1.03 1.03 1.03 1.02 1.01 1.01 1.01 1.01 1.01 1.02 1.02 1.02 1.01 1.01 1.02 1.02 1.02 1.03 1.03 1.02 1.01 1.01 1.00 1.00 1.01 1.01 1.02 1.02 1.03 1.03 1.04 1.05 1.06 1.06 1.07 1.07 1.07 1.06 1.06 1.06 1.06 1.06 1.05 1.04 1.03 1.02 1.01 1.00 1.00 1.00 1.01 1.01 1.02 1.03 1.04 1.05 1.06 1.06 1.06 1.06 1.07 1.08 1.10 1.11 1.11 1.12 1.12 1.10 1.10 1.09 1.05 1.02
1.01 1.00 1.00 1.00 1.00 1.01 1.01 1.01 1.01 1.01 1.01 1.02 1.02 1.02 1.02 1.01 1.00 1.00 1.00 1.00 1.01 1.01 1.01 1.01 1.01 1.01 1.02 1.02 1.02 1.02 1.02 1.02 1.01 1.00 1.00 1.00 1.01 1.02 1.02 1.03 1.04 1.04 1.05 1.06 1.07 1.07 1.08 1.07 1.07 1.07 1.06 1.06 1.06 1.06 1.05 1.04 1.03 1.02 1.01 1.01 1.01 1.01 1.02 1.03 1.04 1.06 1.07 1.08 1.09 1.09 1.08 1.08 1.09 1.09 1.10 1.10 1.10 1.11 1.11 1.10 1.10 1.08 1.05 1.02
1.00 0.99 0.99 0.99 1.00 1.00 1.00 1.00 1.00 1.00 1.00 1.01 1.01 1.01 1.01 1.00 1.00 1.00 1.00 1.00 1.00 1.00 1.00 1.00 1.01 1.01 1.01 1.02 1.02 1.02 1.02 1.01 1.01 1.00 1.01 1.01 1.02 1.03 1.03 1.04 1.05 1.05 1.06 1.07 1.08 1.08 1.08 1.07 1.07 1.06 1.06 1.06 1.06 1.05 1.04 1.03 1.02 1.02 1.01 1.01 1.01 1.02 1.03 1.04 1.05 1.06 1.07 1.07 1.07 1.07 1.07 1.08 1.08 1.09 1.09 1.10 1.11 1.12 1.12 1.12 1.10 1.08 1.05 1.02
