data/NorthBerwickLaw_225_1_25m_vel.asc
ncols	257
nrows	257
xllcorner	3503625.000000
yllcorner	3730350.000000
cellsize	25.000000
NODATA_value	-1.000000
[rows 76 to 113 of 257, columns 84 to 167 of 257]
0.99 0.98 0.98 0.98 0.98 0.99 1.00 1.01 1.03 1.04 1.04 1.03 1.02 1.00 0.99 0.97 0.97 0.96 0.96 0.96 0.97 0.97 0.97 0.96 0.96 0.93 0.91 0.91 0.92 0.94 0.95 0.95 0.96 0.96 0.97 0.97 0.97 0.97 0.97 0.97 0.98 0.99 1.00 1.00 0.97 0.92 0.90 0.92 0.94 0.95 0.96 0.96 0.97 0.97 0.97 0.97 0.98 0.98 0.98 0.98 0.98 0.98 0.98 0.99 0.99 0.99 0.99 0.99 0.99 0.99 0.99 0.99 0.99 0.99 0.99 0.99 0.99 0.99 0.99 0.99 0.99 0.99 0.99 0.99
1.00 0.99 0.98 0.98 0.99 0.99 1.00 1.01 1.02 1.04 1.05 1.04 1.03 1.01 1.00 0.98 0.97 0.96 0.96 0.95 0.96 0.97 0.98 0.98 0.97 0.97 0.94 0.91 0.90 0.91 0.92 0.94 0.94 0.95 0.96 0.96 0.96 0.97 0.97 0.97 0.98 0.99 1.00 1.01 1.00 0.95 0.90 0.89 0.91 0.93 0.95 0.95 0.96 0.96 0.97 0.97 0.97 0.97 0.98 0.98 0.98 0.98 0.98 0.98 0.98 0.99 0.99 0.99 0.99 0.99 0.99 0.99 0.99 0.99 0.99 0.99 0.99 0.99 0.99 0.99 0.99 0.99 0.99 0.99
1.01 1.00 0.99 0.99 0.99 0.99 1.00 1.01 1.02 1.03 1.05 1.05 1.04 1.03 1.01 0.99 0.97 0.96 0.95 0.94 0.94 0.95 0.97 0.98 0.98 0.98 0.98 0.96 0.93 0.91 0.91 0.92 0.92 0.93 0.94 0.95 0.96 0.96 0.97 0.97 0.97 0.99 1.00 1.02 1.02 1.00 0.94 0.88 0.88 0.91 0.93 0.94 0.95 0.96 0.96 0.96 0.97 0.97 0.97 0.97 0.98 0.98 0.98 0.98 0.98 0.98 0.98 0.99 0.99 0.99 0.99 0.99 0.99 0.99 0.99 0.99 0.99 0.99 0.99 0.99 0.99 0.99 0.99 0.99
1.01 1.00 0.99 0.99 0.99 1.00 1.00 1.01 1.02 1.03 1.04 1.05 1.05 1.04 1.03 1.01 0.99 0.97 0.95 0.94 0.93 0.94 0.95 0.96 0.98 0.98 0.99 0.99 0.97 0.95 0.94 0.93 0.92 0.92 0.93 0.94 0.96 0.96 0.97 0.97 0.98 0.99 1.00 1.02 1.02 1.02 0.99 0.93 0.87 0.87 0.90 0.92 0.94 0.95 0.95 0.96 0.96 0.97 0.97 0.97 0.97 0.98 0.98 0.98 0.98 0.98 0.98 0.98 0.98 0.99 0.99 0.99 0.99 0.99 0.99 0.99 0.99 0.99 0.99 0.99 0.99 0.99 0.99 0.99
1.00 0.99 0.99 0.99 0.99 0.99 1.00 1.01 1.01 1.02 1.04 1.05 1.06 1.05 1.05 1.04 1.01 0.99 0.97 0.95 0.94 0.93 0.94 0.95 0.96 0.97 0.98 0.99 0.98 0.97 0.96 0.96 0.95 0.95 0.95 0.95 0.96 0.97 0.97 0.97 0.98 0.98 1.00 1.01 1.02 1.03 1.02 0.99 0.93 0.86 0.86 0.89 0.92 0.93 0.94 0.95 0.95 0.96 0.96 0.97 0.97 0.97 0.97 0.98 0.98 0.98 0.98 0.98 0.98 0.98 0.98 0.98 0.99 0.99 0.99 0.99 0.99 0.99 0.99 0.99 0.99 0.99 0.99 0.99
0.99 0.99 0.98 0.98 0.98 0.99 0.99 1.00 1.01 1.01 1.03 1.04 1.05 1.06 1.07 1.06 1.04 1.02 1.00 0.98 0.96 0.94 0.94 0.94 0.94 0.95 0.97 0.98 0.98 0.97 0.97 0.97 0.96 0.96 0.96 0.96 0.97 0.97 0.97 0.98 0.98 0.99 1.00 1.00 1.01 1.03 1.04 1.03 1.00 0.93 0.86 0.85 0.89 0.91 0.93 0.94 0.95 0.95 0.96 0.96 0.96 0.97 0.97 0.97 0.97 0.98 0.98 0.98 0.98 0.98 0.98 0.98 0.98 0.98 0.99 0.99 0.99 0.99 0.99 0.99 0.99 0.99 0.99 0.99
0.99 0.98 0.98 0.98 0.97 0.98 0.98 0.99 1.00 1.00 1.01 1.03 1.04 1.06 1.07 1.07 1.06 1.05 1.02 1.00 0.98 0.96 0.95 0.94 0.94 0.94 0.95 0.96 0.97 0.97 0.96 0.96 0.96 0.96 0.96 0.97 0.97 0.97 0.98 0.98 0.99 0.99 1.00 1.00 1.01 1.01 1.03 1.04 1.04 1.01 0.93 0.85 0.84 0.88 0.90 0.92 0.93 0.94 0.95 0.95 0.96 0.96 0.97 0.97 0.97 0.97 0.97 0.97 0.98 0.98 0.98 0.98 0.98 0.98 0.98 0.98 0.98 0.99 0.99 0.99 0.99 0.99 0.99 0.99
0.99 0.98 0.98 0.97 0.97 0.97 0.98 0.98 0.99 0.99 1.00 1.01 1.03 1.04 1.06 1.07 1.07 1.06 1.05 1.03 1.01 0.99 0.97 0.96 0.95 0.94 0.95 0.95 0.96 0.96 0.96 0.95 0.95 0.95 0.96 0.96 0.96 0.97 0.97 0.98 0.99 0.99 1.00 1.00 1.00 1.00 1.01 1.02 1.04 1.05 1.03 0.94 0.86 0.84 0.86 0.89 0.92 0.93 0.94 0.95 0.95 0.96 0.96 0.96 0.97 0.97 0.97 0.97 0.97 0.97 0.98 0.98 0.98 0.98 0.98 0.98 0.98 0.98 0.98 0.99 0.99 0.99 0.99 0.99
0.99 0.98 0.98 0.97 0.97 0.97 0.97 0.97 0.98 0.98 0.98 0.99 1.00 1.02 1.04 1.05 1.06 1.06 1.05 1.04 1.03 1.01 0.99 0.98 0.97 0.96 0.96 0.95 0.96 0.95 0.95 0.95 0.95 0.95 0.95 0.96 0.96 0.96 0.96 0.97 0.98 0.99 0.99 0.99 0.99 0.99 0.99 1.00 1.01 1.03 1.05 1.03 0.96 0.89 0.84 0.84 0.88 0.91 0.92 0.94 0.94 0.95 0.95 0.96 0.96 0.96 0.96 0.97 0.97 0.97 0.97 0.97 0.97 0.98 0.98 0.98 0.98 0.98 0.98 0.98 0.98 0.98 0.99 0.99
1.00 0.99 0.98 0.98 0.97 0.97 0.97 0.97 0.97 0.97 0.98 0.98 0.99 1.00 1.01 1.03 1.04 1.05 1.05 1.04 1.04 1.02 1.01 1.00 0.99 0.98 0.97 0.97 0.96 0.96 0.95 0.94 0.94 0.94 0.95 0.95 0.95 0.95 0.95 0.96 0.97 0.98 0.98 0.99 0.98 0.98 0.98 0.98 0.99 1.00 1.02 1.04 1.03 0.99 0.91 0.85 0.85 0.87 0.90 0.92 0.93 0.94 0.94 0.95 0.95 0.96 0.96 0.96 0.96 0.96 0.97 0.97 0.97 0.97 0.97 0.97 0.98 0.98 0.98 0.98 0.98 0.98 0.98 0.98
1.00 1.00 0.99 0.99 0.98 0.98 0.97 0.97 0.97 0.97 0.97 0.97 0.98 0.98 0.99 1.01 1.02 1.03 1.03 1.03 1.03 1.03 1.02 1.01 1.00 0.99 0.99 0.98 0.97 0.96 0.95 0.94 0.94 0.94 0.95 0.95 0.95 0.94 0.94 0.94 0.95 0.96 0.97 0.98 0.98 0.97 0.96 0.96 0.96 0.97 0.99 1.00 1.02 1.02 0.98 0.93 0.89 0.87 0.87 0.89 0.91 0.92 0.93 0.94 0.94 0.95 0.95 0.95 0.95 0.96 0.96 0.96 0.96 0.97 0.97 0.97 0.97 0.97 0.98 0.98 0.98 0.98 0.98 0.98
1.01 1.01 1.00 1.00 0.99 0.99 0.98 0.98 0.97 0.97 0.97 0.97 0.97 0.98 0.98 0.99 1.01 1.02 1.02 1.02 1.02 1.02 1.02 1.02 1.01 1.00 1.00 0.99 0.98 0.97 0.96 0.95 0.95 0.95 0.95 0.96 0.95 0.95 0.94 0.94 0.94 0.96 0.97 0.98 0.98 0.97 0.96 0.95 0.95 0.95 0.96 0.98 0.99 1.00 1.00 0.98 0.95 0.92 0.89 0.88 0.89 0.90 0.90 0.92 0.92 0.93 0.94 0.94 0.94 0.95 0.95 0.95 0.96 0.96 0.96 0.97 0.97 0.97 0.97 0.97 0.98 0.98 0.98 0.98
1.02 1.02 1.02 1.01 1.01 1.00 1.00 0.99 0.98 0.98 0.97 0.97 0.97 0.97 0.98 0.99 1.00 1.01 1.01 1.02 1.02 1.02 1.02 1.01 1.01 1.01 1.01 1.00 1.00 0.98 0.97 0.96 0.96 0.96 0.97 0.97 0.97 0.96 0.95 0.94 0.95 0.96 0.97 0.98 0.99 0.98 0.98 0.97 0.95 0.95 0.95 0.96 0.97 0.99 0.99 0.99 0.98 0.96 0.94 0.92 0.92 0.91 0.90 0.90 0.90 0.90 0.91 0.92 0.93 0.93 0.94 0.94 0.95 0.95 0.96 0.96 0.96 0.97 0.97 0.97 0.97 0.97 0.98 0.98
1.03 1.03 1.03 1.03 1.02 1.02 1.01 1.01 0.99 0.98 0.98 0.98 0.98 0.98 0.98 0.98 0.99 1.00 1.01 1.01 1.02 1.02 1.01 1.01 1.01 1.01 1.01 1.01 1.01 1.00 0.99 0.98 0.97 0.98 0.99 0.99 1.00 0.99 0.98 0.96 0.96 0.97 0.98 0.99 1.00 1.00 1.00 0.99 0.98 0.96 0.96 0.96 0.96 0.97 0.98 0.99 0.98 0.98 0.97 0.96 0.95 0.94 0.93 0.93 0.91 0.89 0.88 0.89 0.90 0.91 0.92 0.93 0.94 0.94 0.95 0.95 0.96 0.96 0.96 0.97 0.97 0.97 0.97 0.97
1.04 1.04 1.04 1.04 1.04 1.04 1.03 1.02 1.01 1.00 0.99 0.99 0.99 0.98 0.98 0.98 0.98 0.99 1.00 1.01 1.01 1.02 1.02 1.02 1.01 1.01 1.02 1.02 1.02 1.01 1.00 0.99 0.98 0.99 1.00 1.01 1.02 1.02 1.00 0.99 0.98 0.98 0.99 1.00 1.02 1.02 1.02 1.02 1.01 0.99 0.97 0.96 0.96 0.96 0.97 0.98 0.98 0.99 0.98 0.98 0.97 0.97 0.96 0.96 0.95 0.93 0.90 0.88 0.87 0.87 0.89 0.90 0.91 0.93 0.94 0.94 0.95 0.95 0.96 0.96 0.96 0.96 0.97 0.97
1.05 1.04 1.04 1.04 1.04 1.05 1.04 1.04 1.03 1.02 1.01 1.01 1.00 0.99 0.99 0.98 0.98 0.98 0.99 1.00 1.01 1.02 1.02 1.02 1.02 1.02 1.02 1.03 1.03 1.02 1.01 1.00 0.99 0.99 1.00 1.02 1.03 1.04 1.03 1.01 1.00 1.00 1.00 1.01 1.02 1.03 1.04 1.04 1.03 1.02 0.99 0.97 0.96 0.95 0.95 0.96 0.97 0.98 0.98 0.98 0.98 0.98 0.98 0.98 0.98 0.97 0.95 0.92 0.89 0.86 0.86 0.87 0.88 0.90 0.92 0.93 0.94 0.94 0.95 0.95 0.95 0.96 0.96 0.96
1.04 1.04 1.04 1.04 1.05 1.05 1.05 1.05 1.04 1.03 1.02 1.01 1.01 1.00 0.99 0.98 0.97 0.97 0.98 0.99 1.00 1.02 1.03 1.03 1.03 1.03 1.03 1.04 1.04 1.03 1.02 1.01 1.00 0.99 1.00 1.02 1.03 1.04 1.04 1.03 1.02 1.01 1.01 1.01 1.02 1.03 1.04 1.05 1.05 1.04 1.02 0.99 0.97 0.95 0.94 0.94 0.95 0.96 0.97 0.98 0.98 0.98 0.98 0.98 0.98 0.98 0.98 0.96 0.94 0.90 0.88 0.87 0.86 0.87 0.88 0.90 0.92 0.93 0.93 0.94 0.94 0.95 0.95 0.95
1.03 1.04 1.04 1.04 1.04 1.05 1.05 1.04 1.04 1.03 1.02 1.02 1.01 1.00 0.99 0.98 0.97 0.96 0.97 0.98 0.99 1.01 1.02 1.02 1.02 1.03 1.03 1.04 1.04 1.04 1.03 1.01 1.00 0.99 0.99 1.01 1.02 1.04 1.04 1.03 1.02 1.01 1.01 1.01 1.01 1.02 1.03 1.04 1.05 1.05 1.04 1.01 0.98 0.96 0.94 0.93 0.94 0.95 0.96 0.96 0.97 0.97 0.97 0.98 0.98 0.99 0.99 0.98 0.96 0.94 0.92 0.91 0.89 0.88 0.87 0.89 0.90 0.91 0.92 0.92 0.92 0.93 0.93 0.94
1.03 1.03 1.03 1.03 1.04 1.04 1.04 1.04 1.03 1.02 1.01 1.01 1.01 1.00 0.99 0.98 0.97 0.96 0.96 0.97 0.98 0.99 1.00 1.01 1.01 1.02 1.02 1.03 1.03 1.03 1.02 1.01 1.00 0.99 0.98 0.99 1.01 1.03 1.03 1.03 1.03 1.02 1.01 1.00 1.00 1.01 1.01 1.03 1.04 1.05 1.05 1.03 1.01 0.98 0.96 0.94 0.94 0.94 0.95 0.96 0.96 0.96 0.96 0.97 0.98 0.99 0.99 0.99 0.98 0.96 0.94 0.93 0.92 0.91 0.90 0.90 0.91 0.92 0.93 0.93 0.92 0.91 0.92 0.92
1.02 1.02 1.03 1.03 1.03 1.03 1.03 1.03 1.02 1.01 1.01 1.00 1.00 1.00 0.99 0.98 0.97 0.96 0.95 0.96 0.96 0.97 0.98 0.99 0.99 1.00 1.01 1.02 1.02 1.03 1.02 1.01 1.00 0.98 0.98 0.98 1.00 1.01 1.02 1.03 1.03 1.02 1.02 1.01 1.01 1.01 1.01 1.02 1.03 1.05 1.05 1.05 1.03 1.01 0.98 0.96 0.95 0.95 0.96 0.96 0.97 0.97 0.97 0.97 0.98 0.99 0.99 0.99 0.98 0.97 0.95 0.94 0.93 0.93 0.92 0.92 0.93 0.94 0.95 0.95 0.94 0.93 0.92 0.91
1.01 1.01 1.02 1.03 1.04 1.04 1.04 1.03 1.02 1.01 1.01 1.00 1.00 1.00 1.00 0.99 0.98 0.96 0.96 0.95 0.95 0.96 0.97 0.97 0.97 0.98 0.99 1.00 1.01 1.01 1.01 1.01 1.00 0.98 0.98 0.98 0.99 1.00 1.01 1.02 1.02 1.02 1.02 1.02 1.02 1.02 1.01 1.02 1.03 1.05 1.06 1.06 1.05 1.03 1.01 0.99 0.98 0.97 0.97 0.98 0.99 0.99 0.99 0.99 0.99 1.00 1.00 1.00 0.98 0.97 0.95 0.94 0.93 0.93 0.92 0.92 0.93 0.94 0.95 0.96 0.96 0.96 0.95 0.94
1.00 1.01 1.02 1.03 1.05 1.05 1.05 1.05 1.04 1.03 1.02 1.01 1.01 1.01 1.00 1.00 0.99 0.98 0.96 0.96 0.96 0.95 0.96 0.96 0.95 0.96 0.96 0.97 0.99 1.00 1.00 1.00 1.00 0.98 0.97 0.97 0.98 0.99 1.00 1.01 1.02 1.02 1.02 1.02 1.02 1.02 1.02 1.02 1.03 1.04 1.05 1.06 1.07 1.06 1.04 1.03 1.01 1.01 1.00 1.00 1.01 1.01 1.01 1.01 1.01 1.01 1.02 1.01 1.00 0.98 0.95 0.93 0.92 0.92 0.91 0.92 0.92 0.93 0.94 0.95 0.96 0.96 0.96 0.96
1.00 1.01 1.02 1.04 1.05 1.07 1.07 1.07 1.07 1.06 1.04 1.03 1.03 1.03 1.03 1.02 1.01 0.99 0.98 0.97 0.97 0.96 0.96 0.95 0.95 0.95 0.95 0.96 0.97 0.98 0.99 1.00 0.99 0.98 0.97 0.97 0.97 0.98 0.99 1.00 1.01 1.02 1.02 1.02 1.02 1.02 1.02 1.02 1.03 1.03 1.04 1.06 1.06 1.06 1.06 1.05 1.04 1.03 1.02 1.02 1.03 1.03 1.03 1.03 1.03 1.03 1.04 1.04 1.02 1.00 0.97 0.94 0.92 0.91 0.90 0.91 0.92 0.93 0.93 0.94 0.95 0.95 0.96 0.96
1.00 1.01 1.02 1.04 1.06 1.08 1.09 1.10 1.09 1.08 1.08 1.06 1.05 1.06 1.06 1.05 1.04 1.03 1.01 1.00 0.99 0.98 0.97 0.97 0.96 0.95 0.95 0.96 0.97 0.98 0.99 1.00 1.00 0.99 0.98 0.98 0.97 0.97 0.98 0.99 1.00 1.01 1.01 1.02 1.02 1.02 1.02 1.02 1.02 1.03 1.03 1.04 1.05 1.05 1.05 1.05 1.04 1.04 1.03 1.03 1.04 1.04 1.04 1.04 1.05 1.05 1.06 1.06 1.05 1.04 1.00 0.96 0.93 0.91 0.89 0.90 0.91 0.92 0.92 0.93 0.93 0.93 0.94 0.95
1.00 1.01 1.02 1.04 1.06 1.08 1.10 1.11 1.11 1.11 1.10 1.09 1.08 1.08 1.08 1.07 1.07 1.06 1.04 1.03 1.02 1.00 1.00 0.99 0.98 0.97 0.97 0.97 0.97 0.98 0.99 1.00 1.00 0.99 0.99 0.98 0.98 0.98 0.98 0.99 1.00 1.01 1.01 1.02 1.02 1.02 1.02 1.02 1.02 1.02 1.02 1.03 1.03 1.04 1.04 1.04 1.04 1.03 1.03 1.03 1.03 1.03 1.04 1.04 1.05 1.06 1.07 1.08 1.08 1.07 1.04 1.00 0.96 0.93 0.90 0.90 0.91 0.92 0.92 0.92 0.92 0.91 0.92 0.94
1.00 1.00 1.01 1.03 1.05 1.08 1.10 1.11 1.11 1.11 1.11 1.11 1.10 1.10 1.10 1.10 1.09 1.09 1.08 1.06 1.06 1.04 1.03 1.02 1.01 1.00 0.99 0.99 0.99 0.99 1.00 1.01 1.01 1.01 1.00 0.99 0.99 0.98 0.98 0.99 1.00 1.00 1.01 1.01 1.02 1.01 1.01 1.01 1.01 1.02 1.02 1.02 1.03 1.03 1.03 1.03 1.03 1.03 1.03 1.03 1.03 1.03 1.03 1.03 1.04 1.05 1.07 1.09 1.10 1.10 1.09 1.05 1.01 0.97 0.93 0.92 0.92 0.93 0.93 0.93 0.92 0.91 0.91 0.93
0.99 0.99 1.00 1.02 1.04 1.07 1.09 1.10 1.11 1.11 1.11 1.11 1.11 1.11 1.11 1.11 1.11 1.11 1.11 1.10 1.09 1.08 1.07 1.06 1.05 1.04 1.03 1.02 1.01 1.01 1.01 1.02 1.03 1.02 1.01 1.01 1.00 0.99 0.99 0.99 1.00 1.01 1.01 1.02 1.02 1.01 1.01 1.01 1.02 1.02 1.02 1.03 1.03 1.03 1.02 1.02 1.02 1.02 1.02 1.02 1.03 1.03 1.03 1.03 1.04 1.05 1.06 1.08 1.10 1.12 1.12 1.10 1.06 1.02 0.97 0.95 0.95 0.95 0.96 0.96 0.94 0.92 0.91 0.93
0.99 0.99 0.99 1.01 1.03 1.05 1.07 1.09 1.10 1.10 1.10 1.10 1.10 1.10 1.11 1.11 1.12 1.12 1.12 1.12 1.11 1.10 1.09 1.08 1.08 1.07 1.06 1.04 1.04 1.03 1.03 1.03 1.04 1.04 1.03 1.02 1.01 1.00 1.00 1.00 1.01 1.01 1.02 1.02 1.02 1.01 1.01 1.01 1.01 1.02 1.02 1.03 1.03 1.03 1.03 1.02 1.02 1.02 1.02 1.02 1.02 1.03 1.03 1.03 1.03 1.04 1.05 1.07 1.10 1.11 1.13 1.12 1.10 1.06 1.03 1.00 0.99 0.99 1.00 1.00 0.98 0.96 0.94 0.95
0.98 0.98 0.98 0.99 1.00 1.02 1.04 1.06 1.07 1.08 1.08 1.08 1.08 1.09 1.09 1.09 1.10 1.11 1.12 1.12 1.12 1.11 1.10 1.10 1.09 1.08 1.07 1.06 1.05 1.04 1.04 1.04 1.05 1.05 1.04 1.04 1.03 1.02 1.01 1.01 1.01 1.02 1.03 1.03 1.03 1.02 1.01 1.01 1.01 1.02 1.02 1.03 1.04 1.04 1.04 1.03 1.03 1.02 1.02 1.03 1.03 1.03 1.03 1.03 1.03 1.04 1.05 1.06 1.08 1.10 1.12 1.13 1.12 1.10 1.07 1.05 1.03 1.03 1.04 1.04 1.03 1.01 0.99 0.98
0.98 0.97 0.97 0.97 0.98 1.00 1.02 1.04 1.05 1.06 1.06 1.06 1.06 1.06 1.07 1.07 1.08 1.09 1.10 1.10 1.11 1.11 1.10 1.10 1.09 1.09 1.08 1.07 1.06 1.05 1.04 1.04 1.04 1.05 1.05 1.05 1.04 1.03 1.02 1.02 1.02 1.03 1.03 1.04 1.04 1.03 1.02 1.01 1.01 1.01 1.03 1.04 1.05 1.05 1.05 1.05 1.04 1.03 1.03 1.03 1.03 1.03 1.03 1.03 1.03 1.03 1.04 1.05 1.07 1.09 1.11 1.13 1.13 1.11 1.09 1.07 1.06 1.07 1.07 1.08 1.08 1.06 1.03 1.02
0.98 0.97 0.96 0.96 0.97 0.98 1.00 1.01 1.03 1.03 1.03 1.03 1.03 1.04 1.04 1.04 1.05 1.06 1.07 1.08 1.09 1.09 1.09 1.08 1.08 1.08 1.08 1.07 1.06 1.05 1.03 1.03 1.04 1.04 1.05 1.05 1.04 1.04 1.03 1.03 1.03 1.04 1.05 1.05 1.05 1.04 1.03 1.02 1.01 1.01 1.02 1.03 1.04 1.05 1.05 1.05 1.05 1.04 1.03 1.03 1.03 1.03 1.03 1.03 1.03 1.03 1.03 1.04 1.06 1.08 1.10 1.12 1.13 1.12 1.10 1.09 1.08 1.08 1.09 1.10 1.10 1.08 1.06 1.05
0.98 0.97 0.96 0.95 0.95 0.96 0.97 0.98 1.00 1.01 1.01 1.01 1.01 1.02 1.02 1.02 1.02 1.03 1.03 1.04 1.05 1.06 1.06 1.06 1.07 1.07 1.07 1.07 1.06 1.04 1.03 1.02 1.02 1.03 1.03 1.04 1.04 1.04 1.03 1.03 1.04 1.04 1.05 1.06 1.07 1.06 1.04 1.03 1.02 1.01 1.02 1.02 1.03 1.04 1.05 1.05 1.05 1.04 1.03 1.03 1.03 1.03 1.03 1.03 1.03 1.03 1.02 1.03 1.04 1.06 1.08 1.10 1.11 1.11 1.10 1.09 1.08 1.08 1.08 1.09 1.09 1.08 1.07 1.05
0.98 0.97 0.96 0.95 0.95 0.95 0.96 0.96 0.98 0.99 0.99 0.99 1.00 1.00 1.00 1.00 1.00 1.01 1.01 1.01 1.02 1.03 1.03 1.04 1.04 1.05 1.06 1.06 1.05 1.04 1.03 1.02 1.01 1.01 1.02 1.03 1.03 1.03 1.03 1.03 1.03 1.04 1.05 1.06 1.07 1.07 1.05 1.04 1.02 1.02 1.02 1.02 1.03 1.03 1.04 1.04 1.04 1.04 1.03 1.03 1.03 1.03 1.02 1.03 1.03 1.02 1.02 1.02 1.02 1.04 1.06 1.08 1.09 1.09 1.08 1.07 1.06 1.06 1.06 1.06 1.07 1.06 1.05 1.04
0.98 0.97 0.96 0.95 0.95 0.95 0.95 0.96 0.97 0.97 0.98 0.98 0.98 0.98 0.99 0.99 0.99 0.99 1.00 1.00 1.00 1.00 1.00 1.01 1.02 1.03 1.04 1.05 1.05 1.04 1.03 1.02 1.01 1.00 1.01 1.01 1.02 1.02 1.02 1.02 1.02 1.03 1.04 1.05 1.06 1.06 1.05 1.04 1.02 1.02 1.01 1.01 1.02 1.02 1.03 1.03 1.03 1.03 1.03 1.03 1.02 1.02 1.02 1.02 1.02 1.02 1.01 1.01 1.01 1.02 1.03 1.05 1.06 1.06 1.06 1.05 1.04 1.04 1.04 1.04 1.05 1.05 1.04 1.03
0.98 0.97 0.96 0.96 0.96 0.96 0.96 0.96 0.96 0.97 0.98 0.98 0.98 0.98 0.98 0.97 0.98 0.98 0.99 0.99 0.99 0.99 0.99 0.99 1.00 1.01 1.02 1.04 1.04 1.04 1.03 1.02 1.01 1.00 1.00 1.00 1.01 1.01 1.01 1.01 1.01 1.01 1.02 1.03 1.04 1.04 1.03 1.02 1.02 1.01 1.01 1.01 1.01 1.01 1.02 1.02 1.02 1.03 1.02 1.02 1.02 1.02 1.02 1.02 1.02 1.02 1.01 1.01 1.00 1.01 1.01 1.03 1.04 1.04 1.04 1.03 1.02 1.02 1.02 1.02 1.03 1.03 1.03 1.02
0.98 0.98 0.97 0.97 0.96 0.96 0.96 0.96 0.97 0.97 0.98 0.98 0.98 0.98 0.98 0.97 0.97 0.98 0.98 0.98 0.99 0.98 0.98 0.98 0.98 0.99 1.00 1.02 1.03 1.03 1.03 1.02 1.01 1.00 1.00 1.00 1.00 1.00 1.00 1.00 1.00 1.00 1.01 1.02 1.02 1.02 1.01 1.00 1.00 1.00 1.00 1.00 1.00 1.01 1.01 1.01 1.01 1.02 1.02 1.02 1.01 1.01 1.01 1.01 1.02 1.01 1.01 1.00 1.00 1.00 1.00 1.01 1.02 1.03 1.02 1.02 1.01 1.01 1.01 1.01 1.02 1.02 1.02 1.02
0.99 0.98 0.98 0.97 0.97 0.97 0.97 0.97 0.97 0.98 0.98 0.98 0.98 0.98 0.98 0.98 0.98 0.98 0.98 0.98 0.99 0.98 0.98 0.97 0.97 0.98 0.99 1.01 1.02 1.03 1.03 1.02 1.02 1.01 1.00 1.00 1.00 1.00 1.00 1.00 1.00 1.00 1.00 1.01 1.00 1.00 0.99 0.98 0.98 0.99 0.99 0.99 1.00 1.00 1.00 1.00 1.01 1.01 1.01 1.01 1.01 1.01 1.01 1.01 1.01 1.01 1.00 1.00 1.00 1.00 1.00 1.01 1.01 1.02 1.01 1.01 1.00 1.00 1.00 1.00 1.01 1.01 1.02 1.01
0.99 0.99 0.98 0.98 0.98 0.97 0.97 0.98 0.98 0.98 0.99 0.99 0.99 0.99 0.99 0.98 0.98 0.98 0.98 0.99 0.99 0.99 0.98 0.98 0.97 0.97 0.98 0.99 1.01 1.02 1.02 1.02 1.01 1.01 1.00 1.00 1.00 1.00 1.00 1.00 1.00 1.00 1.00 1.00 1.00 0.99 0.98 0.97 0.96 0.97 0.98 0.98 0.99 0.99 0.99 1.00 1.00 1.00 1.00 1.00 1.00 1.00 1.00 1.00 1.00 1.00 1.00 1.00 0.99 0.99 1.00 1.00 1.01 1.01 1.01 1.01 1.00 0.99 0.99 0.99 0.99 1.00 1.01 1.01
