data/NorthBerwickLaw_270_1_25m_ang_mm.asc
ncols	257
nrows	257
xllcorner	3529825.000000
yllcorner	3727275.000000
cellsize	25.000000
NODATA_value	-9999.000000
[rows 84 to 125 of 257, columns 94 to 187 of 257]
270 270 270 270 270 270 270 270 270 270 270 271 271 271 271 271 271 271 272 272 272 272 272 272 272 272 272 272 272 272 272 272 272 272 272 272 272 272 272 272 272 273 273 273 273 273 272 272 272 272 272 272 272 271 271 271 271 271 271 271 271 271 271 270 270 270 270 270 270 270 270 270 270 269 269 269 269 269 269 269 269 269 268 268 268 267 267 267 267 267 268 268 268 269
270 270 270 270 270 270 270 270 270 270 270 270 270 271 271 271 271 271 271 272 272 272 272 272 272 272 272 272 272 272 272 272 272 272 272 272 272 272 272 272 272 272 272 272 272 273 273 272 272 272 272 272 272 272 271 271 271 271 271 271 271 271 271 271 270 270 270 270 270 270 270 270 270 269 269 269 269 269 269 269 269 268 268 268 268 267 267 267 267 267 267 267 268 269
270 270 270 270 270 270 270 270 270 270 270 270 270 270 270 271 271 271 271 271 272 272 272 272 272 272 272 272 272 272 272 272 272 272 272 272 272 272 272 272 272 272 272 272 272 273 273 272 272 272 272 272 272 272 272 271 271 271 271 271 271 271 271 271 271 270 270 270 270 270 270 270 270 270 269 269 269 269 269 269 269 268 268 268 267 267 266 266 266 266 266 267 267 268
270 270 270 270 270 270 270 270 269 269 269 270 270 270 270 270 271 271 271 271 271 272 272 272 272 272 272 272 272 272 272 272 272 272 272 271 272 272 272 272 272 272 272 272 272 272 272 272 272 272 272 272 272 272 272 272 272 271 271 271 271 271 271 271 271 271 270 270 270 270 270 270 270 270 269 269 269 269 269 269 269 268 268 268 267 267 266 266 266 266 267 267 267 268
270 270 270 270 270 270 270 269 269 269 269 269 270 270 270 270 271 271 271 271 271 271 271 272 272 272 272 272 272 272 272 272 272 271 271 271 271 271 272 272 272 272 272 272 272 272 272 272 272 272 272 272 272 272 272 272 272 272 272 272 272 271 271 271 271 271 271 270 270 270 270 270 270 270 269 269 269 269 269 269 268 268 268 268 267 267 267 267 267 267 267 267 268 268
270 270 270 270 270 270 270 269 269 269 269 269 270 270 270 270 271 271 271 271 271 271 271 271 271 271 271 272 272 272 272 272 272 271 271 271 271 272 272 272 272 272 272 272 272 271 271 271 271 271 271 271 271 271 271 272 272 272 272 272 272 272 272 271 271 271 271 270 270 270 270 270 270 270 269 269 269 269 269 269 268 268 268 268 268 268 268 268 268 268 268 268 269 269
270 270 270 270 270 270 270 270 269 269 269 269 270 270 270 270 270 271 271 271 271 271 271 271 271 271 271 271 271 272 272 272 272 271 271 271 271 271 272 272 272 272 272 271 271 271 271 271 271 271 271 271 271 271 271 272 272 272 272 272 272 272 272 272 271 271 271 271 270 270 270 270 270 270 269 269 269 269 269 269 268 268 268 268 268 268 269 269 269 269 269 269 269 269
270 270 270 270 270 270 270 270 270 269 269 270 270 270 270 270 270 271 271 271 271 271 271 271 271 271 271 271 271 271 272 271 271 271 271 271 271 271 271 272 272 271 271 271 271 271 271 271 271 271 271 271 271 271 271 272 272 272 272 272 272 272 272 272 271 271 271 271 270 270 270 270 270 270 269 269 269 269 269 269 268 268 268 268 268 269 269 269 269 270 270 270 270 269
269 269 270 270 270 270 270 270 270 270 270 270 270 270 270 270 270 271 271 271 271 271 271 271 271 271 271 271 271 271 271 271 271 271 271 271 271 271 271 271 271 271 271 271 271 271 270 270 270 270 270 271 271 271 271 271 272 272 272 272 272 272 272 272 272 271 271 271 271 270 270 270 270 270 269 269 269 269 269 268 268 268 268 268 268 269 270 270 270 270 270 270 270 270
269 269 269 270 270 270 270 270 270 270 270 271 271 271 271 271 271 270 270 270 271 271 271 271 271 271 271 271 271 271 271 271 271 271 271 271 271 271 271 271 271 271 270 270 270 270 270 270 270 270 270 271 271 271 271 271 272 272 272 272 272 272 272 272 272 271 271 271 271 271 270 270 270 270 269 269 269 269 268 268 268 268 268 268 269 269 270 270 270 270 271 270 270 270
269 269 269 269 270 270 270 270 270 271 271 271 271 271 271 271 271 270 270 270 270 271 271 271 271 271 271 271 271 271 271 271 271 271 271 271 271 270 270 270 270 270 270 270 270 270 270 270 270 270 270 270 271 271 271 271 271 272 272 272 272 272 272 272 272 271 271 271 271 271 270 270 270 270 269 269 269 269 268 268 268 268 268 269 269 270 270 270 271 271 271 271 271 270
269 269 269 269 270 270 270 270 270 271 271 271 271 271 271 271 271 270 270 270 270 271 271 271 271 271 271 271 271 271 271 271 271 271 271 271 271 270 270 270 270 270 270 270 270 270 270 270 270 270 270 270 271 271 271 271 271 271 272 272 272 272 272 272 272 271 271 271 271 271 270 270 270 270 269 269 269 269 268 268 268 269 269 269 269 270 271 271 271 271 271 271 271 271
269 269 269 269 270 270 270 270 270 271 271 271 271 271 271 271 270 270 270 270 270 271 271 271 271 271 271 271 271 271 270 270 270 271 271 270 270 270 270 270 270 269 269 269 270 270 270 270 270 270 270 270 271 271 271 271 271 271 271 271 271 272 272 272 272 271 271 271 271 270 270 270 270 269 269 269 269 269 269 269 269 269 270 270 270 271 271 271 271 271 271 271 271 271
269 269 269 269 270 270 270 270 270 271 271 271 271 271 271 271 270 270 270 270 270 271 271 271 271 271 271 271 271 271 270 270 270 270 270 270 270 270 270 270 269 269 269 269 269 270 270 270 270 270 271 271 271 270 270 270 271 271 271 271 271 271 271 271 271 271 271 271 271 270 270 270 270 269 269 269 269 269 269 269 269 270 270 271 271 271 271 271 272 272 272 271 271 271
269 269 269 269 270 270 270 270 270 270 270 270 271 271 271 270 270 270 270 270 270 271 271 271 271 271 271 271 271 270 270 270 270 270 270 270 270 270 270 269 269 269 269 269 269 270 270 270 270 270 271 271 271 270 270 270 270 270 270 270 271 271 271 271 271 271 271 271 270 270 270 270 269 269 269 269 269 269 269 269 270 271 271 271 271 272 272 272 272 272 272 272 271 271
269 269 269 269 269 270 270 270 270 270 270 270 270 270 270 270 270 270 270 270 271 271 271 271 271 271 271 271 271 270 270 270 270 270 270 270 270 270 270 269 269 269 269 269 269 270 270 270 270 270 270 270 270 270 270 270 270 270 270 270 270 271 271 271 271 271 271 270 270 270 270 270 270 269 269 269 269 269 270 270 270 271 271 272 272 272 272 272 272 272 272 272 271 271
269 269 269 269 269 269 269 269 270 270 270 270 270 270 270 270 270 270 270 270 270 271 271 271 271 271 271 271 270 270 270 270 270 270 270 270 270 270 270 269 269 269 269 269 269 270 270 270 270 270 270 270 270 270 270 270 270 269 269 270 270 270 270 270 270 270 270 270 270 270 270 270 270 270 270 270 270 270 270 271 271 272 272 272 272 272 272 272 272 272 272 272 271 271
269 269 269 269 269 269 269 269 269 269 269 270 270 270 270 270 270 270 270 270 270 270 270 270 270 270 270 270 270 270 270 270 270 270 270 270 270 270 270 270 269 269 269 270 270 270 270 270 270 270 270 270 270 270 270 270 269 269 269 269 269 269 270 270 270 270 270 270 270 270 270 270 270 270 270 271 271 271 271 272 272 272 272 272 272 272 272 272 272 272 272 272 271 271
269 269 269 269 269 268 268 268 269 269 269 269 269 270 270 270 270 270 270 270 270 270 270 270 270 270 270 270 270 270 270 270 270 270 270 270 270 270 270 270 270 270 270 270 270 270 270 270 270 270 270 270 270 270 270 269 269 269 269 269 269 269 269 269 269 269 270 270 270 270 270 271 271 271 271 271 271 272 272 272 272 272 272 272 272 272 272 272 272 272 272 272 271 271
269 269 269 269 268 268 268 268 268 269 269 269 269 269 269 270 270 270 270 270 270 270 270 270 270 270 270 270 270 270 270 270 270 270 270 270 270 270 270 270 270 270 270 270 270 270 270 270 270 270 270 270 270 270 269 269 269 269 268 268 268 269 269 269 269 269 269 270 270 270 271 271 271 271 271 272 272 272 272 272 273 272 272 272 272 272 272 272 272 272 272 271 271 271
269 269 269 269 268 268 268 268 268 269 269 269 269 269 269 269 269 270 270 270 270 270 270 270 270 270 270 270 270 269 269 269 270 270 270 270 270 270 270 270 270 270 270 270 270 270 270 270 270 270 270 270 270 270 270 269 269 269 268 268 268 269 269 269 269 269 270 270 270 270 271 271 271 272 272 272 272 272 273 273 273 272 272 272 272 272 272 272 272 272 272 271 271 271
269 269 269 269 269 269 269 269 269 269 269 269 269 269 269 269 269 269 269 269 269 269 269 269 269 269 269 269 269 269 269 269 269 270 270 270 270 270 270 270 270 270 270 270 270 270 270 270 270 270 270 270 270 270 270 270 269 269 269 269 269 269 269 269 269 270 270 270 270 271 271 271 271 272 272 272 272 272 272 272 272 272 272 272 272 272 272 272 272 271 271 271 271 271
269 269 269 269 269 269 269 269 269 269 269 269 269 268 268 268 269 269 269 269 269 269 269 269 269 269 269 269 269 269 269 269 269 269 270 270 270 270 270 270 270 270 270 270 270 270 270 270 270 270 270 270 270 270 270 270 270 269 269 269 269 269 269 269 269 270 270 270 270 271 271 271 271 272 272 272 272 272 272 272 272 272 272 272 272 272 272 271 271 271 271 271 271 271
269 269 269 269 269 269 269 269 269 269 269 269 269 268 268 268 268 269 269 269 269 269 269 269 269 269 269 269 269 269 269 269 269 269 270 270 270 270 270 270 270 270 270 270 270 270 270 270 270 270 270 270 270 270 270 270 270 269 269 269 269 269 269 269 269 270 270 270 271 271 271 271 271 272 272 272 272 272 272 272 272 272 272 272 272 272 271 271 271 271 271 271 271 271
270 269 269 269 269 269 269 269 269 269 269 269 269 268 268 268 268 269 269 269 269 269 269 269 269 269 268 268 268 268 269 269 269 269 269 270 270 270 270 270 270 270 270 270 270 270 270 270 270 270 270 270 270 270 270 270 270 270 270 269 269 269 269 269 270 270 270 271 271 271 271 271 271 272 272 272 272 272 272 272 272 272 272 272 272 272 272 271 271 271 271 271 271 271
270 270 269 269 269 269 269 269 269 269 269 269 269 269 269 269 269 269 269 269 269 269 269 269 268 268 268 268 268 269 269 269 269 269 269 269 269 269 269 269 270 270 270 270 270 270 270 270 270 270 270 270 270 270 270 270 270 270 270 270 270 270 270 270 270 270 270 271 271 271 271 271 271 271 272 272 272 272 272 272 272 272 272 272 272 272 272 272 271 271 271 271 271 271
270 270 270 270 269 269 269 269 269 269 269 269 269 269 269 269 269 269 269 269 269 268 268 268 268 268 268 268 268 269 269 269 269 269 269 269 269 269 269 269 269 270 270 270 270 270 270 270 270 270 270 270 270 270 270 270 270 270 270 270 270 270 270 270 270 270 271 271 271 271 271 271 271 271 271 271 272 272 272 272 272 272 272 272 272 272 272 272 271 271 271 271 271 271
270 270 270 270 270 270 269 269 269 269 269 269 269 269 269 269 269 269 269 268 268 268 268 268 268 268 268 268 268 268 269 269 269 269 269 269 269 269 269 269 270 270 270 270 270 270 270 270 270 270 270 270 270 270 270 270 270 270 270 270 270 270 270 270 270 270 271 271 271 271 271 271 271 271 271 271 271 271 272 272 272 272 272 272 272 272 272 272 272 271 271 271 271 271
270 270 270 270 270 270 269 269 269 269 269 269 269 269 269 269 269 269 269 268 268 268 268 268 268 267 267 267 268 268 268 268 268 268 269 269 269 269 269 269 270 270 270 270 270 270 270 270 270 270 270 270 270 270 270 270 270 271 271 271 271 270 270 270 271 271 271 271 271 271 271 271 271 271 271 271 271 271 271 271 272 272 272 272 272 272 272 272 272 271 271 271 271 271
270 270 270 270 270 269 269 269 269 269 269 269 269 269 269 269 269 269 269 268 268 268 268 267 267 267 267 267 267 267 267 268 268 268 268 268 269 269 269 270 270 270 270 271 271 271 271 271 271 271 271 271 271 271 271 271 271 271 271 271 271 271 271 271 271 271 271 271 271 271 271 271 271 271 271 271 271 271 271 271 272 272 272 272 272 272 272 272 272 271 271 271 271 271
270 270 270 270 269 269 269 269 269 269 269 269 269 269 269 269 269 269 269 268 268 268 267 267 267 266 266 266 266 267 267 267 267 268 268 268 269 269 270 270 270 271 271 271 271 271 271 271 271 271 271 271 271 271 271 271 271 271 271 271 271 271 271 271 271 271 271 271 271 271 271 271 271 271 271 271 271 271 271 271 272 272 272 272 272 272 272 272 272 271 271 271 271 271
270 270 270 269 269 269 269 269 269 269 269 269 269 269 269 269 269 269 268 268 268 267 267 266 266 266 266 265 266 266 266 266 267 267 268 268 269 270 270 271 271 271 271 271 271 271 271 271 271 271 271 271 271 271 271 271 271 271 271 271 271 271 271 271 271 271 271 271 271 271 271 271 271 271 271 271 271 271 271 271 271 272 272 272 272 272 272 272 272 272 271 271 271 271
270 270 269 269 269 269 269 269 269 269 269 269 269 269 269 269 269 269 268 268 267 267 266 266 265 265 264 264 265 265 265 266 266 267 268 269 269 270 271 271 272 272 272 272 272 272 272 272 272 272 271 271 271 271 271 271 271 271 271 271 271 271 271 271 271 271 270 271 271 271 271 271 271 271 271 271 271 271 271 271 271 271 272 272 272 272 272 272 272 272 272 272 271 271
270 270 269 269 269 269 269 269 269 269 269 269 269 269 269 269 269 268 268 267 267 266 265 265 264 263 263 263 263 264 264 265 266 267 268 269 269 270 271 272 272 273 273 273 273 273 273 273 272 272 272 272 272 271 271 271 271 271 271 271 271 271 271 271 271 270 270 271 271 271 271 271 271 271 271 271 271 271 271 271 271 271 271 271 272 272 272 272 272 272 272 272 272 272
270 269 269 269 269 269 269 269 269 269 269 269 269 269 269 269 268 268 267 267 266 265 264 263 263 262 262 262 262 262 263 264 265 267 268 269 270 271 272 273 273 274 274 274 274 274 274 273 273 273 273 272 272 272 271 271 271 271 271 271 271 271 271 271 270 270 270 271 271 271 271 271 271 271 271 271 271 271 271 271 271 271 271 271 272 272 272 272 272 272 272 272 272 272
270 269 269 269 269 269 269 269 269 269 269 269 269 269 269 268 268 268 267 266 265 264 263 262 261 260 260 260 260 261 262 263 264 266 267 269 270 271 272 273 274 275 275 275 275 275 275 274 274 274 273 273 273 272 272 272 271 271 271 271 271 271 271 271 271 271 271 271 271 271 271 271 271 271 271 271 271 271 271 271 271 271 271 271 272 272 272 272 272 272 272 272 272 272
270 269 269 269 269 269 269 269 269 269 269 269 269 269 269 268 268 267 266 265 264 263 261 260 259 258 259 259 260 260 262 263 264 267 268 269 270 272 273 274 275 276 277 277 277 277 276 276 275 275 274 274 273 273 272 272 272 271 271 271 271 271 271 271 271 271 271 271 271 271 271 271 271 271 271 271 271 271 271 271 271 271 271 271 272 272 272 272 272 272 272 272 272 272
269 269 269 269 269 269 269 269 269 269 269 269 269 269 268 268 267 267 266 265 263 261 260 259 257 256 256 257 257 258 260 261 263 266 267 269 270 271 273 275 276 277 278 279 279 279 278 277 276 276 275 274 274 273 273 272 272 272 272 271 271 271 271 271 271 271 271 271 271 271 271 272 272 271 271 271 271 271 271 271 271 272 272 272 272 272 272 272 272 272 272 272 272 272
269 269 269 269 269 269 269 269 269 269 269 269 268 269 268 268 267 266 265 264 262 259 258 257 255 253 253 257 257 258 260 261 263 266 267 269 270 271 273 275 278 280 281 282 282 281 280 279 278 277 276 275 275 274 273 273 272 272 272 272 271 271 271 271 271 271 271 271 271 272 272 272 272 272 272 272 272 272 272 272 272 272 272 272 272 272 272 272 272 272 272 272 272 272
269 269 269 269 269 269 269 269 269 269 269 268 268 268 268 268 267 266 264 263 261 258 256 255 253 251 252 254 255 256 257 259 260 264 266 268 269 272 274 276 279 282 284 284 285 285 283 282 280 279 278 277 276 275 275 274 274 273 273 273 272 272 272 272 272 272 272 272 272 272 272 272 272 272 272 272 272 272 272 272 272 272 272 272 272 272 272 272 272 272 272 272 272 272
269 269 269 269 269 269 269 269 269 269 269 268 268 268 268 267 266 265 264 262 260 257 256 255 253 251 252 253 254 255 257 258 260 264 265 265 266 270 272 275 282 287 289 289 290 289 287 285 283 281 280 279 278 277 276 276 275 275 274 274 273 273 273 273 273 273 273 273 273 273 273 273 273 273 273 273 273 273 273 273 273 273 273 273 273 272 272 272 272 272 273 273 273 273
269 269 269 269 269 269 269 269 269 269 269 268 268 268 268 267 266 264 263 261 259 256 255 254 253 252 253 254 255 257 258 259 261 264 264 263 263 264 266 274 286 296 297 296 297 296 292 289 287 284 282 281 280 279 278 277 277 276 276 275 275 274 274 274 274 274 274 274 273 273 273 273 273 273 273 273 273 273 273 273 273 273 273 273 273 273 273 273 273 273 273 273 273 273
