data/NorthBerwickLaw_135_1_25m_ang.asc
ncols	257
nrows	257
xllcorner	3503625.000000
yllcorner	3730350.000000
cellsize	25.000000
NODATA_value	-1.000000
[rows 126 to 167 of 257, columns 94 to 187 of 257]
136 136 136 136 136 136 136 135 135 135 135 135 135 135 135 135 136 137 139 140 142 144 145 146 145 145 143 140 138 137 135 134 133 131 129 131 135 138 141 144 143 142 142 143 143 143 143 142 140 139 139 139 138 138 138 138 138 138 138 138 137 138 138 138 137 138 137 137 137 137 137 138 138 137 137 137 136 136 136 136 136 136 136 136 136 136 136 136 136 136 136 136 136 136
136 137 137 136 136 136 136 136 136 136 136 135 135 135 135 135 136 138 139 142 144 146 148 149 148 148 146 144 143 142 140 139 138 136 135 137 140 143 146 148 149 148 148 148 147 147 146 145 143 142 142 141 141 141 141 141 140 140 140 139 139 139 139 139 138 138 138 138 138 138 138 138 138 138 137 137 137 136 136 136 136 136 136 136 136 136 136 136 136 136 136 136 136 136
137 137 137 137 136 136 136 136 136 136 136 135 135 135 135 136 137 138 141 143 146 149 150 151 150 149 148 146 144 144 142 141 140 139 137 139 142 146 150 152 153 153 152 151 150 149 148 147 146 144 144 143 142 142 142 142 142 141 141 141 140 140 140 139 139 139 138 138 138 138 138 138 138 138 138 137 137 137 136 136 136 136 136 136 136 136 136 136 136 136 136 136 136 136
137 137 137 137 136 136 136 136 136 136 136 136 135 135 135 136 137 139 142 145 148 150 151 151 150 149 147 146 144 143 142 141 140 138 137 138 141 146 151 154 155 155 154 153 152 150 149 148 147 145 144 144 143 142 142 142 142 141 141 141 141 140 140 140 139 139 138 138 138 138 138 138 138 138 138 137 137 137 137 136 136 136 136 136 137 137 137 136 136 136 136 136 136 135
136 137 137 136 136 136 136 136 136 136 136 135 135 135 135 136 138 140 143 146 149 151 151 151 150 148 146 145 143 142 141 139 138 136 135 136 139 143 148 153 154 154 154 152 150 149 148 147 146 145 144 143 142 141 141 141 141 141 141 140 140 140 140 139 139 139 138 138 138 138 138 138 138 138 138 137 137 137 137 136 136 136 136 136 136 136 136 136 136 136 136 135 135 135
136 136 136 136 136 136 136 135 135 135 135 135 135 135 136 137 138 140 143 146 149 151 151 150 148 146 144 143 141 139 138 137 136 134 133 134 136 139 144 148 150 151 151 150 148 146 145 144 143 142 141 141 140 140 139 139 139 139 139 139 139 139 139 138 138 138 138 137 137 137 137 137 137 137 137 137 137 137 136 136 136 136 136 136 136 136 136 136 135 135 135 135 135 134
135 136 136 135 135 135 135 135 135 135 135 135 135 135 136 137 138 140 143 146 149 150 150 149 147 144 142 140 139 137 136 135 134 132 131 131 133 136 140 144 146 147 147 146 145 143 142 141 141 140 139 138 138 138 137 137 137 137 138 138 137 137 137 137 136 136 136 136 136 136 136 136 136 136 136 136 136 136 136 135 135 135 135 135 135 135 135 135 135 135 134 134 134 134
135 135 135 135 135 135 135 135 135 135 135 135 135 135 136 137 138 140 143 146 148 149 148 147 144 142 140 138 137 135 134 132 131 130 128 129 130 133 136 140 143 143 144 143 142 140 140 139 138 138 137 137 136 136 136 136 136 136 136 136 136 136 136 135 135 135 135 135 135 135 135 135 135 136 136 135 135 135 135 135 135 134 135 135 135 135 135 134 134 134 134 134 134 134
135 135 135 135 135 135 135 134 134 134 134 134 135 135 135 136 138 139 142 144 146 146 146 144 142 140 138 136 135 133 132 130 129 127 126 126 128 130 133 136 139 140 140 140 139 138 138 137 137 136 136 136 135 135 135 135 135 135 135 135 135 135 135 134 134 134 134 134 135 135 135 135 135 135 135 135 135 135 134 134 134 134 134 134 134 134 134 134 134 134 134 134 134 133
135 135 135 135 134 134 134 134 134 134 134 134 135 135 135 136 137 138 140 142 144 144 143 142 139 137 136 134 133 131 130 128 127 126 125 125 126 128 130 133 136 137 138 138 137 137 136 136 136 135 135 135 134 134 134 134 134 135 135 135 134 134 134 134 134 134 134 134 134 134 134 134 134 135 135 135 135 134 134 134 134 134 134 134 134 134 134 134 134 134 134 134 134 134
135 135 135 134 134 134 134 134 134 134 134 134 135 135 135 136 136 138 139 141 141 141 141 139 137 135 134 132 131 129 128 126 125 124 124 124 125 127 129 131 134 135 136 136 136 135 135 135 135 135 135 134 134 134 134 134 134 134 134 134 134 134 134 134 134 134 134 134 134 134 134 134 134 135 135 135 135 135 135 134 134 134 134 135 135 135 135 135 135 135 135 135 135 134
134 135 134 134 134 134 134 134 134 134 134 134 135 135 135 135 136 137 138 139 139 139 138 137 135 133 132 130 129 127 126 125 124 123 122 123 124 126 128 130 132 133 134 134 134 134 134 134 134 134 134 134 133 133 133 133 134 134 134 134 134 134 134 134 134 134 134 134 134 134 135 135 135 135 135 135 135 135 135 135 135 135 135 135 135 135 135 135 135 135 135 135 135 135
135 134 134 134 134 134 134 134 134 134 135 135 135 135 135 135 135 136 136 137 137 137 136 134 133 131 130 128 127 126 124 123 123 122 122 123 123 125 127 129 130 132 132 133 133 133 133 133 133 133 133 133 133 133 133 133 133 134 134 134 134 134 134 134 134 134 134 134 134 135 135 135 135 135 135 136 136 136 136 136 135 135 136 136 136 136 136 136 136 136 136 136 136 136
135 135 134 134 134 134 134 134 135 135 135 135 135 135 134 134 135 135 135 136 136 135 134 133 132 130 129 127 126 124 123 122 122 122 122 122 123 125 127 128 129 130 131 132 132 132 132 132 133 133 133 133 133 133 133 133 133 133 134 134 134 134 134 134 134 134 134 134 135 135 135 135 135 135 136 136 136 136 136 136 136 136 136 136 136 136 136 136 136 136 136 136 136 136
135 135 135 134 134 134 134 135 135 135 135 135 135 134 134 134 134 135 135 135 135 134 133 132 131 129 128 126 125 124 123 122 122 121 122 122 123 125 126 128 129 130 130 131 131 131 132 132 132 132 132 132 133 133 133 133 133 133 134 134 134 134 134 134 134 134 134 134 135 135 135 135 135 135 135 136 136 136 136 136 136 136 136 136 136 136 136 136 136 136 136 136 136 136
135 135 135 135 134 134 134 135 135 135 135 135 135 134 134 134 134 134 134 135 134 134 133 132 131 129 128 126 125 124 123 123 122 122 122 123 124 126 127 128 129 130 130 131 131 131 131 131 132 132 132 132 132 133 133 133 133 134 134 134 134 134 134 134 134 134 134 134 135 135 135 135 135 135 135 135 135 135 135 135 136 136 136 136 136 136 136 136 136 136 136 136 136 136
135 135 135 135 135 135 135 135 135 135 135 135 135 135 134 134 134 134 134 135 134 134 133 132 131 130 128 127 126 125 124 124 123 123 124 125 126 127 128 129 130 131 131 131 131 132 132 132 132 132 132 133 133 133 133 134 134 134 134 134 134 134 134 134 134 134 134 134 134 134 135 135 135 135 135 135 135 135 135 135 135 135 135 136 136 136 136 136 136 136 136 136 136 136
135 135 135 135 135 135 135 135 135 135 135 135 135 135 135 134 135 135 135 135 135 134 134 133 132 131 130 129 128 127 126 126 126 126 126 127 128 129 130 131 131 132 132 132 132 132 133 133 133 133 133 133 133 134 134 134 134 134 134 135 135 135 135 135 135 134 134 134 134 134 134 135 135 135 135 135 135 135 135 135 135 135 135 135 135 135 135 135 136 136 136 136 136 136
135 135 135 135 135 135 135 135 135 135 135 135 135 135 135 135 135 135 135 135 135 135 134 134 133 132 131 131 130 129 129 128 128 128 129 129 130 131 132 132 133 133 133 133 134 134 134 134 134 134 134 134 134 134 134 135 135 135 135 135 135 135 135 135 135 135 135 134 134 134 134 135 134 134 135 134 134 134 134 134 135 135 135 135 135 135 135 135 135 135 136 136 136 136
135 135 135 135 135 135 135 135 135 136 136 136 135 135 135 135 135 135 135 135 135 135 135 135 134 134 133 133 132 131 131 131 131 131 131 132 132 133 133 134 134 134 135 135 135 135 135 135 135 135 135 135 135 135 135 135 135 135 135 135 135 135 135 135 135 135 135 135 134 134 134 135 134 134 134 134 134 134 134 134 134 134 135 135 135 135 135 135 135 135 135 135 135 135
135 135 135 135 135 135 135 136 136 136 136 136 136 136 135 135 135 135 135 136 136 136 136 135 135 135 135 134 134 133 133 133 133 133 133 134 134 134 134 135 135 135 135 135 135 135 135 135 135 135 135 136 136 136 136 136 135 135 135 135 135 135 135 135 135 135 135 134 134 134 134 134 134 134 134 134 134 134 134 134 134 134 134 135 135 135 135 135 135 135 135 135 135 135
136 135 135 135 135 135 136 136 136 136 136 136 136 136 136 136 136 136 136 136 136 136 136 136 136 136 136 135 135 135 135 135 135 135 135 135 135 135 135 136 136 136 136 136 136 136 136 136 136 136 136 136 136 136 136 136 136 135 136 135 135 135 135 135 135 135 134 134 134 134 134 134 134 134 134 134 134 134 134 134 134 135 135 135 135 135 135 135 135 135 135 135 135 135
136 136 135 135 136 136 136 136 136 136 136 136 136 136 136 136 136 136 136 136 136 136 136 136 136 136 136 136 136 136 136 136 136 136 136 136 136 136 136 136 136 136 136 136 136 136 136 136 136 136 136 136 136 136 136 136 136 136 136 136 135 135 135 135 135 135 135 134 134 135 135 135 134 135 135 135 135 135 135 135 135 135 135 135 135 135 135 135 135 135 135 135 135 135
136 136 136 136 136 136 136 136 136 136 136 136 136 136 136 136 136 136 136 136 136 136 136 136 136 136 136 136 136 136 136 136 136 136 136 136 137 136 137 137 137 137 137 136 136 136 136 136 136 136 136 136 136 136 136 136 136 136 136 136 136 136 135 135 135 135 135 135 135 135 135 135 135 135 135 135 135 135 135 135 135 135 135 135 135 135 135 135 135 135 135 135 135 135
136 136 135 136 136 136 136 136 136 136 136 136 136 136 136 136 136 136 136 136 136 136 136 136 136 136 136 136 136 136 136 136 136 136 136 137 137 137 137 137 137 137 137 137 136 136 136 136 136 136 136 136 136 136 136 136 136 136 136 136 136 136 136 135 135 135 135 135 135 135 135 135 135 135 135 135 135 135 135 135 135 135 135 135 135 135 135 135 135 135 135 135 135 135
135 135 135 135 135 136 136 136 136 136 136 136 136 136 136 136 136 136 136 136 136 136 136 136 136 136 136 136 136 136 136 136 136 136 136 136 137 137 137 137 137 137 137 136 136 136 136 136 136 136 136 136 136 136 136 136 136 136 136 136 136 136 136 135 135 135 135 135 136 136 136 135 135 135 135 135 135 135 135 135 135 135 135 135 135 135 135 135 135 135 135 135 136 136
135 135 135 135 135 135 136 136 136 136 136 136 136 136 136 135 136 136 136 136 136 136 136 136 136 136 136 136 136 135 135 135 136 136 136 136 136 136 136 137 137 136 136 136 136 136 136 136 136 136 136 136 136 136 136 136 136 136 136 136 136 136 136 135 135 135 135 136 136 136 136 136 136 136 135 136 136 136 136 136 136 136 136 136 136 136 136 136 136 136 136 136 136 136
135 135 135 135 135 135 136 136 136 136 136 136 136 136 135 135 135 135 135 135 135 135 135 135 136 136 135 135 135 135 135 135 135 135 135 136 136 136 136 136 136 136 136 136 136 136 136 136 136 135 136 136 136 136 136 136 136 136 136 136 136 136 136 135 135 135 135 136 136 136 136 136 136 136 136 136 136 136 136 136 136 136 136 136 136 136 136 136 136 136 136 136 136 136
135 135 135 135 135 135 135 136 136 136 136 136 135 135 135 135 135 135 135 135 135 135 135 135 135 135 135 135 135 135 135 135 135 135 135 135 135 136 136 136 136 136 136 136 136 136 136 136 136 135 135 136 136 136 136 136 136 136 136 136 136 136 136 136 135 135 135 136 136 136 136 136 136 136 136 136 136 136 136 136 136 136 135 135 135 136 136 136 136 136 136 136 136 136
135 135 135 135 135 135 135 135 135 135 135 135 135 135 135 135 135 135 135 135 135 135 135 135 135 135 135 135 135 135 135 135 135 135 135 135 135 135 135 136 135 135 136 136 136 136 136 136 135 135 135 136 136 136 136 136 136 136 136 136 136 136 136 136 135 135 135 135 136 136 136 136 136 135 135 136 136 136 136 136 136 135 135 135 135 135 135 135 135 135 135 136 136 136
135 135 135 135 135 135 135 135 135 135 135 135 135 135 135 135 135 135 135 135 135 135 135 135 135 135 135 135 135 135 135 135 135 135 135 135 135 135 135 135 135 135 135 135 135 135 136 136 135 135 135 135 136 136 136 136 136 136 136 136 136 136 136 135 135 135 135 135 135 135 135 135 135 135 135 135 135 136 136 136 135 135 135 135 135 135 135 135 135 135 135 135 135 135
135 135 135 135 135 135 135 135 135 135 135 135 135 135 135 135 135 135 134 135 134 134 134 135 135 135 135 135 135 135 134 134 134 134 135 135 135 135 135 135 135 135 135 135 135 135 135 135 135 135 135 135 136 136 136 136 136 136 136 136 136 136 136 135 135 135 135 135 135 135 135 135 135 135 135 135 135 135 135 135 135 135 135 135 135 135 135 135 135 135 135 135 135 135
135 135 135 135 135 135 135 135 135 135 135 135 135 134 134 134 134 134 134 134 134 134 134 134 134 134 135 135 135 135 134 134 134 135 135 135 135 135 135 135 135 135 135 135 135 135 135 135 135 135 135 135 135 136 136 136 136 136 136 136 136 136 136 136 135 135 135 135 135 135 135 135 135 135 135 135 135 135 135 135 135 135 135 135 135 135 135 135 135 135 135 135 135 135
135 135 135 135 135 135 135 135 135 135 134 134 134 134 134 134 134 134 134 134 134 134 134 134 134 134 135 135 135 135 134 134 134 135 135 135 135 135 135 135 135 135 135 135 135 135 135 135 135 135 135 135 135 136 136 136 136 136 136 136 136 136 135 135 135 135 135 135 135 135 135 135 135 135 135 135 135 135 135 135 135 135 135 135 135 135 135 135 135 135 135 135 135 135
134 134 135 135 135 134 134 134 134 134 134 134 134 134 134 134 134 134 134 134 134 134 134 134 134 134 135 135 135 135 134 134 134 134 134 135 135 135 135 135 135 135 135 135 135 135 135 135 135 135 135 135 135 135 136 136 136 136 136 136 136 135 135 135 135 135 135 135 135 135 135 135 135 135 135 135 135 135 135 135 135 135 135 135 135 135 135 135 135 135 135 135 135 135
134 134 134 134 134 134 134 134 134 134 134 134 134 134 134 134 134 134 134 134 134 134 134 134 134 134 135 135 135 135 134 134 134 134 134 134 134 135 135 135 135 135 135 135 135 135 135 135 135 135 135 135 135 135 135 135 135 135 135 135 135 135 135 135 135 135 135 135 135 135 135 135 135 135 135 135 135 135 135 135 135 135 135 135 135 135 135 135 135 135 135 135 135 135
134 134 134 134 134 134 134 134 134 134 134 134 134 134 134 134 134 134 134 134 135 135 135 134 134 135 135 135 135 135 134 134 134 134 134 134 134 135 135 135 135 135 135 135 135 135 135 135 135 135 135 135 135 135 135 135 135 135 135 135 135 135 135 135 135 135 135 135 135 135 135 135 135 135 135 135 135 135 135 135 135 135 135 135 135 135 135 135 135 135 135 135 135 135
134 134 134 134 134 134 134 134 134 135 135 135 135 135 135 135 135 135 135 135 135 135 135 135 135 135 135 135 135 135 135 134 134 134 134 134 134 135 135 135 135 135 135 135 135 135 135 135 135 135 135 135 135 135 135 135 135 135 135 135 135 135 135 135 135 135 135 135 135 135 135 135 135 135 135 135 135 135 135 135 135 135 135 135 135 135 135 135 135 135 135 135 135 135
135 135 135 134 135 135 135 135 135 135 135 135 135 135 135 135 135 135 135 135 135 135 135 135 135 135 135 135 135 135 135 135 134 134 134 135 135 135 135 135 135 135 135 135 135 135 135 135 135 135 135 135 135 135 135 135 135 135 135 135 135 135 135 135 135 135 135 135 135 135 135 135 135 135 135 135 135 135 135 135 135 135 135 135 135 135 135 135 135 135 135 135 135 135
135 135 135 135 135 135 135 135 135 135 135 135 135 135 135 135 135 135 135 135 135 135 135 135 135 135 135 135 135 135 135 135 135 135 135 135 135 135 135 135 135 135 135 134 134 134 134 134 134 135 135 135 135 135 135 135 135 135 135 135 135 135 135 135 135 135 135 135 135 135 135 135 135 135 135 135 135 135 135 135 135 135 135 135 135 135 135 135 135 135 135 135 135 135
136 136 135 135 135 135 136 136 136 136 136 136 136 136 135 135 135 135 135 135 135 135 135 135 135 135 135 135 135 135 135 135 135 135 135 135 135 135 135 135 135 135 135 134 134 134 134 134 134 134 135 135 135 135 135 135 135 135 135 135 135 135 135 135 135 135 135 135 135 135 135 135 135 135 135 135 135 135 135 135 135 135 135 135 135 135 135 135 135 135 135 135 135 135
136 136 136 136 136 136 136 136 136 136 136 136 136 136 136 136 135 135 135 135 135 135 135 135 135 135 135 135 135 135 135 135 135 135 135 135 135 135 135 135 135 135 135 135 134 134 134 134 134 134 135 135 135 135 135 135 135 135 135 135 135 135 135 135 135 135 135 135 135 135 135 135 135 135 135 135 135 135 135 135 135 135 135 135 135 135 134 134 134 134 134 134 134 134
