data/NorthBerwickLaw_0_1_25m_vel.asc
ncols	257
nrows	257
xllcorner	3503625.000000
yllcorner	3730350.000000
cellsize	25.000000
NODATA_value	-1.000000
[rows 190 to 227 of 257, columns 168 to 251 of 257]
2.60 2.59 2.59 2.58 2.58 2.59 2.59 2.60 2.61 2.61 2.61 2.60 2.59 2.58 2.56 2.54 2.52 2.51 2.51 2.52 2.54 2.57 2.60 2.65 2.69 2.73 2.77 2.80 2.82 2.83 2.83 2.81 2.79 2.77 2.75 2.73 2.71 2.68 2.67 2.65 2.63 2.62 2.62 2.61 2.61 2.61 2.61 2.61 2.62 2.63 2.63 2.63 2.63 2.63 2.63 2.63 2.63 2.63 2.63 2.62 2.62 2.62 2.62 2.62 2.61 2.61 2.60 2.59 2.58 2.56 2.56 2.56 2.56 2.57 2.57 2.57 2.57 2.57 2.57 2.57 2.57 2.57 2.58 2.59
2.57 2.56 2.55 2.55 2.56 2.56 2.58 2.59 2.60 2.61 2.61 2.61 2.59 2.58 2.56 2.54 2.53 2.52 2.53 2.54 2.56 2.59 2.62 2.66 2.70 2.74 2.77 2.80 2.81 2.81 2.80 2.78 2.77 2.75 2.73 2.71 2.69 2.67 2.65 2.63 2.61 2.60 2.60 2.59 2.59 2.59 2.59 2.59 2.60 2.60 2.60 2.61 2.60 2.60 2.60 2.60 2.60 2.59 2.59 2.59 2.59 2.59 2.59 2.59 2.59 2.58 2.58 2.58 2.58 2.58 2.58 2.59 2.59 2.59 2.59 2.59 2.59 2.59 2.58 2.58 2.58 2.58 2.59 2.61
2.53 2.52 2.52 2.52 2.53 2.54 2.55 2.57 2.59 2.61 2.62 2.62 2.61 2.59 2.58 2.57 2.57 2.57 2.58 2.60 2.61 2.64 2.66 2.69 2.71 2.73 2.75 2.76 2.75 2.75 2.74 2.73 2.72 2.71 2.71 2.70 2.68 2.66 2.64 2.62 2.61 2.60 2.59 2.59 2.59 2.59 2.59 2.59 2.59 2.59 2.59 2.59 2.59 2.59 2.59 2.58 2.57 2.57 2.57 2.58 2.58 2.58 2.58 2.57 2.57 2.57 2.57 2.57 2.58 2.59 2.59 2.60 2.60 2.60 2.61 2.60 2.60 2.60 2.60 2.60 2.61 2.61 2.62 2.64
2.51 2.51 2.50 2.50 2.50 2.51 2.53 2.56 2.59 2.62 2.63 2.64 2.64 2.63 2.62 2.62 2.62 2.63 2.65 2.67 2.68 2.70 2.71 2.71 2.72 2.71 2.70 2.69 2.67 2.67 2.66 2.66 2.66 2.67 2.67 2.67 2.66 2.65 2.64 2.63 2.62 2.61 2.61 2.60 2.60 2.60 2.60 2.59 2.59 2.59 2.59 2.59 2.59 2.59 2.58 2.57 2.57 2.57 2.57 2.58 2.58 2.58 2.57 2.57 2.57 2.56 2.56 2.56 2.57 2.58 2.59 2.60 2.60 2.61 2.62 2.62 2.62 2.62 2.62 2.63 2.64 2.65 2.66 2.67
2.52 2.51 2.50 2.50 2.50 2.51 2.53 2.56 2.60 2.63 2.66 2.67 2.67 2.67 2.67 2.67 2.68 2.70 2.71 2.72 2.73 2.74 2.73 2.72 2.70 2.68 2.66 2.63 2.62 2.61 2.61 2.61 2.62 2.63 2.64 2.65 2.65 2.65 2.65 2.65 2.65 2.64 2.64 2.63 2.62 2.62 2.61 2.60 2.60 2.60 2.60 2.60 2.60 2.59 2.58 2.58 2.58 2.58 2.58 2.58 2.58 2.58 2.58 2.58 2.57 2.57 2.56 2.56 2.57 2.58 2.59 2.60 2.61 2.62 2.63 2.63 2.64 2.65 2.65 2.66 2.66 2.67 2.68 2.69
2.55 2.54 2.53 2.53 2.53 2.54 2.56 2.59 2.62 2.65 2.67 2.69 2.70 2.71 2.72 2.72 2.73 2.74 2.74 2.75 2.74 2.74 2.73 2.71 2.68 2.66 2.64 2.62 2.61 2.60 2.60 2.60 2.61 2.62 2.63 2.65 2.66 2.67 2.68 2.68 2.68 2.68 2.67 2.66 2.65 2.64 2.63 2.62 2.62 2.62 2.62 2.62 2.61 2.61 2.61 2.60 2.60 2.59 2.59 2.59 2.59 2.60 2.60 2.60 2.59 2.59 2.59 2.59 2.60 2.60 2.61 2.62 2.63 2.64 2.65 2.66 2.66 2.67 2.67 2.68 2.68 2.69 2.69 2.69
2.60 2.59 2.59 2.58 2.58 2.59 2.60 2.61 2.63 2.65 2.66 2.68 2.70 2.72 2.73 2.74 2.75 2.75 2.74 2.74 2.73 2.72 2.70 2.68 2.67 2.65 2.63 2.62 2.61 2.61 2.61 2.62 2.63 2.64 2.65 2.67 2.68 2.70 2.71 2.72 2.72 2.72 2.71 2.70 2.69 2.68 2.66 2.65 2.65 2.65 2.65 2.65 2.65 2.65 2.65 2.64 2.63 2.63 2.63 2.63 2.63 2.63 2.63 2.63 2.63 2.63 2.64 2.64 2.64 2.65 2.65 2.66 2.67 2.67 2.68 2.68 2.69 2.69 2.70 2.70 2.71 2.71 2.71 2.70
2.63 2.64 2.64 2.63 2.63 2.63 2.63 2.63 2.63 2.64 2.65 2.66 2.68 2.69 2.71 2.71 2.72 2.71 2.71 2.70 2.69 2.68 2.66 2.65 2.65 2.64 2.64 2.64 2.64 2.64 2.65 2.65 2.66 2.67 2.68 2.69 2.70 2.71 2.73 2.74 2.74 2.75 2.74 2.74 2.73 2.72 2.71 2.70 2.69 2.69 2.69 2.69 2.69 2.69 2.69 2.69 2.69 2.68 2.68 2.67 2.67 2.67 2.68 2.68 2.69 2.69 2.70 2.70 2.71 2.71 2.71 2.71 2.71 2.71 2.72 2.72 2.73 2.73 2.74 2.74 2.74 2.74 2.73 2.72
2.62 2.63 2.65 2.66 2.66 2.66 2.65 2.64 2.63 2.62 2.61 2.61 2.62 2.63 2.64 2.65 2.66 2.66 2.65 2.65 2.64 2.63 2.63 2.63 2.63 2.64 2.65 2.66 2.67 2.67 2.68 2.68 2.69 2.69 2.70 2.71 2.71 2.73 2.74 2.75 2.76 2.76 2.76 2.76 2.75 2.75 2.75 2.75 2.74 2.74 2.74 2.74 2.74 2.74 2.74 2.74 2.74 2.74 2.73 2.72 2.72 2.72 2.73 2.74 2.75 2.75 2.76 2.77 2.77 2.77 2.77 2.77 2.77 2.76 2.77 2.77 2.77 2.77 2.78 2.78 2.77 2.77 2.76 2.76
2.55 2.58 2.61 2.63 2.65 2.66 2.65 2.63 2.60 2.58 2.56 2.55 2.55 2.56 2.58 2.59 2.60 2.60 2.60 2.60 2.60 2.60 2.60 2.60 2.61 2.62 2.64 2.65 2.66 2.67 2.68 2.68 2.69 2.69 2.70 2.71 2.71 2.72 2.73 2.74 2.75 2.76 2.76 2.76 2.77 2.78 2.78 2.78 2.78 2.77 2.77 2.77 2.77 2.78 2.78 2.78 2.78 2.77 2.77 2.76 2.76 2.77 2.77 2.78 2.79 2.80 2.81 2.82 2.82 2.82 2.82 2.82 2.81 2.81 2.81 2.81 2.80 2.80 2.80 2.80 2.80 2.80 2.79 2.78
2.48 2.51 2.54 2.58 2.60 2.62 2.61 2.59 2.57 2.54 2.52 2.51 2.51 2.52 2.52 2.53 2.54 2.55 2.55 2.56 2.56 2.56 2.57 2.57 2.58 2.59 2.60 2.61 2.62 2.63 2.64 2.64 2.65 2.66 2.66 2.67 2.68 2.70 2.70 2.71 2.72 2.73 2.74 2.75 2.76 2.77 2.78 2.78 2.78 2.78 2.78 2.78 2.79 2.79 2.79 2.79 2.79 2.79 2.79 2.79 2.79 2.80 2.80 2.81 2.81 2.82 2.83 2.84 2.84 2.84 2.84 2.84 2.84 2.83 2.83 2.82 2.82 2.81 2.81 2.81 2.81 2.80 2.80 2.79
2.45 2.48 2.52 2.55 2.58 2.59 2.59 2.57 2.56 2.54 2.52 2.51 2.50 2.50 2.50 2.50 2.51 2.52 2.52 2.53 2.53 2.53 2.53 2.53 2.54 2.54 2.55 2.56 2.56 2.57 2.58 2.59 2.60 2.60 2.61 2.62 2.63 2.64 2.66 2.67 2.68 2.69 2.70 2.71 2.72 2.73 2.74 2.75 2.76 2.76 2.77 2.77 2.77 2.78 2.78 2.78 2.79 2.79 2.80 2.80 2.80 2.80 2.81 2.81 2.81 2.81 2.81 2.82 2.82 2.82 2.82 2.83 2.82 2.82 2.81 2.81 2.80 2.80 2.79 2.79 2.78 2.78 2.78 2.77
2.51 2.53 2.56 2.58 2.60 2.60 2.60 2.59 2.57 2.55 2.53 2.52 2.51 2.50 2.50 2.51 2.51 2.51 2.51 2.51 2.50 2.50 2.50 2.51 2.51 2.50 2.50 2.51 2.51 2.52 2.53 2.54 2.55 2.56 2.57 2.58 2.59 2.60 2.62 2.63 2.63 2.64 2.65 2.67 2.68 2.69 2.70 2.71 2.71 2.72 2.73 2.73 2.74 2.75 2.75 2.76 2.77 2.78 2.78 2.79 2.79 2.79 2.79 2.79 2.79 2.78 2.78 2.78 2.78 2.78 2.79 2.79 2.78 2.78 2.78 2.78 2.77 2.77 2.76 2.75 2.75 2.75 2.75 2.75
2.63 2.63 2.63 2.64 2.64 2.64 2.63 2.62 2.60 2.58 2.57 2.55 2.54 2.54 2.54 2.54 2.53 2.53 2.52 2.52 2.51 2.51 2.50 2.50 2.49 2.49 2.49 2.50 2.50 2.51 2.52 2.52 2.53 2.54 2.55 2.56 2.57 2.58 2.59 2.60 2.61 2.62 2.63 2.64 2.65 2.65 2.66 2.66 2.67 2.68 2.69 2.70 2.70 2.71 2.72 2.73 2.74 2.75 2.76 2.77 2.77 2.77 2.77 2.76 2.75 2.75 2.74 2.74 2.74 2.74 2.74 2.74 2.74 2.74 2.74 2.74 2.74 2.74 2.73 2.73 2.73 2.72 2.72 2.71
2.76 2.74 2.72 2.70 2.69 2.68 2.67 2.67 2.66 2.65 2.64 2.62 2.61 2.60 2.60 2.59 2.58 2.57 2.57 2.56 2.55 2.54 2.53 2.52 2.51 2.51 2.52 2.52 2.52 2.52 2.53 2.53 2.54 2.55 2.56 2.57 2.57 2.58 2.59 2.60 2.61 2.62 2.63 2.64 2.64 2.64 2.64 2.65 2.65 2.66 2.67 2.68 2.68 2.69 2.70 2.72 2.73 2.74 2.75 2.76 2.76 2.75 2.75 2.74 2.73 2.72 2.72 2.71 2.71 2.71 2.71 2.71 2.71 2.71 2.71 2.71 2.71 2.72 2.72 2.71 2.71 2.70 2.70 2.69
2.86 2.84 2.81 2.78 2.75 2.73 2.71 2.71 2.71 2.71 2.71 2.70 2.69 2.68 2.66 2.65 2.64 2.63 2.63 2.62 2.61 2.60 2.59 2.58 2.57 2.57 2.57 2.57 2.57 2.57 2.57 2.58 2.59 2.59 2.60 2.60 2.60 2.61 2.61 2.62 2.63 2.64 2.65 2.65 2.65 2.66 2.66 2.66 2.67 2.67 2.68 2.68 2.69 2.70 2.71 2.72 2.73 2.74 2.75 2.75 2.75 2.74 2.73 2.72 2.71 2.71 2.70 2.70 2.70 2.70 2.69 2.69 2.69 2.69 2.69 2.69 2.70 2.70 2.70 2.70 2.70 2.70 2.69 2.69
2.91 2.88 2.85 2.81 2.78 2.76 2.75 2.74 2.74 2.75 2.74 2.74 2.74 2.73 2.72 2.71 2.70 2.69 2.69 2.68 2.67 2.67 2.66 2.65 2.65 2.64 2.64 2.64 2.64 2.64 2.64 2.64 2.64 2.65 2.65 2.66 2.66 2.66 2.66 2.66 2.66 2.67 2.67 2.68 2.68 2.69 2.69 2.69 2.70 2.70 2.70 2.70 2.71 2.71 2.72 2.73 2.74 2.74 2.74 2.74 2.74 2.73 2.72 2.71 2.71 2.71 2.70 2.70 2.70 2.69 2.69 2.68 2.68 2.68 2.68 2.69 2.69 2.69 2.70 2.70 2.70 2.70 2.69 2.69
2.87 2.85 2.83 2.81 2.79 2.77 2.77 2.76 2.77 2.77 2.77 2.77 2.77 2.76 2.75 2.75 2.74 2.74 2.73 2.73 2.72 2.72 2.72 2.71 2.71 2.71 2.71 2.71 2.71 2.70 2.70 2.70 2.71 2.71 2.71 2.72 2.71 2.71 2.70 2.70 2.70 2.70 2.71 2.71 2.71 2.72 2.72 2.72 2.72 2.72 2.72 2.72 2.73 2.73 2.74 2.74 2.75 2.75 2.74 2.74 2.73 2.72 2.72 2.71 2.71 2.71 2.71 2.71 2.70 2.70 2.70 2.70 2.69 2.69 2.69 2.69 2.69 2.69 2.69 2.69 2.70 2.70 2.69 2.69
2.82 2.81 2.81 2.79 2.78 2.77 2.77 2.77 2.77 2.78 2.78 2.78 2.78 2.78 2.77 2.77 2.76 2.76 2.76 2.76 2.76 2.76 2.76 2.77 2.77 2.77 2.77 2.76 2.76 2.75 2.75 2.76 2.76 2.76 2.76 2.76 2.76 2.75 2.75 2.74 2.74 2.73 2.73 2.73 2.74 2.74 2.74 2.75 2.75 2.74 2.74 2.74 2.74 2.74 2.75 2.75 2.74 2.74 2.73 2.73 2.72 2.72 2.72 2.71 2.72 2.72 2.72 2.72 2.72 2.71 2.71 2.71 2.71 2.70 2.70 2.69 2.69 2.68 2.68 2.69 2.69 2.69 2.69 2.69
2.79 2.80 2.80 2.79 2.79 2.78 2.77 2.76 2.76 2.76 2.77 2.77 2.77 2.77 2.77 2.77 2.77 2.77 2.76 2.76 2.77 2.78 2.79 2.80 2.81 2.81 2.80 2.80 2.79 2.79 2.79 2.79 2.79 2.78 2.78 2.78 2.78 2.78 2.77 2.76 2.76 2.75 2.74 2.74 2.75 2.75 2.76 2.76 2.76 2.76 2.76 2.75 2.75 2.75 2.74 2.74 2.73 2.72 2.72 2.72 2.72 2.72 2.72 2.72 2.72 2.72 2.73 2.73 2.72 2.72 2.72 2.72 2.71 2.71 2.70 2.69 2.69 2.68 2.68 2.68 2.68 2.68 2.68 2.68
2.78 2.78 2.79 2.79 2.79 2.78 2.77 2.76 2.75 2.74 2.74 2.75 2.75 2.76 2.76 2.76 2.76 2.76 2.76 2.77 2.77 2.79 2.80 2.81 2.82 2.82 2.82 2.81 2.81 2.81 2.80 2.80 2.79 2.79 2.78 2.78 2.78 2.78 2.77 2.77 2.76 2.75 2.75 2.74 2.75 2.75 2.76 2.76 2.76 2.77 2.76 2.76 2.75 2.74 2.73 2.72 2.72 2.71 2.71 2.71 2.71 2.72 2.72 2.72 2.73 2.73 2.73 2.72 2.72 2.72 2.71 2.71 2.71 2.70 2.70 2.69 2.68 2.68 2.67 2.67 2.67 2.66 2.66 2.66
2.76 2.76 2.77 2.77 2.77 2.77 2.77 2.76 2.75 2.73 2.73 2.73 2.74 2.74 2.75 2.76 2.76 2.76 2.77 2.77 2.78 2.79 2.80 2.80 2.81 2.81 2.81 2.81 2.81 2.81 2.81 2.80 2.79 2.78 2.77 2.76 2.76 2.76 2.76 2.76 2.76 2.75 2.75 2.74 2.74 2.74 2.74 2.75 2.75 2.75 2.75 2.75 2.74 2.73 2.72 2.71 2.70 2.70 2.70 2.70 2.71 2.71 2.72 2.72 2.72 2.72 2.72 2.71 2.71 2.70 2.70 2.69 2.69 2.69 2.68 2.68 2.67 2.67 2.66 2.66 2.65 2.64 2.64 2.64
2.75 2.75 2.75 2.75 2.76 2.76 2.75 2.74 2.73 2.72 2.71 2.71 2.72 2.73 2.74 2.75 2.75 2.76 2.77 2.78 2.78 2.78 2.79 2.79 2.79 2.79 2.80 2.80 2.80 2.80 2.79 2.78 2.77 2.76 2.75 2.74 2.74 2.74 2.74 2.75 2.75 2.75 2.74 2.74 2.73 2.73 2.73 2.73 2.73 2.73 2.73 2.73 2.72 2.71 2.70 2.69 2.68 2.68 2.68 2.68 2.69 2.70 2.70 2.70 2.70 2.70 2.69 2.68 2.68 2.67 2.67 2.66 2.66 2.66 2.66 2.66 2.66 2.65 2.65 2.64 2.63 2.62 2.62 2.62
2.74 2.74 2.74 2.74 2.74 2.74 2.74 2.73 2.72 2.71 2.70 2.70 2.71 2.71 2.72 2.73 2.74 2.75 2.76 2.77 2.78 2.78 2.77 2.77 2.77 2.78 2.78 2.79 2.79 2.79 2.78 2.77 2.75 2.74 2.73 2.73 2.72 2.73 2.73 2.73 2.73 2.73 2.73 2.73 2.72 2.72 2.71 2.71 2.71 2.70 2.70 2.70 2.69 2.69 2.68 2.67 2.66 2.66 2.66 2.66 2.67 2.67 2.67 2.67 2.67 2.67 2.66 2.65 2.64 2.64 2.63 2.63 2.63 2.63 2.64 2.64 2.64 2.64 2.64 2.63 2.62 2.61 2.61 2.62
2.75 2.74 2.74 2.74 2.74 2.74 2.73 2.73 2.72 2.72 2.71 2.70 2.70 2.70 2.71 2.72 2.73 2.74 2.75 2.76 2.76 2.76 2.76 2.76 2.76 2.76 2.76 2.77 2.77 2.77 2.76 2.76 2.75 2.74 2.73 2.72 2.72 2.72 2.72 2.72 2.72 2.72 2.72 2.72 2.71 2.71 2.70 2.69 2.69 2.68 2.68 2.68 2.67 2.67 2.66 2.65 2.65 2.64 2.64 2.64 2.64 2.64 2.64 2.64 2.64 2.63 2.63 2.62 2.62 2.61 2.61 2.61 2.61 2.61 2.62 2.62 2.63 2.63 2.63 2.63 2.62 2.62 2.63 2.63
2.75 2.75 2.75 2.75 2.75 2.75 2.74 2.74 2.74 2.73 2.72 2.72 2.71 2.71 2.71 2.71 2.72 2.73 2.74 2.75 2.75 2.75 2.75 2.75 2.75 2.75 2.75 2.75 2.75 2.75 2.75 2.75 2.75 2.74 2.74 2.73 2.73 2.72 2.72 2.72 2.72 2.72 2.72 2.71 2.71 2.70 2.70 2.69 2.68 2.67 2.67 2.66 2.66 2.65 2.64 2.64 2.63 2.62 2.62 2.62 2.62 2.62 2.62 2.61 2.61 2.61 2.60 2.60 2.60 2.60 2.60 2.60 2.61 2.61 2.62 2.62 2.63 2.63 2.63 2.64 2.64 2.64 2.65 2.66
2.76 2.76 2.76 2.76 2.76 2.76 2.76 2.76 2.75 2.75 2.74 2.74 2.73 2.72 2.72 2.72 2.72 2.72 2.73 2.74 2.75 2.75 2.76 2.76 2.76 2.76 2.76 2.76 2.76 2.76 2.76 2.76 2.76 2.76 2.76 2.75 2.75 2.74 2.73 2.73 2.73 2.73 2.73 2.72 2.72 2.71 2.71 2.70 2.69 2.68 2.67 2.66 2.65 2.64 2.63 2.63 2.62 2.62 2.62 2.61 2.61 2.60 2.60 2.60 2.60 2.60 2.60 2.60 2.61 2.61 2.61 2.62 2.62 2.63 2.63 2.64 2.65 2.65 2.66 2.66 2.67 2.68 2.69 2.70
2.78 2.78 2.78 2.78 2.77 2.77 2.77 2.77 2.77 2.77 2.77 2.77 2.76 2.75 2.74 2.74 2.73 2.73 2.73 2.74 2.75 2.76 2.77 2.78 2.79 2.79 2.79 2.79 2.78 2.79 2.79 2.79 2.80 2.80 2.79 2.79 2.78 2.77 2.76 2.76 2.75 2.75 2.75 2.74 2.74 2.73 2.73 2.72 2.70 2.69 2.68 2.67 2.66 2.65 2.65 2.64 2.63 2.63 2.62 2.62 2.61 2.60 2.60 2.60 2.60 2.61 2.61 2.62 2.63 2.63 2.64 2.64 2.65 2.65 2.65 2.66 2.67 2.67 2.68 2.69 2.70 2.71 2.72 2.73
2.79 2.79 2.79 2.79 2.78 2.78 2.78 2.78 2.79 2.80 2.80 2.80 2.80 2.79 2.78 2.77 2.76 2.76 2.75 2.75 2.76 2.77 2.78 2.80 2.81 2.81 2.82 2.82 2.82 2.82 2.83 2.83 2.83 2.83 2.83 2.82 2.82 2.81 2.80 2.79 2.79 2.78 2.77 2.77 2.76 2.75 2.74 2.73 2.72 2.71 2.70 2.70 2.69 2.68 2.67 2.66 2.65 2.65 2.64 2.63 2.62 2.62 2.61 2.61 2.62 2.62 2.63 2.64 2.65 2.66 2.67 2.67 2.67 2.67 2.67 2.68 2.68 2.69 2.69 2.71 2.72 2.73 2.74 2.74
2.79 2.80 2.80 2.80 2.79 2.79 2.79 2.80 2.81 2.82 2.83 2.83 2.83 2.83 2.82 2.81 2.79 2.78 2.77 2.76 2.77 2.78 2.79 2.80 2.81 2.82 2.83 2.84 2.84 2.85 2.85 2.85 2.85 2.85 2.84 2.84 2.84 2.83 2.82 2.81 2.81 2.80 2.79 2.79 2.78 2.76 2.75 2.74 2.73 2.72 2.71 2.70 2.70 2.69 2.68 2.67 2.66 2.66 2.65 2.64 2.64 2.63 2.63 2.63 2.64 2.64 2.65 2.66 2.67 2.68 2.68 2.69 2.69 2.69 2.68 2.68 2.69 2.69 2.70 2.71 2.72 2.73 2.74 2.74
2.79 2.79 2.79 2.79 2.79 2.79 2.80 2.81 2.82 2.82 2.83 2.84 2.84 2.83 2.83 2.81 2.80 2.78 2.77 2.76 2.76 2.76 2.77 2.78 2.79 2.81 2.82 2.83 2.83 2.83 2.83 2.83 2.83 2.83 2.82 2.82 2.81 2.80 2.80 2.79 2.79 2.79 2.78 2.77 2.76 2.75 2.73 2.72 2.71 2.70 2.69 2.68 2.68 2.67 2.67 2.67 2.66 2.66 2.66 2.65 2.65 2.65 2.65 2.65 2.66 2.66 2.67 2.68 2.69 2.69 2.70 2.70 2.70 2.70 2.69 2.69 2.69 2.70 2.70 2.71 2.72 2.73 2.74 2.73
2.77 2.77 2.77 2.78 2.78 2.79 2.79 2.80 2.80 2.81 2.81 2.81 2.81 2.80 2.79 2.78 2.77 2.76 2.75 2.74 2.73 2.73 2.73 2.74 2.75 2.76 2.76 2.77 2.77 2.77 2.76 2.76 2.76 2.76 2.75 2.75 2.75 2.74 2.74 2.74 2.74 2.73 2.73 2.72 2.71 2.70 2.69 2.68 2.67 2.66 2.65 2.65 2.64 2.64 2.65 2.65 2.65 2.65 2.65 2.65 2.65 2.65 2.65 2.66 2.67 2.68 2.68 2.69 2.69 2.69 2.70 2.70 2.70 2.70 2.70 2.70 2.70 2.70 2.70 2.71 2.72 2.73 2.73 2.73
2.75 2.75 2.75 2.75 2.76 2.77 2.77 2.77 2.77 2.77 2.76 2.75 2.74 2.73 2.72 2.71 2.71 2.70 2.70 2.69 2.69 2.68 2.68 2.68 2.68 2.68 2.68 2.68 2.68 2.67 2.67 2.66 2.66 2.66 2.66 2.66 2.67 2.67 2.67 2.68 2.67 2.67 2.67 2.66 2.65 2.65 2.64 2.63 2.62 2.61 2.60 2.60 2.60 2.61 2.61 2.62 2.62 2.63 2.63 2.64 2.64 2.65 2.66 2.67 2.67 2.68 2.69 2.69 2.69 2.69 2.69 2.69 2.69 2.70 2.70 2.70 2.70 2.71 2.71 2.72 2.73 2.73 2.74 2.74
2.73 2.73 2.72 2.72 2.73 2.73 2.73 2.73 2.72 2.70 2.68 2.66 2.64 2.63 2.62 2.62 2.62 2.63 2.63 2.64 2.64 2.63 2.62 2.62 2.61 2.61 2.61 2.60 2.59 2.58 2.57 2.57 2.57 2.57 2.57 2.58 2.59 2.60 2.61 2.61 2.62 2.62 2.61 2.61 2.60 2.60 2.59 2.58 2.58 2.57 2.57 2.57 2.57 2.58 2.59 2.60 2.60 2.61 2.62 2.63 2.64 2.65 2.66 2.67 2.68 2.69 2.69 2.69 2.69 2.69 2.69 2.69 2.69 2.70 2.70 2.71 2.72 2.72 2.73 2.74 2.74 2.75 2.75 2.76
2.71 2.70 2.69 2.69 2.69 2.69 2.68 2.67 2.65 2.62 2.60 2.57 2.55 2.54 2.54 2.54 2.56 2.57 2.59 2.60 2.60 2.60 2.59 2.58 2.58 2.57 2.56 2.55 2.54 2.53 2.52 2.51 2.51 2.52 2.52 2.54 2.55 2.56 2.57 2.57 2.58 2.58 2.57 2.58 2.58 2.57 2.57 2.56 2.56 2.55 2.55 2.56 2.57 2.58 2.59 2.60 2.61 2.62 2.63 2.64 2.65 2.66 2.67 2.68 2.69 2.69 2.69 2.68 2.68 2.68 2.68 2.69 2.69 2.70 2.71 2.72 2.73 2.74 2.74 2.74 2.74 2.75 2.75 2.76
2.68 2.67 2.67 2.66 2.65 2.64 2.63 2.62 2.60 2.58 2.55 2.53 2.52 2.51 2.52 2.53 2.55 2.57 2.58 2.59 2.60 2.59 2.59 2.58 2.57 2.56 2.56 2.55 2.54 2.53 2.53 2.52 2.52 2.52 2.53 2.55 2.56 2.57 2.57 2.57 2.57 2.57 2.57 2.57 2.58 2.57 2.57 2.57 2.57 2.57 2.58 2.58 2.60 2.61 2.62 2.63 2.64 2.64 2.65 2.66 2.67 2.68 2.69 2.69 2.69 2.68 2.68 2.68 2.68 2.68 2.68 2.69 2.69 2.70 2.71 2.72 2.73 2.73 2.73 2.73 2.73 2.73 2.73 2.74
2.65 2.65 2.64 2.63 2.62 2.61 2.60 2.59 2.58 2.57 2.55 2.55 2.55 2.55 2.56 2.57 2.58 2.59 2.60 2.61 2.62 2.62 2.61 2.60 2.59 2.58 2.57 2.57 2.58 2.58 2.58 2.58 2.59 2.59 2.60 2.60 2.61 2.61 2.61 2.61 2.61 2.60 2.60 2.60 2.60 2.60 2.60 2.60 2.60 2.61 2.61 2.62 2.63 2.64 2.65 2.66 2.67 2.67 2.68 2.69 2.69 2.70 2.70 2.70 2.69 2.68 2.68 2.67 2.67 2.68 2.68 2.69 2.69 2.70 2.70 2.71 2.71 2.72 2.72 2.72 2.71 2.71 2.71 2.71
2.62 2.62 2.62 2.61 2.61 2.60 2.59 2.59 2.59 2.59 2.59 2.60 2.62 2.63 2.64 2.64 2.64 2.65 2.65 2.65 2.65 2.65 2.64 2.63 2.62 2.61 2.60 2.61 2.62 2.64 2.65 2.66 2.67 2.67 2.67 2.67 2.67 2.66 2.66 2.65 2.64 2.64 2.63 2.63 2.63 2.63 2.63 2.64 2.64 2.64 2.65 2.65 2.66 2.67 2.68 2.69 2.69 2.70 2.70 2.71 2.71 2.71 2.70 2.70 2.69 2.68 2.67 2.67 2.67 2.67 2.68 2.68 2.68 2.69 2.69 2.69 2.70 2.70 2.70 2.70 2.69 2.69 2.69 2.68
