data/NorthBerwickLaw_180_1_25m_ang.asc
ncols	257
nrows	257
xllcorner	3503625.000000
yllcorner	3730350.000000
cellsize	25.000000
NODATA_value	-1.000000
[rows 84 to 125 of 257, columns 94 to 187 of 257]
180 180 181 181 181 181 182 182 182 182 182 182 182 181 181 180 180 180 180 180 180 180 180 179 179 179 179 179 179 179 179 179 179 179 179 180 180 180 181 181 182 181 179 176 175 176 177 178 178 179 179 179 179 179 179 179 179 179 179 179 179 179 180 180 180 180 180 180 180 180 180 180 180 180 180 180 180 180 180 180 180 181 181 181 181 181 181 182 182 182 182 182 182 183
180 180 180 180 180 181 181 182 182 183 183 182 182 182 181 181 180 180 180 180 180 180 179 179 179 179 179 179 179 179 179 179 179 180 180 179 180 180 180 181 181 181 181 179 177 176 176 176 177 178 178 179 179 179 179 179 179 179 179 179 179 179 179 179 180 180 180 180 180 180 180 180 180 180 180 180 180 180 180 180 180 181 181 181 181 182 182 183 183 183 183 184 184 184
180 180 180 180 180 181 181 182 182 183 183 183 182 182 181 181 181 180 180 180 180 179 179 179 179 179 179 179 178 179 179 179 180 180 180 179 179 179 180 180 180 180 180 180 180 178 177 177 177 177 178 178 179 179 179 179 179 179 179 179 179 179 179 179 179 180 180 180 180 180 180 180 180 180 180 180 180 180 180 180 181 181 181 181 182 182 183 184 184 185 185 186 187 186
180 180 180 180 180 180 181 182 182 182 183 182 182 182 182 181 181 181 180 180 180 179 179 179 179 179 179 179 179 179 179 179 179 180 180 180 180 179 179 179 179 179 179 180 180 180 179 178 178 178 178 178 178 178 178 178 179 179 179 179 179 179 179 179 179 179 180 180 180 180 180 180 180 180 180 180 180 180 180 180 181 181 181 182 182 183 184 186 187 188 187 186 186 184
180 180 180 180 180 180 181 182 182 182 182 182 182 182 182 181 181 181 180 180 180 179 179 180 180 180 180 179 179 179 179 179 179 180 180 180 180 180 179 178 178 178 179 179 180 180 180 180 179 179 178 178 178 178 178 178 178 178 178 179 179 179 179 179 179 179 179 180 180 180 180 180 180 180 180 180 180 180 180 181 181 181 181 182 182 183 185 186 187 188 187 184 181 180
180 180 180 180 180 180 181 181 182 182 182 182 182 182 182 181 181 181 180 180 180 179 179 180 180 180 180 180 179 179 179 179 179 179 180 180 180 180 179 178 178 178 178 179 180 180 180 180 180 180 179 179 179 179 178 178 177 177 177 178 178 178 179 179 179 179 179 179 180 180 180 180 180 180 180 180 180 180 180 181 181 181 181 182 183 184 185 185 184 184 183 182 179 178
180 180 180 180 180 180 181 181 182 182 182 182 182 182 181 181 181 180 180 180 180 180 180 180 180 180 180 180 180 179 179 179 179 179 180 180 180 180 179 179 178 178 178 179 179 180 180 181 181 180 180 180 180 180 180 179 178 177 176 177 177 177 178 178 179 179 179 179 179 180 180 180 180 180 180 180 180 180 181 181 181 181 182 182 183 184 183 182 180 180 180 180 180 180
181 181 180 180 180 180 180 181 181 182 182 182 181 181 181 180 180 180 180 180 180 180 180 180 180 180 180 180 180 179 179 179 179 179 180 180 180 180 180 179 178 178 178 179 179 180 180 181 181 181 181 181 181 180 180 180 179 178 177 176 176 176 177 177 178 179 179 179 179 179 180 180 180 180 180 180 180 181 181 181 181 181 182 182 183 183 182 180 178 178 179 180 181 181
181 181 181 181 181 180 181 181 181 181 181 181 181 180 180 180 180 180 180 180 180 180 180 180 180 180 180 180 180 180 179 179 179 179 180 180 180 180 180 180 179 179 179 179 180 180 180 181 181 181 181 181 181 181 180 180 180 179 178 177 176 176 176 176 177 178 179 179 179 179 179 180 180 180 180 180 181 181 181 181 181 182 182 183 184 183 181 179 178 178 178 179 180 181
182 181 181 181 181 181 181 180 180 180 180 180 180 180 179 179 180 180 180 180 181 180 180 180 179 179 180 180 180 180 180 180 180 180 180 180 180 180 180 180 180 180 180 180 180 180 180 181 181 181 181 181 181 180 180 180 180 179 179 178 177 177 177 177 177 178 178 179 179 179 179 179 179 180 180 180 181 181 181 182 182 182 183 183 184 182 180 179 178 178 178 179 179 180
182 182 181 181 181 181 180 180 180 179 179 179 179 179 179 179 180 180 181 181 181 181 180 180 179 179 179 180 180 180 180 180 180 180 180 180 180 180 180 181 181 182 181 181 181 181 181 181 181 181 181 181 180 180 180 180 179 179 179 178 178 178 178 178 178 178 178 179 179 179 179 179 179 179 180 181 181 181 182 182 182 183 184 184 182 180 180 180 179 178 178 178 179 179
182 182 181 181 181 181 180 179 179 178 178 178 178 178 179 179 180 180 181 181 181 181 180 179 179 179 179 179 180 180 180 180 180 180 180 180 180 180 180 181 182 182 182 182 182 181 181 181 181 181 181 180 180 179 179 179 179 179 179 178 178 178 178 178 178 179 179 179 180 180 180 179 179 180 180 181 181 182 182 183 183 183 184 183 181 179 179 179 179 178 178 178 178 179
182 181 181 181 181 180 180 179 178 178 178 178 178 178 179 179 180 180 181 181 181 181 180 179 179 179 179 179 180 180 180 181 181 180 180 180 180 180 180 181 182 182 183 182 182 182 181 181 181 181 180 180 180 179 179 179 179 179 179 179 178 178 178 179 179 179 179 179 180 180 180 180 180 181 181 181 182 182 183 183 183 182 182 181 180 179 179 179 179 178 178 178 178 179
181 181 181 180 180 180 179 179 178 178 178 178 178 179 179 179 180 180 180 180 180 180 180 179 179 179 179 179 179 180 180 180 180 180 180 180 180 180 181 181 182 182 183 183 182 182 182 181 181 180 180 180 179 179 179 179 180 180 180 179 179 179 179 179 179 179 179 179 180 180 180 181 181 181 182 182 182 183 183 183 183 181 180 180 179 179 179 179 179 178 178 178 178 179
181 181 180 180 180 180 179 179 179 179 179 179 179 179 179 179 179 180 180 180 180 180 180 179 179 179 179 179 179 180 180 180 180 180 180 180 180 180 181 181 182 182 182 183 182 182 182 181 181 180 180 180 180 180 180 180 180 181 181 180 180 179 179 179 179 179 179 179 180 180 180 181 181 182 182 183 183 183 183 182 182 181 180 179 178 178 178 178 178 178 178 178 179 179
181 180 180 180 180 180 180 180 180 180 179 179 180 180 179 179 179 179 179 179 179 179 179 179 179 179 179 179 179 180 180 180 180 180 180 180 180 180 181 181 181 182 182 182 182 182 181 181 180 180 180 180 180 180 180 181 181 182 182 181 181 180 179 179 179 179 179 180 180 180 180 181 182 182 183 183 183 182 182 181 181 180 179 178 178 177 177 177 178 178 178 179 179 179
180 180 180 180 180 181 181 181 181 181 180 180 180 180 179 179 179 179 179 179 179 179 179 179 179 179 179 179 179 179 180 180 180 180 180 180 180 180 181 181 181 181 182 182 182 181 181 180 180 180 180 180 180 180 181 181 182 182 182 182 182 181 180 179 179 179 180 180 180 180 180 181 182 182 183 183 182 181 181 180 180 179 179 178 177 177 177 177 178 178 178 179 179 179
180 180 180 181 181 181 181 182 182 181 181 181 180 180 180 179 179 179 179 179 179 179 179 179 179 179 179 179 179 179 180 180 180 180 180 180 180 181 181 181 181 181 181 181 181 181 180 180 180 180 180 180 180 181 181 181 182 182 183 183 183 182 181 181 180 180 181 181 181 181 180 181 181 182 182 182 181 180 179 179 179 178 178 178 177 177 177 178 178 179 179 179 179 179
180 180 181 181 181 182 182 182 182 182 181 181 180 180 180 180 179 179 179 179 179 179 179 179 179 179 179 179 179 179 180 180 180 180 180 180 180 180 181 181 181 181 181 181 181 180 180 180 180 180 180 180 180 181 181 181 182 182 183 183 183 183 183 182 182 181 181 181 181 181 181 180 180 180 180 180 180 179 178 178 178 178 178 178 178 178 178 178 179 179 179 179 179 180
180 180 181 181 182 182 182 182 182 182 181 181 181 180 180 180 180 180 179 179 179 179 180 180 180 180 180 180 180 180 180 180 180 180 180 180 180 180 180 180 181 181 181 181 180 180 180 180 180 180 180 180 181 181 181 181 181 182 182 183 183 184 184 183 183 182 182 182 181 181 181 180 180 179 179 179 178 178 178 178 178 178 178 178 178 179 179 179 179 179 179 179 180 180
180 181 181 181 181 182 182 182 182 182 181 181 181 181 181 181 180 180 180 180 179 180 180 180 180 180 180 180 180 180 180 180 181 181 181 180 180 180 180 180 180 181 181 181 180 180 180 180 180 180 180 180 181 181 181 181 181 181 182 183 183 184 184 184 183 183 182 182 181 181 181 180 179 179 178 178 178 178 178 178 178 178 178 179 179 179 179 179 180 180 180 180 180 180
180 181 181 181 181 181 181 181 181 181 181 181 181 181 181 181 181 181 180 180 180 180 180 180 180 180 180 180 180 180 180 181 181 181 181 180 180 179 179 180 180 180 180 180 180 180 180 180 180 180 180 181 181 181 181 181 181 181 182 182 183 183 184 184 183 183 182 181 181 181 180 180 179 179 178 177 177 178 178 178 178 178 178 179 179 179 180 180 180 180 180 180 180 180
180 181 181 181 181 181 181 181 181 181 181 181 181 181 182 182 181 181 181 180 180 180 180 180 180 180 181 181 181 181 181 181 181 181 180 180 179 179 179 179 180 180 180 180 180 180 180 180 180 180 181 181 181 181 180 180 181 181 181 182 182 183 183 183 183 182 181 180 180 180 180 180 180 179 178 178 178 178 179 178 178 178 179 179 179 180 180 180 180 180 180 180 180 180
180 181 181 181 181 181 180 180 180 180 180 181 181 182 182 182 182 181 181 181 180 180 180 180 180 180 181 181 181 181 181 181 181 181 180 180 179 179 179 180 180 180 180 180 180 181 181 181 181 181 181 181 181 181 180 180 180 180 181 181 182 182 183 182 182 181 181 180 180 180 180 180 180 179 179 179 179 179 179 179 179 179 179 179 180 180 180 180 180 180 180 180 180 180
180 180 180 180 180 180 180 180 180 180 180 181 181 181 182 182 182 181 181 181 180 180 179 180 180 180 181 181 181 181 181 181 180 180 180 179 179 180 180 180 180 180 180 180 181 181 181 181 181 181 181 181 181 181 180 180 180 180 181 181 181 182 182 182 181 181 180 180 180 180 180 180 180 180 179 179 179 179 179 179 179 179 179 179 180 180 180 180 180 180 180 180 180 180
180 180 180 180 180 180 180 180 180 180 180 181 181 181 181 181 181 181 181 181 180 180 180 180 180 180 181 181 181 181 180 180 180 179 179 179 180 180 181 181 181 180 180 180 181 181 181 181 181 181 181 181 181 181 180 180 180 180 180 181 181 181 181 181 181 181 180 180 180 180 180 180 180 180 180 180 180 180 180 180 179 179 179 180 180 180 180 180 180 180 180 180 180 180
180 180 180 180 180 180 180 180 180 180 180 180 181 181 181 181 181 181 181 180 180 180 180 180 180 180 180 180 180 180 180 180 179 179 179 180 180 181 181 181 181 181 180 180 180 181 181 181 181 181 181 181 181 180 181 181 180 180 180 180 181 181 181 181 181 180 180 180 180 180 181 181 180 180 180 180 180 180 180 180 180 179 179 180 180 180 180 180 180 180 180 180 180 180
180 180 180 180 180 180 179 180 180 180 180 180 180 180 180 180 180 180 180 180 180 180 180 180 180 180 180 180 180 180 180 179 179 179 179 180 181 181 181 181 181 181 180 180 180 181 181 181 181 181 181 181 181 181 181 181 181 181 181 180 180 180 180 180 180 180 180 180 180 180 181 181 180 180 180 180 180 180 180 180 180 179 179 179 179 179 180 180 180 180 180 180 180 180
180 180 180 180 180 180 179 180 180 180 180 180 180 179 179 179 179 179 180 180 180 180 180 180 180 180 180 180 180 180 180 180 180 180 180 180 181 181 181 181 181 181 180 180 180 180 181 181 181 181 181 181 181 181 181 181 181 181 181 180 180 180 180 180 180 180 180 180 180 180 180 180 180 180 180 180 180 180 180 180 180 179 179 179 179 179 179 180 180 180 180 180 180 180
180 180 180 180 180 180 180 180 180 180 180 180 180 179 179 178 179 179 179 180 180 180 180 180 180 180 180 180 180 180 180 180 180 180 180 181 181 181 181 181 180 180 180 180 180 180 181 181 181 181 181 181 181 181 181 181 181 181 181 180 180 180 180 180 180 180 180 180 180 180 180 180 180 180 180 180 180 180 180 180 180 179 179 179 179 179 179 179 180 180 180 180 180 180
180 180 180 180 180 180 180 180 180 180 180 180 179 179 178 178 178 179 179 180 180 180 180 180 180 180 181 181 181 181 181 181 181 181 181 181 181 181 180 180 180 180 180 180 180 180 180 180 180 180 181 181 181 181 181 181 181 180 180 180 180 180 180 180 180 180 180 180 180 180 180 180 180 180 180 180 180 180 180 180 180 180 179 179 179 179 179 179 179 180 180 180 180 180
180 180 180 180 180 180 180 180 180 180 180 180 179 179 178 178 178 179 179 179 180 180 180 180 181 181 181 182 182 182 182 182 182 182 181 181 181 180 180 179 179 179 179 180 180 180 180 180 180 180 180 181 181 181 181 181 181 180 180 180 180 180 180 180 180 180 181 180 180 180 180 180 180 180 181 181 180 180 180 180 180 180 180 179 179 179 179 179 179 179 180 180 180 180
180 180 180 180 180 180 180 180 180 180 180 179 179 179 179 179 179 179 179 179 180 180 180 181 181 182 182 183 183 183 183 183 183 182 182 181 180 179 179 178 178 178 178 179 179 180 180 180 180 180 180 180 181 181 181 181 180 180 180 180 180 180 180 180 180 181 181 181 180 180 180 180 180 180 180 181 180 180 180 180 180 180 180 179 179 179 179 179 179 179 179 179 180 180
180 180 180 180 180 180 180 180 180 180 180 179 179 179 179 179 179 179 179 179 180 180 181 181 182 183 183 184 185 185 185 185 184 183 182 181 179 178 177 177 177 177 177 178 178 179 179 179 180 180 180 180 180 180 181 181 180 180 180 180 180 180 180 180 180 181 181 181 180 180 180 180 180 180 180 180 180 180 180 180 180 180 180 180 179 179 179 179 179 179 179 179 179 179
180 180 180 180 180 180 180 180 180 180 180 179 179 179 180 179 179 179 180 180 180 181 182 183 184 185 186 187 187 188 188 187 186 185 182 180 177 176 175 175 175 175 176 176 177 178 178 179 179 179 179 179 180 180 180 180 181 180 180 180 180 180 180 180 180 181 181 180 180 180 180 180 180 180 180 180 180 180 180 180 180 180 180 180 180 179 179 179 179 178 178 179 179 179
180 180 180 180 180 181 181 180 180 180 180 180 180 180 180 180 180 180 180 180 181 182 183 184 185 187 188 190 191 192 192 191 189 186 182 178 175 173 173 172 173 173 174 174 175 176 177 178 178 179 179 179 179 179 180 180 180 181 181 180 180 180 180 180 180 180 180 180 180 180 180 180 180 180 180 180 180 180 180 180 180 180 180 180 180 179 179 179 179 179 178 178 178 179
180 180 180 180 181 181 181 181 180 180 180 180 180 180 180 180 180 180 180 181 181 183 184 186 188 190 192 194 195 197 197 195 192 187 181 175 172 170 169 170 170 171 171 172 173 174 175 176 177 178 178 178 179 179 179 180 180 181 181 180 180 180 180 180 180 180 180 180 180 180 179 179 179 179 179 179 179 179 180 180 180 180 180 180 179 179 179 179 179 179 179 179 178 178
180 180 180 180 181 181 181 181 181 180 180 180 180 180 180 180 180 180 180 181 182 184 186 188 190 193 195 198 200 200 200 198 194 188 181 173 168 166 166 166 168 169 169 170 171 172 174 175 177 177 178 178 178 178 179 180 180 180 180 180 180 180 180 180 180 180 180 180 179 179 179 179 179 179 179 179 179 179 179 179 179 179 179 179 179 179 179 179 179 179 179 179 179 178
180 180 180 181 181 181 181 181 181 181 181 180 180 180 180 180 180 180 180 182 183 186 188 190 193 196 199 201 202 202 201 199 195 190 182 172 166 163 162 164 166 167 167 168 169 171 173 175 176 177 178 178 178 178 179 179 180 180 180 180 180 180 180 180 180 180 180 180 179 179 179 178 178 178 178 179 179 179 179 179 179 179 179 179 179 179 179 179 179 179 179 179 179 178
180 180 181 181 181 181 181 181 181 181 181 181 181 180 180 180 180 180 181 182 185 187 190 193 196 199 201 202 202 202 200 198 195 190 183 173 166 162 161 162 164 165 166 167 168 170 172 174 176 177 178 178 178 178 179 179 179 179 179 179 179 179 179 180 180 180 180 179 179 178 178 178 178 178 178 178 179 179 179 179 179 179 179 179 179 179 179 179 179 179 179 179 179 178
180 180 181 181 181 181 181 181 181 181 181 181 181 180 180 180 180 180 182 184 186 189 192 195 198 199 201 201 200 199 198 195 192 188 182 175 168 163 162 162 163 164 166 168 169 171 172 174 176 177 178 178 179 178 178 178 178 178 179 179 179 179 179 179 179 180 179 179 179 178 178 178 178 178 178 179 179 179 178 178 178 178 179 179 179 179 179 179 179 179 179 179 178 178
180 180 181 181 181 181 181 181 180 181 181 181 181 180 180 180 180 181 183 185 188 191 194 196 198 198 199 198 197 195 194 192 189 186 182 176 171 167 165 164 165 166 168 170 171 172 173 175 176 177 178 179 179 179 178 178 178 178 178 178 179 179 179 179 179 179 179 179 179 179 178 178 178 178 179 179 179 179 179 178 178 178 178 179 179 179 179 179 179 179 179 179 178 178
