data/NorthBerwickLaw_315_1_25m_ang.asc
ncols	257
nrows	257
xllcorner	3503625.000000
yllcorner	3730350.000000
cellsize	25.000000
NODATA_value	-1.000000
[rows 84 to 125 of 257, columns 94 to 187 of 257]
314 314 314 314 314 314 315 315 315 315 315 315 315 315 315 314 314 314 313 314 314 314 315 315 314 314 314 314 314 314 314 313 313 313 313 313 313 314 314 314 314 315 314 313 313 314 314 314 314 314 314 314 314 314 314 314 314 314 314 314 314 314 314 315 315 315 315 315 315 315 315 315 315 315 315 315 315 315 315 315 315 315 315 315 315 314 314 314 314 313 313 312 312 311
314 314 314 314 314 314 314 314 315 315 315 315 315 315 315 315 314 314 314 314 314 314 314 314 314 314 314 314 314 314 313 313 313 312 312 313 313 313 314 314 314 314 315 314 314 314 313 313 314 314 314 314 314 314 314 314 314 314 314 314 314 314 314 314 314 315 315 315 315 315 315 315 315 315 315 315 315 315 315 315 315 315 315 315 315 314 314 314 313 312 312 311 310 309
314 314 314 314 314 313 313 314 314 314 315 315 315 315 315 315 314 314 314 314 314 314 314 314 314 313 313 313 313 313 313 312 312 312 312 312 312 313 313 313 313 313 314 314 315 315 314 314 313 313 313 313 313 314 314 314 314 314 314 314 314 314 314 314 314 314 314 314 315 315 315 315 315 315 315 315 315 315 315 315 315 315 315 315 314 314 314 313 312 311 310 309 307 305
314 314 314 313 313 313 313 314 314 314 314 315 315 315 315 315 314 314 314 314 314 315 315 314 314 313 313 313 313 313 312 312 312 312 312 312 312 312 312 312 313 313 313 314 315 316 316 315 314 313 313 312 313 313 313 313 313 313 314 314 314 314 314 314 314 314 314 314 314 314 314 314 314 314 315 315 315 315 314 314 315 315 314 315 315 315 314 313 311 309 308 308 308 308
314 314 314 313 313 313 314 314 314 314 314 315 315 315 315 314 314 314 314 314 315 315 315 315 315 314 314 313 313 313 313 313 313 312 312 312 312 312 312 313 313 313 314 314 315 315 316 316 315 315 314 313 312 312 312 312 312 313 313 313 314 314 314 314 314 314 314 314 314 314 314 314 314 314 314 314 314 314 314 314 315 315 314 315 315 315 315 315 314 313 313 314 315 315
314 314 314 314 314 314 314 314 314 314 314 314 314 314 314 314 314 314 315 315 315 316 316 316 315 315 314 314 314 314 314 314 314 314 313 313 313 313 313 313 313 314 314 315 315 316 316 316 315 315 315 314 313 312 312 311 311 312 312 313 313 313 314 314 314 314 314 314 314 314 314 314 314 314 314 314 314 314 314 314 314 314 315 315 315 316 316 316 317 318 318 319 319 317
314 314 314 314 314 314 314 314 314 315 315 314 314 314 315 315 315 315 315 315 316 316 317 317 316 316 315 315 315 315 315 315 315 315 315 315 315 314 314 314 314 314 315 315 315 316 316 316 316 315 315 314 314 313 312 312 311 311 311 312 312 313 313 314 314 314 314 314 314 314 314 314 314 314 314 314 314 314 314 314 314 314 314 315 316 317 316 316 317 317 317 317 317 316
315 314 314 314 314 314 314 315 315 315 315 315 315 315 315 315 315 315 316 316 316 317 317 317 317 316 316 316 316 316 316 316 316 316 315 315 315 315 314 314 314 314 315 315 315 316 316 315 315 315 315 314 314 313 313 312 312 312 311 312 311 312 313 313 313 314 314 314 314 314 314 314 314 314 314 314 314 314 314 314 314 314 314 314 315 316 315 314 315 314 314 313 313 313
315 314 314 314 314 314 314 315 315 315 315 315 315 315 316 316 316 316 316 316 317 317 317 317 317 317 316 316 316 316 316 316 316 316 316 315 315 315 314 314 314 314 315 315 315 315 315 315 315 314 314 314 314 313 313 313 312 312 313 313 313 312 313 313 313 313 313 313 313 313 313 314 314 314 314 314 314 314 314 314 314 314 314 314 315 314 312 312 313 312 312 311 311 311
314 314 314 313 314 314 314 315 315 315 315 315 315 316 316 316 316 316 316 316 316 317 317 317 317 316 316 316 316 316 316 316 316 316 315 315 315 315 314 314 314 314 314 315 315 315 314 314 314 314 313 313 313 313 313 313 313 313 313 314 314 314 314 314 313 313 313 313 312 313 313 313 313 313 313 313 313 313 313 313 313 313 313 313 314 313 311 312 312 311 311 310 310 311
313 313 313 313 313 313 314 314 315 315 315 315 315 316 316 316 316 316 316 316 316 316 317 317 317 316 316 315 315 315 316 316 316 315 315 315 315 314 314 314 314 314 314 315 315 315 314 314 314 313 313 313 313 313 313 313 313 313 313 314 314 315 315 315 315 314 314 313 313 313 313 312 312 313 313 313 312 312 312 312 312 312 311 312 313 312 311 312 312 312 312 311 311 312
312 312 312 313 313 313 314 314 315 315 315 315 315 315 315 315 315 315 315 315 315 316 316 316 316 316 315 315 315 315 315 316 316 315 315 315 315 314 314 314 314 314 315 315 315 315 315 314 314 314 313 313 313 313 313 313 313 313 313 314 314 315 315 315 316 315 315 314 314 313 313 313 313 313 312 312 312 312 311 311 311 312 312 313 314 312 311 312 312 313 312 312 312 312
312 312 313 313 313 314 314 315 315 315 315 314 314 314 315 315 315 315 315 315 315 315 315 316 316 316 315 315 315 315 315 316 316 315 315 315 315 315 315 315 315 315 315 315 316 316 316 316 315 315 314 314 314 314 314 314 313 313 313 314 314 315 315 315 316 315 315 315 314 314 314 314 314 314 313 313 313 312 312 312 312 313 313 314 314 314 313 312 313 313 313 313 313 313
313 313 313 313 314 314 314 315 315 315 314 314 314 314 314 314 314 314 314 314 314 315 315 315 315 315 315 315 315 315 315 316 316 315 315 315 315 315 315 315 315 315 316 316 317 317 317 317 316 316 315 315 315 315 315 315 314 313 313 313 314 314 314 315 315 315 315 314 314 314 314 314 314 314 314 314 313 313 313 313 313 313 313 313 313 313 313 313 314 314 314 314 314 314
314 314 315 315 315 315 315 315 315 315 314 314 314 313 313 314 314 314 314 314 314 314 315 315 315 315 315 315 315 315 315 315 315 315 315 315 315 315 315 315 315 316 316 317 317 317 317 317 317 317 317 317 316 316 316 315 314 314 313 313 313 314 314 314 315 315 315 314 314 314 314 314 314 314 313 313 313 312 312 312 312 313 313 313 313 314 313 314 314 314 315 315 315 315
315 316 316 316 316 316 316 316 316 315 315 314 314 314 314 314 314 314 314 314 315 315 315 315 315 315 315 315 315 315 315 315 315 315 315 315 315 315 315 315 315 316 316 316 317 317 317 317 317 317 317 317 317 317 316 316 315 314 314 313 313 314 314 314 315 315 314 314 313 313 313 313 313 313 313 313 313 313 313 313 313 314 314 314 314 315 315 314 314 315 315 315 315 315
317 317 318 317 317 317 317 317 316 316 315 315 315 315 315 315 315 315 315 315 315 315 315 315 315 315 315 316 316 316 315 315 315 315 315 315 315 315 315 315 315 315 316 316 317 317 317 317 317 317 317 317 317 317 316 316 315 315 314 314 314 314 314 315 315 315 314 313 313 312 312 313 313 313 313 313 313 314 314 315 315 315 315 316 316 316 316 315 315 315 315 315 315 315
317 318 318 318 318 318 318 317 317 317 316 316 316 316 316 316 316 316 316 316 316 316 315 316 316 316 316 316 316 316 316 315 315 315 315 315 315 315 315 315 316 316 316 316 316 317 317 317 317 317 317 317 317 316 316 316 316 315 315 315 315 315 315 315 316 315 314 313 313 312 312 313 314 314 314 314 314 315 316 316 316 316 316 317 316 316 316 316 315 315 315 315 315 315
318 318 319 319 319 319 319 318 318 318 318 318 318 317 317 317 317 317 317 317 317 316 316 316 316 316 316 317 316 316 316 316 315 315 315 315 315 315 316 316 316 316 316 316 316 316 316 317 316 316 316 316 317 317 316 316 316 316 316 315 315 315 316 316 317 316 316 315 314 313 313 314 315 315 315 315 316 316 317 317 317 317 317 317 317 317 317 316 316 316 316 316 316 316
318 318 318 318 318 319 319 319 319 318 318 318 318 318 318 318 318 318 318 318 317 317 317 317 317 317 317 317 317 317 316 316 315 315 315 315 315 315 316 316 316 316 316 316 316 316 316 316 316 316 316 317 317 317 317 317 317 316 316 316 316 316 316 317 318 318 317 316 315 315 315 316 317 317 317 317 317 317 318 318 318 318 317 317 317 317 317 317 316 316 316 316 316 316
317 317 318 318 318 318 318 318 318 318 318 318 319 319 319 319 318 318 318 318 318 317 317 317 317 317 317 317 317 317 316 316 316 315 315 315 315 316 316 317 317 317 317 317 317 317 317 317 317 317 317 317 317 317 317 317 317 317 316 316 316 316 317 318 319 319 319 318 317 317 317 318 319 319 319 318 318 318 318 318 318 318 318 317 317 317 317 317 316 316 316 316 316 316
316 316 317 317 317 318 318 318 318 318 318 318 318 318 318 318 318 318 318 317 317 317 317 317 317 317 317 318 317 317 317 316 316 315 315 315 316 316 317 317 317 317 317 317 317 317 317 317 317 317 317 317 317 317 317 317 317 317 317 317 317 317 317 318 319 320 320 319 319 319 319 320 320 320 320 319 319 318 318 318 318 318 317 317 317 317 317 317 317 316 316 316 317 317
315 316 316 316 316 316 317 317 317 317 317 317 317 318 318 318 317 317 317 317 317 317 317 317 317 317 317 318 318 317 317 317 316 316 316 316 316 317 317 318 318 318 317 317 317 317 317 317 317 317 317 317 317 317 317 317 317 317 317 317 317 317 317 318 319 320 320 320 320 320 320 321 321 321 320 319 319 318 318 318 318 317 317 317 317 317 317 317 316 316 316 317 317 317
314 315 315 315 315 315 316 315 315 316 316 316 316 317 317 317 316 316 316 316 316 316 317 317 317 317 317 317 318 318 317 317 317 316 316 316 317 317 318 318 318 317 317 317 317 317 316 317 317 317 317 317 317 317 317 317 317 317 317 317 317 317 317 318 319 320 320 320 320 320 320 320 320 320 319 319 318 318 318 318 317 317 317 317 317 317 317 316 316 316 316 317 317 317
313 314 314 314 314 315 315 314 314 314 314 315 315 316 316 316 316 315 315 316 316 316 316 316 317 317 317 317 317 317 317 317 317 316 316 316 317 318 318 318 318 317 317 316 316 316 316 316 317 317 317 317 317 316 316 316 317 317 317 317 317 317 317 318 318 319 319 319 319 319 319 319 319 319 318 318 318 318 317 317 317 317 317 317 317 317 316 316 316 316 316 316 317 317
313 313 314 314 314 314 314 314 314 314 314 314 314 315 315 315 315 315 315 315 315 316 316 316 316 316 316 317 317 317 317 317 316 316 316 316 317 317 318 318 317 317 316 316 316 316 316 316 316 316 316 316 316 316 316 316 316 316 316 316 316 316 316 316 317 317 318 318 318 318 318 318 318 317 317 317 317 317 317 317 317 317 317 317 317 316 316 316 316 316 316 316 316 317
313 313 313 313 313 313 313 313 313 313 313 313 314 314 314 315 315 315 315 315 315 315 316 316 316 316 316 316 316 317 317 316 316 315 315 315 316 317 317 317 317 316 316 316 315 316 316 316 316 316 316 316 316 316 316 316 316 316 316 316 316 315 315 316 316 316 317 317 317 317 317 317 317 317 317 317 317 317 316 316 316 316 316 316 317 316 316 316 316 316 316 316 316 316
313 313 313 313 313 313 313 313 313 313 313 313 314 314 314 314 314 314 314 315 315 315 316 316 316 316 316 316 316 316 316 316 315 314 314 314 315 316 316 316 316 316 315 315 315 315 315 315 316 316 316 316 316 316 316 316 316 316 316 316 315 315 315 315 315 316 316 316 316 316 316 316 316 316 316 316 316 316 316 316 316 316 316 316 316 316 316 316 316 316 316 316 316 316
314 314 314 313 313 313 313 313 313 313 313 313 314 314 314 314 314 314 314 315 315 315 316 316 316 316 316 316 316 316 316 315 314 313 313 313 314 315 315 315 315 315 315 315 315 315 315 315 315 315 315 315 315 315 315 315 315 315 315 315 315 315 315 315 315 315 316 316 316 316 316 316 316 316 316 316 316 316 316 315 315 315 316 316 316 316 316 316 315 316 316 316 316 316
314 314 314 314 314 314 314 314 314 314 313 313 314 314 314 314 315 314 314 314 315 315 315 316 316 316 316 316 316 315 315 314 313 313 313 313 313 314 315 315 315 315 315 315 315 315 315 315 315 315 315 315 315 315 315 315 315 315 315 315 315 315 314 314 315 315 315 316 316 316 316 315 315 315 315 315 315 315 315 315 315 315 315 315 315 315 315 315 315 315 315 315 315 315
314 314 314 314 314 314 314 314 314 314 314 314 314 314 314 315 315 314 314 314 314 315 315 316 316 316 316 315 315 314 314 313 312 312 312 312 312 313 314 314 314 314 314 314 314 314 314 314 314 314 315 315 315 315 314 315 315 315 315 315 315 315 314 314 315 315 315 315 315 315 315 315 315 315 315 315 315 315 315 314 314 314 314 315 315 314 314 314 314 315 315 315 315 315
315 315 314 314 314 314 314 314 314 314 314 314 314 314 314 314 314 314 314 314 314 314 315 315 315 315 315 314 314 313 312 311 310 310 310 310 311 312 312 312 313 313 313 313 314 314 314 314 314 314 314 314 315 314 314 314 314 315 315 315 315 314 314 314 314 314 315 315 315 315 315 315 314 314 314 314 314 314 314 314 314 314 314 314 314 314 314 314 314 314 314 315 315 315
315 315 314 314 314 314 314 314 314 314 314 314 314 314 314 314 314 314 314 313 313 313 314 314 314 314 313 313 312 311 310 308 307 307 307 307 308 309 310 311 311 311 312 312 313 313 313 313 313 313 314 314 314 314 314 314 314 314 314 314 314 314 314 314 314 314 314 314 314 314 314 314 314 314 314 314 314 314 314 314 314 314 314 314 314 314 314 314 314 314 314 315 315 315
315 315 314 314 314 314 314 314 314 314 314 314 313 313 314 314 314 314 313 313 313 313 313 313 313 313 312 311 309 308 306 305 304 303 303 304 305 307 308 309 309 310 310 311 311 312 312 312 312 313 313 314 314 314 314 314 314 314 314 314 313 313 313 313 313 313 314 314 314 314 314 314 314 314 314 314 314 314 314 314 314 314 314 314 314 314 314 314 314 314 314 314 315 315
315 315 315 314 314 314 314 314 314 314 314 313 313 313 313 314 314 314 313 313 313 313 313 313 313 312 310 309 307 305 303 301 299 299 299 300 302 304 305 306 307 308 309 309 310 311 311 311 311 312 312 313 313 313 313 313 313 313 313 313 313 312 312 312 313 313 313 313 313 313 313 313 313 313 313 314 314 314 314 314 314 314 314 314 314 314 314 314 314 314 314 315 315 315
315 315 315 314 314 314 314 314 314 314 313 313 313 313 313 313 313 314 313 313 313 313 313 313 312 311 309 307 304 301 298 296 295 295 296 298 300 302 304 305 305 306 307 308 309 310 310 310 310 311 311 312 312 312 312 312 312 312 312 312 312 312 312 312 312 312 312 312 313 313 313 313 313 313 313 313 314 314 314 314 314 314 314 314 314 314 314 314 314 315 315 315 315 315
315 315 315 315 314 314 314 314 314 314 313 313 313 313 313 313 313 314 314 314 314 314 314 313 313 311 308 305 301 297 294 292 291 292 294 296 299 301 303 304 305 306 306 307 308 309 309 309 310 310 310 311 311 311 311 311 311 311 311 311 311 311 311 311 311 311 312 312 312 312 312 313 313 313 313 314 314 314 314 314 314 314 314 315 315 315 315 315 315 315 315 315 315 315
315 315 315 315 314 314 314 314 314 314 313 313 313 313 313 313 314 314 314 314 315 315 315 314 313 311 308 304 299 295 292 291 290 290 292 294 297 300 302 304 305 305 306 307 308 309 310 310 310 310 310 310 311 311 311 311 310 310 310 311 311 311 311 311 311 312 312 312 312 312 312 313 313 313 314 314 314 314 314 314 314 315 315 315 315 315 315 315 315 315 316 316 315 315
315 315 315 315 315 314 314 314 314 314 313 313 313 313 313 314 314 315 315 315 316 316 316 315 314 312 308 304 299 295 293 291 290 290 291 294 298 301 304 305 305 305 306 308 309 310 311 311 310 310 310 310 311 311 311 311 310 310 311 311 311 311 312 312 312 312 312 312 313 313 313 314 314 314 314 314 314 314 315 315 315 315 315 315 315 316 316 316 316 316 316 316 316 316
315 315 315 315 315 315 314 314 314 314 314 314 313 313 314 314 315 315 316 316 317 317 317 317 315 313 309 305 301 298 295 294 292 291 293 297 301 303 306 308 307 307 308 310 311 312 312 312 312 311 311 311 311 311 312 312 311 311 312 312 312 313 313 313 313 313 313 313 314 314 314 315 315 315 315 315 315 315 315 315 315 315 315 315 316 316 316 316 316 316 316 316 316 316
315 315 315 315 315 315 315 314 314 314 314 314 314 314 314 314 315 316 317 318 318 319 319 319 318 316 313 310 307 303 301 299 298 296 297 300 304 307 310 312 312 311 311 313 314 315 315 314 314 313 313 313 313 313 313 313 313 313 313 313 313 314 314 315 315 315 315 315 315 315 315 316 316 316 316 316 316 315 315 315 315 315 315 315 316 316 316 316 316 316 316 316 316 316
316 316 316 315 315 315 315 315 315 315 315 315 314 314 314 315 315 317 318 319 320 321 322 322 322 321 318 315 313 310 308 307 305 303 302 305 309 312 315 318 317 316 316 317 318 319 319 318 317 316 315 315 315 315 316 316 315 315 315 315 315 316 316 316 316 316 316 316 316 316 316 317 317 317 317 316 316 316 316 316 316 315 316 316 316 316 316 316 316 316 316 316 316 316
