data/NorthBerwickLaw_315_1_25m_vel.asc
ncols	257
nrows	257
xllcorner	3503625.000000
yllcorner	3730350.000000
cellsize	25.000000
NODATA_value	-1.000000
[rows 114 to 151 of 257, columns 84 to 167 of 257]
2.74 2.73 2.72 2.71 2.71 2.71 2.70 2.69 2.69 2.69 2.68 2.69 2.69 2.70 2.71 2.71 2.70 2.69 2.68 2.68 2.69 2.71 2.73 2.76 2.77 2.77 2.76 2.76 2.76 2.75 2.74 2.73 2.71 2.69 2.67 2.65 2.64 2.63 2.62 2.62 2.62 2.63 2.64 2.64 2.62 2.59 2.57 2.56 2.57 2.60 2.63 2.65 2.66 2.66 2.66 2.65 2.65 2.66 2.66 2.66 2.65 2.65 2.64 2.64 2.65 2.65 2.65 2.66 2.67 2.68 2.70 2.72 2.73 2.73 2.72 2.70 2.68 2.66 2.66 2.66 2.67 2.68 2.69 2.69
2.74 2.73 2.72 2.72 2.71 2.71 2.70 2.70 2.69 2.69 2.69 2.69 2.70 2.71 2.71 2.71 2.70 2.69 2.68 2.69 2.71 2.73 2.76 2.78 2.78 2.76 2.75 2.74 2.73 2.73 2.72 2.71 2.68 2.65 2.62 2.60 2.58 2.56 2.55 2.54 2.54 2.55 2.56 2.56 2.55 2.54 2.54 2.54 2.56 2.59 2.62 2.63 2.64 2.64 2.63 2.63 2.63 2.64 2.65 2.64 2.64 2.63 2.63 2.63 2.64 2.64 2.65 2.66 2.67 2.68 2.70 2.71 2.72 2.71 2.69 2.68 2.66 2.64 2.64 2.65 2.66 2.67 2.67 2.67
2.73 2.73 2.72 2.72 2.71 2.71 2.70 2.69 2.69 2.69 2.69 2.70 2.71 2.72 2.72 2.71 2.70 2.69 2.69 2.70 2.72 2.75 2.77 2.78 2.76 2.74 2.73 2.72 2.71 2.71 2.70 2.67 2.63 2.59 2.55 2.52 2.49 2.47 2.45 2.44 2.44 2.45 2.46 2.48 2.48 2.49 2.50 2.51 2.54 2.57 2.59 2.61 2.61 2.61 2.60 2.60 2.61 2.63 2.63 2.63 2.63 2.62 2.62 2.62 2.64 2.64 2.65 2.66 2.67 2.67 2.68 2.70 2.69 2.68 2.67 2.65 2.63 2.63 2.63 2.64 2.65 2.65 2.65 2.65
2.73 2.72 2.72 2.72 2.71 2.70 2.69 2.69 2.68 2.69 2.70 2.70 2.71 2.71 2.71 2.70 2.69 2.69 2.69 2.71 2.73 2.75 2.77 2.76 2.74 2.72 2.70 2.69 2.69 2.68 2.67 2.63 2.58 2.53 2.47 2.42 2.38 2.35 2.33 2.31 2.32 2.34 2.36 2.39 2.42 2.44 2.47 2.49 2.52 2.55 2.57 2.58 2.58 2.58 2.58 2.58 2.60 2.61 2.62 2.62 2.61 2.61 2.61 2.62 2.63 2.64 2.65 2.65 2.65 2.65 2.66 2.67 2.66 2.65 2.64 2.62 2.62 2.61 2.62 2.63 2.63 2.64 2.64 2.64
2.72 2.71 2.71 2.71 2.70 2.69 2.69 2.68 2.69 2.69 2.70 2.71 2.71 2.71 2.70 2.69 2.69 2.69 2.70 2.71 2.73 2.75 2.75 2.74 2.72 2.70 2.68 2.67 2.67 2.66 2.63 2.58 2.52 2.45 2.38 2.32 2.26 2.22 2.20 2.19 2.20 2.22 2.27 2.32 2.38 2.43 2.47 2.50 2.52 2.53 2.54 2.55 2.55 2.56 2.56 2.57 2.58 2.59 2.60 2.60 2.60 2.59 2.59 2.61 2.62 2.62 2.63 2.63 2.62 2.62 2.63 2.63 2.63 2.62 2.61 2.60 2.60 2.60 2.61 2.62 2.62 2.62 2.63 2.63
2.71 2.71 2.71 2.70 2.70 2.69 2.68 2.68 2.69 2.70 2.70 2.70 2.70 2.70 2.69 2.69 2.69 2.69 2.70 2.71 2.72 2.73 2.73 2.72 2.70 2.68 2.67 2.66 2.65 2.64 2.60 2.54 2.46 2.37 2.28 2.20 2.14 2.09 2.06 2.05 2.07 2.12 2.20 2.29 2.39 2.46 2.50 2.52 2.52 2.52 2.53 2.54 2.55 2.56 2.55 2.56 2.56 2.57 2.58 2.58 2.58 2.58 2.58 2.59 2.59 2.59 2.59 2.59 2.59 2.59 2.60 2.60 2.60 2.59 2.59 2.58 2.58 2.59 2.60 2.61 2.61 2.62 2.62 2.63
2.70 2.70 2.70 2.70 2.69 2.69 2.68 2.69 2.69 2.70 2.70 2.70 2.70 2.69 2.68 2.68 2.68 2.69 2.70 2.70 2.71 2.72 2.71 2.70 2.69 2.68 2.67 2.66 2.65 2.62 2.57 2.48 2.38 2.28 2.17 2.08 2.01 1.95 1.91 1.91 1.96 2.05 2.17 2.31 2.44 2.52 2.55 2.55 2.54 2.54 2.54 2.55 2.56 2.56 2.56 2.56 2.57 2.57 2.58 2.58 2.57 2.56 2.56 2.57 2.57 2.56 2.56 2.56 2.56 2.57 2.58 2.59 2.58 2.58 2.57 2.57 2.57 2.59 2.60 2.61 2.61 2.62 2.63 2.65
2.70 2.70 2.69 2.69 2.69 2.69 2.69 2.69 2.70 2.70 2.69 2.69 2.69 2.68 2.68 2.68 2.68 2.68 2.69 2.70 2.70 2.71 2.71 2.70 2.69 2.69 2.68 2.67 2.65 2.60 2.52 2.42 2.30 2.17 2.05 1.95 1.86 1.80 1.78 1.81 1.89 2.02 2.18 2.35 2.50 2.59 2.62 2.61 2.60 2.58 2.56 2.57 2.59 2.59 2.59 2.59 2.59 2.58 2.57 2.57 2.56 2.56 2.55 2.55 2.54 2.53 2.53 2.54 2.55 2.57 2.58 2.59 2.58 2.58 2.58 2.58 2.59 2.60 2.61 2.62 2.64 2.65 2.66 2.68
2.70 2.69 2.69 2.69 2.69 2.69 2.69 2.69 2.70 2.69 2.69 2.68 2.68 2.67 2.67 2.68 2.68 2.69 2.69 2.70 2.70 2.71 2.71 2.71 2.71 2.71 2.70 2.68 2.63 2.56 2.46 2.33 2.19 2.05 1.92 1.81 1.73 1.68 1.69 1.76 1.87 2.02 2.19 2.39 2.58 2.70 2.73 2.73 2.69 2.62 2.59 2.61 2.65 2.67 2.65 2.63 2.61 2.59 2.58 2.58 2.57 2.56 2.55 2.54 2.53 2.52 2.53 2.55 2.57 2.60 2.61 2.61 2.60 2.60 2.61 2.61 2.62 2.64 2.65 2.66 2.68 2.70 2.71 2.72
2.70 2.69 2.69 2.69 2.70 2.70 2.70 2.69 2.69 2.69 2.68 2.68 2.67 2.67 2.68 2.68 2.69 2.70 2.70 2.71 2.71 2.71 2.72 2.73 2.73 2.73 2.72 2.68 2.61 2.50 2.37 2.23 2.07 1.92 1.79 1.69 1.63 1.62 1.65 1.75 1.89 2.04 2.22 2.46 2.72 2.88 2.90 2.88 2.80 2.69 2.65 2.71 2.77 2.77 2.73 2.68 2.64 2.61 2.60 2.60 2.60 2.58 2.57 2.55 2.54 2.55 2.57 2.60 2.62 2.64 2.66 2.65 2.65 2.65 2.66 2.66 2.67 2.69 2.71 2.73 2.74 2.75 2.75 2.75
2.70 2.69 2.70 2.70 2.70 2.70 2.70 2.69 2.69 2.69 2.68 2.68 2.68 2.68 2.68 2.69 2.70 2.71 2.72 2.72 2.73 2.73 2.74 2.75 2.76 2.75 2.72 2.65 2.56 2.43 2.28 2.12 1.96 1.82 1.71 1.63 1.61 1.63 1.70 1.81 1.97 2.12 2.30 2.56 2.87 3.07 3.11 3.07 2.98 2.86 2.82 2.88 2.92 2.88 2.81 2.75 2.69 2.65 2.65 2.65 2.63 2.61 2.60 2.60 2.60 2.61 2.64 2.67 2.69 2.71 2.72 2.71 2.71 2.71 2.71 2.72 2.74 2.76 2.78 2.80 2.80 2.80 2.79 2.78
2.70 2.70 2.70 2.70 2.70 2.70 2.70 2.70 2.70 2.69 2.69 2.69 2.69 2.69 2.70 2.71 2.72 2.73 2.74 2.74 2.75 2.75 2.77 2.78 2.78 2.76 2.70 2.61 2.49 2.35 2.19 2.03 1.88 1.77 1.70 1.66 1.67 1.73 1.84 1.97 2.14 2.30 2.47 2.73 3.04 3.28 3.35 3.34 3.25 3.13 3.07 3.10 3.09 3.02 2.93 2.85 2.78 2.73 2.72 2.72 2.70 2.69 2.69 2.70 2.70 2.72 2.75 2.77 2.78 2.80 2.80 2.78 2.77 2.78 2.78 2.79 2.81 2.83 2.85 2.85 2.85 2.83 2.81 2.80
2.70 2.71 2.71 2.71 2.71 2.71 2.71 2.71 2.71 2.71 2.71 2.71 2.71 2.72 2.72 2.73 2.75 2.76 2.76 2.76 2.76 2.77 2.78 2.79 2.78 2.74 2.67 2.56 2.42 2.26 2.11 1.98 1.86 1.79 1.76 1.76 1.82 1.94 2.08 2.24 2.42 2.59 2.76 2.99 3.29 3.51 3.60 3.58 3.51 3.39 3.32 3.32 3.27 3.16 3.05 2.95 2.87 2.83 2.82 2.83 2.82 2.81 2.82 2.82 2.83 2.85 2.87 2.88 2.88 2.88 2.87 2.85 2.84 2.84 2.85 2.85 2.87 2.88 2.89 2.89 2.87 2.85 2.82 2.80
2.71 2.71 2.72 2.72 2.72 2.72 2.72 2.72 2.73 2.73 2.73 2.73 2.73 2.74 2.75 2.75 2.77 2.77 2.77 2.77 2.77 2.78 2.79 2.79 2.76 2.71 2.61 2.49 2.35 2.21 2.08 1.97 1.90 1.88 1.90 1.97 2.08 2.24 2.42 2.59 2.78 2.97 3.14 3.34 3.54 3.65 3.69 3.66 3.60 3.53 3.50 3.46 3.36 3.23 3.11 3.02 2.96 2.94 2.94 2.94 2.93 2.93 2.93 2.94 2.95 2.96 2.97 2.97 2.95 2.94 2.92 2.90 2.89 2.89 2.89 2.89 2.90 2.91 2.91 2.89 2.86 2.83 2.81 2.79
2.72 2.73 2.73 2.73 2.73 2.73 2.73 2.74 2.74 2.74 2.74 2.74 2.74 2.75 2.76 2.77 2.77 2.78 2.77 2.77 2.78 2.78 2.78 2.77 2.73 2.66 2.56 2.44 2.32 2.20 2.10 2.03 2.01 2.04 2.12 2.24 2.40 2.60 2.80 2.98 3.17 3.34 3.47 3.58 3.65 3.64 3.60 3.56 3.53 3.51 3.49 3.41 3.30 3.18 3.10 3.04 3.01 3.01 3.01 3.00 2.99 3.00 3.01 3.02 3.02 3.02 3.01 2.99 2.97 2.96 2.94 2.92 2.91 2.91 2.91 2.91 2.91 2.91 2.89 2.86 2.83 2.80 2.79 2.79
2.74 2.74 2.74 2.73 2.73 2.74 2.74 2.75 2.75 2.75 2.74 2.74 2.75 2.75 2.76 2.77 2.77 2.77 2.77 2.78 2.78 2.78 2.77 2.74 2.69 2.62 2.53 2.43 2.32 2.23 2.17 2.14 2.17 2.24 2.36 2.53 2.72 2.94 3.15 3.34 3.48 3.58 3.61 3.63 3.61 3.53 3.43 3.33 3.27 3.23 3.20 3.14 3.07 3.02 2.99 2.98 2.98 2.98 2.99 2.99 3.00 3.01 3.02 3.02 3.01 2.99 2.98 2.97 2.96 2.94 2.92 2.90 2.90 2.90 2.90 2.90 2.90 2.88 2.85 2.82 2.80 2.79 2.78 2.79
2.74 2.74 2.74 2.73 2.73 2.73 2.74 2.74 2.74 2.74 2.74 2.74 2.74 2.75 2.75 2.76 2.76 2.77 2.77 2.77 2.76 2.75 2.74 2.71 2.66 2.59 2.51 2.44 2.36 2.30 2.27 2.28 2.34 2.45 2.61 2.80 3.02 3.25 3.43 3.57 3.63 3.64 3.61 3.58 3.51 3.38 3.21 3.02 2.87 2.81 2.79 2.78 2.77 2.78 2.80 2.81 2.84 2.86 2.89 2.91 2.93 2.94 2.94 2.94 2.93 2.93 2.92 2.91 2.90 2.88 2.87 2.86 2.86 2.87 2.87 2.86 2.85 2.83 2.81 2.79 2.78 2.77 2.78 2.78
2.74 2.74 2.73 2.72 2.72 2.72 2.73 2.73 2.73 2.73 2.73 2.72 2.72 2.73 2.73 2.74 2.75 2.75 2.75 2.75 2.74 2.73 2.70 2.67 2.63 2.57 2.52 2.47 2.42 2.39 2.39 2.43 2.52 2.66 2.84 3.05 3.27 3.46 3.58 3.64 3.63 3.60 3.56 3.50 3.39 3.20 2.96 2.74 2.56 2.48 2.47 2.48 2.51 2.54 2.59 2.63 2.68 2.72 2.75 2.78 2.81 2.82 2.83 2.84 2.84 2.84 2.84 2.83 2.81 2.80 2.80 2.80 2.81 2.81 2.81 2.80 2.79 2.77 2.76 2.75 2.75 2.75 2.76 2.76
2.73 2.73 2.72 2.71 2.70 2.71 2.71 2.71 2.71 2.71 2.71 2.71 2.71 2.72 2.72 2.73 2.74 2.74 2.73 2.73 2.71 2.70 2.68 2.65 2.61 2.58 2.55 2.52 2.50 2.50 2.53 2.59 2.70 2.85 3.05 3.25 3.42 3.54 3.59 3.59 3.57 3.53 3.48 3.39 3.23 2.99 2.75 2.54 2.38 2.29 2.27 2.28 2.31 2.37 2.44 2.50 2.56 2.60 2.63 2.66 2.69 2.71 2.73 2.75 2.76 2.76 2.75 2.74 2.73 2.72 2.73 2.73 2.74 2.74 2.74 2.73 2.72 2.72 2.72 2.72 2.72 2.73 2.73 2.73
2.72 2.71 2.70 2.69 2.69 2.69 2.69 2.70 2.70 2.70 2.70 2.70 2.70 2.71 2.71 2.72 2.72 2.72 2.71 2.70 2.69 2.67 2.65 2.63 2.61 2.60 2.59 2.59 2.58 2.59 2.64 2.72 2.84 3.01 3.19 3.35 3.46 3.52 3.53 3.51 3.48 3.43 3.36 3.23 3.04 2.80 2.58 2.40 2.25 2.15 2.13 2.16 2.20 2.26 2.35 2.42 2.48 2.52 2.56 2.59 2.62 2.65 2.67 2.69 2.70 2.70 2.69 2.67 2.66 2.66 2.67 2.67 2.68 2.68 2.68 2.68 2.68 2.68 2.69 2.69 2.70 2.70 2.70 2.70
2.70 2.69 2.68 2.67 2.67 2.67 2.68 2.69 2.69 2.69 2.69 2.69 2.69 2.70 2.70 2.71 2.71 2.70 2.69 2.68 2.66 2.65 2.63 2.62 2.62 2.63 2.63 2.64 2.64 2.66 2.71 2.81 2.94 3.10 3.25 3.36 3.43 3.45 3.44 3.42 3.37 3.30 3.20 3.05 2.87 2.65 2.44 2.28 2.15 2.07 2.06 2.10 2.15 2.22 2.30 2.38 2.44 2.48 2.52 2.56 2.59 2.61 2.64 2.65 2.66 2.66 2.64 2.63 2.62 2.62 2.63 2.63 2.64 2.64 2.65 2.65 2.65 2.66 2.67 2.67 2.68 2.68 2.68 2.68
2.68 2.67 2.66 2.65 2.66 2.66 2.68 2.69 2.69 2.69 2.69 2.68 2.69 2.69 2.69 2.69 2.69 2.68 2.67 2.65 2.64 2.64 2.63 2.64 2.65 2.66 2.67 2.68 2.68 2.70 2.76 2.85 2.97 3.10 3.22 3.30 3.33 3.34 3.32 3.29 3.24 3.16 3.04 2.89 2.72 2.53 2.34 2.20 2.10 2.04 2.04 2.08 2.14 2.21 2.30 2.37 2.42 2.47 2.51 2.54 2.57 2.59 2.62 2.63 2.63 2.62 2.61 2.60 2.60 2.60 2.61 2.61 2.62 2.62 2.63 2.63 2.64 2.65 2.66 2.66 2.67 2.67 2.67 2.67
2.66 2.65 2.64 2.64 2.65 2.66 2.68 2.69 2.69 2.69 2.68 2.68 2.68 2.68 2.68 2.68 2.67 2.66 2.66 2.65 2.64 2.64 2.65 2.66 2.67 2.69 2.70 2.70 2.70 2.72 2.77 2.85 2.95 3.06 3.15 3.20 3.22 3.22 3.20 3.15 3.09 3.00 2.89 2.74 2.58 2.43 2.28 2.17 2.09 2.04 2.05 2.09 2.16 2.23 2.31 2.38 2.42 2.46 2.50 2.53 2.56 2.58 2.60 2.61 2.61 2.60 2.59 2.58 2.58 2.59 2.59 2.60 2.61 2.62 2.63 2.64 2.64 2.66 2.66 2.67 2.67 2.68 2.68 2.68
2.64 2.64 2.64 2.64 2.66 2.67 2.68 2.69 2.69 2.69 2.68 2.68 2.68 2.67 2.67 2.67 2.66 2.66 2.65 2.65 2.65 2.65 2.66 2.67 2.69 2.70 2.70 2.70 2.70 2.71 2.76 2.82 2.90 2.99 3.06 3.09 3.10 3.10 3.08 3.03 2.96 2.86 2.75 2.62 2.49 2.36 2.25 2.15 2.08 2.06 2.08 2.12 2.19 2.26 2.33 2.38 2.43 2.47 2.50 2.53 2.56 2.58 2.59 2.59 2.59 2.59 2.58 2.58 2.58 2.59 2.59 2.60 2.62 2.63 2.64 2.66 2.66 2.68 2.68 2.69 2.69 2.70 2.70 2.71
2.64 2.64 2.64 2.65 2.67 2.68 2.69 2.69 2.69 2.69 2.68 2.67 2.66 2.66 2.66 2.66 2.66 2.66 2.66 2.66 2.66 2.66 2.67 2.68 2.69 2.70 2.70 2.69 2.69 2.70 2.73 2.78 2.84 2.91 2.96 2.99 3.00 3.00 2.97 2.91 2.83 2.74 2.64 2.54 2.43 2.32 2.23 2.15 2.10 2.09 2.12 2.16 2.22 2.28 2.34 2.39 2.43 2.47 2.50 2.53 2.55 2.57 2.58 2.58 2.58 2.58 2.58 2.58 2.58 2.59 2.60 2.62 2.63 2.65 2.66 2.68 2.69 2.70 2.70 2.71 2.72 2.72 2.73 2.74
2.64 2.64 2.65 2.66 2.68 2.69 2.70 2.70 2.69 2.69 2.67 2.66 2.66 2.66 2.66 2.67 2.67 2.67 2.67 2.67 2.67 2.67 2.68 2.69 2.69 2.69 2.69 2.68 2.67 2.68 2.71 2.75 2.80 2.85 2.89 2.91 2.91 2.89 2.85 2.79 2.72 2.64 2.56 2.48 2.39 2.30 2.22 2.16 2.13 2.13 2.16 2.21 2.26 2.31 2.36 2.41 2.45 2.48 2.50 2.53 2.55 2.56 2.57 2.58 2.58 2.58 2.58 2.58 2.59 2.60 2.61 2.63 2.65 2.67 2.68 2.69 2.70 2.71 2.72 2.73 2.74 2.74 2.75 2.75
2.65 2.65 2.66 2.68 2.69 2.70 2.70 2.70 2.69 2.68 2.67 2.66 2.66 2.66 2.67 2.68 2.69 2.68 2.68 2.68 2.68 2.68 2.68 2.68 2.68 2.68 2.67 2.66 2.66 2.67 2.69 2.72 2.77 2.80 2.83 2.83 2.82 2.78 2.74 2.70 2.64 2.58 2.51 2.44 2.36 2.28 2.23 2.19 2.18 2.18 2.21 2.25 2.30 2.34 2.39 2.43 2.46 2.49 2.51 2.53 2.55 2.57 2.58 2.58 2.59 2.59 2.59 2.60 2.60 2.62 2.63 2.65 2.67 2.68 2.70 2.71 2.72 2.73 2.74 2.74 2.75 2.75 2.75 2.75
2.65 2.66 2.67 2.69 2.70 2.70 2.70 2.70 2.69 2.67 2.66 2.66 2.66 2.67 2.68 2.69 2.70 2.69 2.69 2.68 2.68 2.68 2.68 2.67 2.67 2.67 2.66 2.66 2.66 2.67 2.69 2.71 2.74 2.76 2.76 2.75 2.74 2.71 2.68 2.64 2.59 2.53 2.47 2.41 2.35 2.30 2.26 2.24 2.24 2.24 2.27 2.31 2.35 2.39 2.43 2.46 2.48 2.50 2.52 2.55 2.57 2.58 2.59 2.60 2.60 2.60 2.61 2.62 2.63 2.64 2.65 2.67 2.69 2.70 2.71 2.72 2.73 2.74 2.75 2.75 2.75 2.75 2.75 2.75
2.66 2.67 2.68 2.70 2.70 2.70 2.69 2.69 2.68 2.67 2.66 2.66 2.67 2.68 2.69 2.70 2.71 2.70 2.69 2.68 2.68 2.67 2.67 2.67 2.67 2.67 2.67 2.67 2.67 2.68 2.69 2.71 2.72 2.73 2.72 2.71 2.69 2.67 2.65 2.61 2.57 2.51 2.46 2.42 2.38 2.35 2.33 2.31 2.31 2.32 2.34 2.38 2.42 2.45 2.47 2.49 2.51 2.53 2.56 2.58 2.60 2.61 2.61 2.62 2.62 2.63 2.63 2.64 2.65 2.66 2.68 2.70 2.71 2.72 2.73 2.74 2.74 2.75 2.75 2.75 2.75 2.74 2.74 2.73
2.67 2.68 2.69 2.70 2.70 2.69 2.69 2.68 2.67 2.66 2.66 2.67 2.68 2.69 2.71 2.71 2.71 2.70 2.69 2.68 2.67 2.67 2.67 2.67 2.68 2.68 2.68 2.68 2.69 2.69 2.70 2.71 2.71 2.71 2.70 2.69 2.68 2.66 2.63 2.60 2.56 2.52 2.49 2.47 2.44 2.42 2.40 2.39 2.39 2.40 2.43 2.46 2.49 2.51 2.53 2.54 2.56 2.59 2.61 2.63 2.64 2.65 2.65 2.65 2.65 2.66 2.66 2.67 2.68 2.69 2.71 2.72 2.73 2.74 2.74 2.74 2.75 2.75 2.75 2.75 2.74 2.73 2.73 2.72
2.69 2.70 2.70 2.71 2.70 2.69 2.69 2.68 2.67 2.67 2.67 2.68 2.69 2.70 2.71 2.72 2.71 2.70 2.69 2.68 2.68 2.67 2.67 2.68 2.68 2.69 2.69 2.70 2.71 2.71 2.71 2.72 2.71 2.71 2.70 2.69 2.68 2.66 2.64 2.61 2.58 2.56 2.55 2.53 2.51 2.50 2.48 2.47 2.48 2.49 2.51 2.53 2.55 2.57 2.58 2.60 2.62 2.64 2.66 2.68 2.69 2.68 2.68 2.68 2.68 2.68 2.69 2.70 2.71 2.72 2.73 2.74 2.74 2.75 2.75 2.75 2.75 2.75 2.75 2.74 2.74 2.73 2.72 2.71
2.70 2.71 2.71 2.71 2.71 2.70 2.69 2.68 2.67 2.67 2.68 2.69 2.70 2.71 2.72 2.73 2.72 2.71 2.70 2.69 2.68 2.68 2.68 2.69 2.70 2.70 2.71 2.72 2.72 2.73 2.73 2.73 2.72 2.72 2.72 2.71 2.70 2.68 2.67 2.65 2.63 2.62 2.61 2.60 2.59 2.58 2.56 2.56 2.56 2.57 2.58 2.60 2.61 2.63 2.64 2.66 2.67 2.69 2.71 2.72 2.72 2.72 2.71 2.71 2.71 2.71 2.72 2.73 2.73 2.74 2.74 2.75 2.75 2.75 2.75 2.75 2.75 2.75 2.74 2.74 2.73 2.71 2.70 2.69
2.72 2.72 2.72 2.72 2.71 2.70 2.69 2.68 2.68 2.68 2.69 2.70 2.72 2.73 2.74 2.74 2.73 2.72 2.70 2.69 2.68 2.69 2.69 2.70 2.71 2.72 2.73 2.74 2.74 2.74 2.74 2.74 2.74 2.73 2.73 2.73 2.72 2.71 2.70 2.69 2.69 2.69 2.68 2.67 2.66 2.64 2.63 2.62 2.63 2.63 2.64 2.65 2.66 2.67 2.69 2.70 2.72 2.74 2.75 2.76 2.75 2.74 2.73 2.73 2.73 2.73 2.74 2.74 2.74 2.75 2.75 2.75 2.75 2.75 2.74 2.74 2.74 2.74 2.74 2.73 2.71 2.70 2.69 2.69
2.74 2.74 2.73 2.72 2.71 2.70 2.69 2.69 2.69 2.70 2.71 2.72 2.74 2.75 2.75 2.75 2.73 2.72 2.70 2.69 2.69 2.70 2.71 2.72 2.73 2.74 2.75 2.75 2.75 2.75 2.75 2.75 2.75 2.75 2.75 2.74 2.74 2.74 2.73 2.74 2.74 2.74 2.74 2.72 2.70 2.69 2.67 2.67 2.67 2.68 2.68 2.69 2.69 2.71 2.72 2.74 2.76 2.77 2.77 2.77 2.76 2.75 2.74 2.74 2.74 2.74 2.75 2.75 2.75 2.75 2.75 2.75 2.74 2.74 2.74 2.74 2.74 2.74 2.73 2.72 2.70 2.69 2.69 2.68
2.74 2.73 2.73 2.72 2.70 2.70 2.70 2.70 2.70 2.71 2.73 2.74 2.76 2.76 2.76 2.75 2.73 2.72 2.70 2.70 2.70 2.71 2.72 2.73 2.74 2.75 2.76 2.76 2.76 2.76 2.76 2.76 2.76 2.76 2.76 2.75 2.75 2.76 2.76 2.77 2.78 2.77 2.76 2.74 2.72 2.71 2.70 2.71 2.71 2.71 2.71 2.71 2.72 2.74 2.75 2.76 2.77 2.77 2.77 2.77 2.76 2.75 2.75 2.74 2.74 2.75 2.75 2.76 2.76 2.75 2.75 2.74 2.73 2.73 2.73 2.74 2.74 2.73 2.72 2.71 2.70 2.69 2.69 2.69
2.73 2.72 2.71 2.70 2.70 2.69 2.69 2.70 2.71 2.73 2.74 2.76 2.77 2.77 2.76 2.74 2.73 2.71 2.70 2.70 2.71 2.72 2.73 2.74 2.75 2.76 2.77 2.77 2.76 2.76 2.76 2.76 2.76 2.76 2.76 2.76 2.77 2.77 2.78 2.79 2.79 2.78 2.76 2.75 2.74 2.73 2.73 2.73 2.73 2.73 2.73 2.74 2.74 2.75 2.76 2.77 2.77 2.77 2.77 2.77 2.76 2.75 2.75 2.74 2.74 2.75 2.76 2.76 2.76 2.75 2.74 2.73 2.72 2.73 2.74 2.74 2.74 2.73 2.72 2.70 2.70 2.69 2.69 2.70
2.72 2.71 2.70 2.69 2.69 2.69 2.69 2.70 2.72 2.74 2.75 2.76 2.77 2.76 2.75 2.73 2.72 2.71 2.70 2.71 2.71 2.72 2.73 2.75 2.76 2.76 2.76 2.76 2.76 2.76 2.76 2.76 2.76 2.76 2.76 2.76 2.77 2.78 2.78 2.78 2.78 2.77 2.75 2.75 2.74 2.74 2.74 2.74 2.74 2.74 2.74 2.75 2.75 2.76 2.76 2.77 2.77 2.77 2.76 2.76 2.75 2.75 2.74 2.75 2.75 2.75 2.76 2.76 2.75 2.74 2.73 2.73 2.73 2.73 2.74 2.74 2.74 2.73 2.72 2.71 2.70 2.71 2.71 2.71
2.70 2.70 2.69 2.69 2.68 2.69 2.70 2.71 2.73 2.74 2.75 2.76 2.76 2.74 2.73 2.72 2.71 2.70 2.70 2.71 2.72 2.73 2.74 2.75 2.75 2.76 2.76 2.76 2.76 2.76 2.76 2.76 2.76 2.76 2.76 2.76 2.76 2.77 2.77 2.77 2.76 2.75 2.74 2.74 2.74 2.74 2.74 2.74 2.74 2.74 2.74 2.74 2.75 2.75 2.76 2.76 2.76 2.76 2.75 2.75 2.75 2.75 2.74 2.75 2.75 2.75 2.75 2.75 2.75 2.74 2.73 2.73 2.73 2.74 2.75 2.75 2.75 2.74 2.73 2.72 2.72 2.72 2.73 2.73
