data/NorthBerwickLaw_270_1_25m_vel_mm.asc
ncols	257
nrows	257
xllcorner	3529825.000000
yllcorner	3727275.000000
cellsize	25.000000
NODATA_value	-9999.000000
[rows 190 to 227 of 257, columns 0 to 83 of 257]
0.92 0.92 0.92 0.92 0.92 0.91 0.91 0.91 0.91 0.91 0.91 0.91 0.91 0.91 0.91 0.91 0.91 0.92 0.92 0.92 0.92 0.92 0.92 0.92 0.92 0.91 0.91 0.91 0.91 0.91 0.91 0.91 0.91 0.90 0.90 0.89 0.90 0.91 0.91 0.92 0.93 0.93 0.94 0.95 0.94 0.94 0.95 0.95 0.95 0.94 0.94 0.94 0.94 0.95 0.95 0.96 0.97 0.97 0.98 0.99 0.99 0.99 0.99 0.99 0.97 0.96 0.95 0.94 0.93 0.92 0.91 0.90 0.88 0.87 0.86 0.85 0.84 0.83 0.82 0.82 0.82 0.82 0.82 0.81
0.92 0.92 0.92 0.92 0.92 0.91 0.91 0.91 0.91 0.91 0.91 0.91 0.91 0.91 0.91 0.91 0.91 0.91 0.91 0.91 0.92 0.92 0.92 0.92 0.91 0.91 0.91 0.90 0.91 0.91 0.91 0.91 0.90 0.90 0.89 0.88 0.90 0.91 0.91 0.92 0.92 0.93 0.94 0.95 0.94 0.95 0.95 0.95 0.95 0.94 0.94 0.93 0.94 0.95 0.95 0.96 0.96 0.97 0.98 0.99 0.98 0.98 0.99 0.99 0.97 0.95 0.94 0.93 0.92 0.91 0.90 0.89 0.87 0.86 0.85 0.83 0.83 0.82 0.81 0.80 0.80 0.80 0.80 0.80
0.92 0.92 0.92 0.92 0.92 0.92 0.91 0.91 0.91 0.91 0.91 0.91 0.91 0.91 0.91 0.91 0.91 0.91 0.91 0.91 0.91 0.91 0.92 0.92 0.91 0.91 0.90 0.90 0.90 0.90 0.90 0.90 0.90 0.89 0.88 0.87 0.89 0.90 0.91 0.91 0.92 0.93 0.94 0.95 0.95 0.95 0.95 0.95 0.94 0.94 0.93 0.93 0.94 0.95 0.95 0.95 0.96 0.97 0.98 0.99 0.98 0.98 0.99 0.99 0.96 0.94 0.93 0.92 0.90 0.89 0.88 0.87 0.85 0.84 0.83 0.81 0.81 0.80 0.79 0.78 0.79 0.79 0.78 0.78
0.92 0.92 0.92 0.92 0.92 0.92 0.91 0.91 0.91 0.91 0.91 0.91 0.91 0.91 0.91 0.91 0.91 0.91 0.91 0.90 0.91 0.91 0.91 0.91 0.91 0.90 0.90 0.90 0.90 0.90 0.90 0.89 0.89 0.89 0.88 0.87 0.89 0.90 0.91 0.91 0.92 0.93 0.94 0.95 0.95 0.95 0.95 0.95 0.95 0.94 0.94 0.93 0.94 0.95 0.95 0.95 0.96 0.96 0.97 0.98 0.98 0.98 0.99 0.99 0.96 0.94 0.93 0.92 0.90 0.88 0.87 0.86 0.84 0.83 0.81 0.80 0.80 0.79 0.78 0.77 0.77 0.78 0.78 0.78
0.92 0.92 0.92 0.92 0.92 0.92 0.91 0.91 0.91 0.91 0.91 0.91 0.91 0.91 0.91 0.90 0.90 0.90 0.90 0.89 0.90 0.90 0.91 0.91 0.90 0.90 0.89 0.89 0.89 0.89 0.89 0.89 0.89 0.89 0.88 0.87 0.89 0.90 0.91 0.91 0.92 0.93 0.94 0.96 0.95 0.95 0.95 0.95 0.95 0.94 0.94 0.94 0.94 0.95 0.95 0.95 0.96 0.96 0.97 0.97 0.98 0.99 1.00 1.01 0.97 0.95 0.93 0.92 0.90 0.88 0.87 0.85 0.84 0.82 0.81 0.79 0.79 0.78 0.77 0.76 0.76 0.76 0.76 0.76
0.92 0.92 0.92 0.92 0.92 0.91 0.91 0.91 0.91 0.91 0.91 0.91 0.90 0.90 0.90 0.90 0.90 0.89 0.88 0.88 0.89 0.89 0.90 0.90 0.89 0.89 0.89 0.88 0.89 0.88 0.88 0.88 0.88 0.88 0.88 0.87 0.89 0.90 0.90 0.91 0.92 0.93 0.94 0.96 0.95 0.94 0.95 0.95 0.94 0.94 0.94 0.94 0.94 0.95 0.95 0.95 0.95 0.96 0.96 0.96 0.98 0.99 1.00 1.01 0.97 0.95 0.94 0.92 0.90 0.88 0.86 0.85 0.83 0.81 0.79 0.78 0.77 0.76 0.75 0.75 0.75 0.75 0.75 0.75
0.92 0.92 0.92 0.92 0.92 0.92 0.91 0.91 0.91 0.91 0.91 0.90 0.90 0.90 0.90 0.89 0.89 0.88 0.87 0.87 0.88 0.88 0.89 0.89 0.89 0.88 0.88 0.88 0.88 0.88 0.88 0.87 0.88 0.88 0.88 0.87 0.89 0.90 0.90 0.91 0.92 0.93 0.94 0.95 0.94 0.94 0.94 0.95 0.94 0.94 0.94 0.94 0.95 0.95 0.95 0.95 0.95 0.95 0.95 0.95 0.97 0.99 1.00 1.02 0.97 0.95 0.93 0.92 0.89 0.87 0.85 0.83 0.81 0.79 0.77 0.76 0.75 0.75 0.74 0.73 0.73 0.73 0.73 0.73
0.92 0.92 0.92 0.92 0.92 0.91 0.91 0.91 0.91 0.91 0.91 0.90 0.90 0.90 0.90 0.89 0.89 0.88 0.87 0.86 0.87 0.88 0.88 0.89 0.88 0.88 0.88 0.87 0.88 0.88 0.88 0.87 0.88 0.88 0.88 0.87 0.89 0.90 0.90 0.90 0.92 0.93 0.94 0.95 0.94 0.94 0.94 0.95 0.95 0.95 0.95 0.95 0.95 0.95 0.95 0.95 0.95 0.95 0.95 0.95 0.97 0.99 1.01 1.02 0.97 0.95 0.93 0.92 0.89 0.86 0.84 0.83 0.81 0.79 0.77 0.76 0.75 0.74 0.73 0.73 0.73 0.73 0.73 0.73
0.91 0.91 0.91 0.91 0.91 0.91 0.91 0.91 0.91 0.91 0.91 0.90 0.90 0.90 0.89 0.89 0.88 0.87 0.86 0.86 0.87 0.88 0.88 0.88 0.88 0.88 0.88 0.88 0.88 0.88 0.88 0.88 0.88 0.88 0.88 0.88 0.89 0.90 0.90 0.90 0.91 0.93 0.93 0.95 0.94 0.94 0.94 0.94 0.94 0.95 0.95 0.95 0.95 0.95 0.95 0.95 0.95 0.95 0.95 0.94 0.96 0.98 1.00 1.01 0.97 0.94 0.92 0.91 0.87 0.85 0.82 0.81 0.79 0.77 0.76 0.75 0.74 0.73 0.73 0.72 0.73 0.73 0.73 0.73
0.92 0.92 0.92 0.91 0.92 0.92 0.92 0.92 0.91 0.91 0.91 0.91 0.90 0.90 0.89 0.89 0.88 0.87 0.86 0.86 0.87 0.87 0.88 0.88 0.88 0.88 0.88 0.88 0.88 0.88 0.88 0.88 0.88 0.89 0.89 0.89 0.89 0.90 0.90 0.90 0.91 0.92 0.93 0.94 0.94 0.94 0.94 0.94 0.95 0.95 0.95 0.96 0.95 0.95 0.95 0.95 0.95 0.95 0.94 0.94 0.96 0.98 0.99 1.01 0.96 0.93 0.92 0.90 0.87 0.84 0.81 0.79 0.78 0.77 0.75 0.74 0.74 0.73 0.72 0.72 0.72 0.73 0.73 0.73
0.92 0.92 0.92 0.92 0.92 0.92 0.92 0.92 0.92 0.91 0.91 0.91 0.90 0.90 0.89 0.88 0.88 0.87 0.86 0.85 0.86 0.87 0.87 0.88 0.88 0.88 0.88 0.88 0.88 0.88 0.88 0.88 0.89 0.89 0.89 0.89 0.90 0.90 0.90 0.90 0.91 0.92 0.93 0.94 0.94 0.94 0.94 0.94 0.95 0.95 0.95 0.96 0.95 0.95 0.95 0.95 0.95 0.94 0.94 0.93 0.95 0.97 0.99 1.00 0.95 0.93 0.91 0.89 0.85 0.82 0.80 0.78 0.77 0.76 0.74 0.74 0.73 0.72 0.72 0.71 0.72 0.72 0.73 0.73
0.92 0.92 0.92 0.92 0.92 0.92 0.92 0.92 0.92 0.92 0.92 0.91 0.91 0.90 0.89 0.89 0.88 0.87 0.86 0.86 0.87 0.87 0.87 0.88 0.88 0.88 0.88 0.88 0.88 0.89 0.89 0.89 0.89 0.89 0.90 0.90 0.90 0.90 0.90 0.90 0.91 0.92 0.93 0.93 0.93 0.94 0.94 0.94 0.95 0.95 0.96 0.96 0.96 0.96 0.96 0.96 0.95 0.94 0.94 0.93 0.95 0.97 0.99 1.00 0.95 0.93 0.91 0.89 0.85 0.82 0.80 0.78 0.77 0.76 0.75 0.74 0.74 0.73 0.73 0.72 0.73 0.73 0.74 0.74
0.92 0.92 0.92 0.92 0.92 0.92 0.92 0.92 0.92 0.92 0.92 0.92 0.91 0.90 0.89 0.89 0.88 0.87 0.87 0.86 0.87 0.88 0.88 0.88 0.88 0.88 0.88 0.88 0.89 0.89 0.89 0.90 0.90 0.90 0.90 0.90 0.90 0.91 0.91 0.91 0.92 0.92 0.93 0.93 0.94 0.94 0.94 0.95 0.95 0.95 0.96 0.96 0.96 0.96 0.96 0.96 0.95 0.94 0.94 0.93 0.95 0.97 0.98 0.99 0.95 0.92 0.90 0.89 0.85 0.83 0.80 0.79 0.78 0.77 0.76 0.76 0.75 0.75 0.74 0.73 0.74 0.74 0.75 0.75
0.93 0.93 0.93 0.93 0.93 0.92 0.92 0.92 0.92 0.92 0.92 0.92 0.91 0.90 0.90 0.89 0.89 0.88 0.87 0.86 0.87 0.88 0.88 0.88 0.89 0.89 0.89 0.89 0.89 0.90 0.90 0.91 0.91 0.91 0.91 0.91 0.91 0.91 0.91 0.91 0.92 0.93 0.93 0.93 0.94 0.94 0.94 0.95 0.95 0.95 0.96 0.97 0.96 0.96 0.96 0.96 0.95 0.95 0.94 0.94 0.95 0.97 0.98 0.99 0.95 0.92 0.90 0.88 0.85 0.83 0.81 0.79 0.79 0.78 0.77 0.77 0.76 0.76 0.75 0.74 0.75 0.75 0.76 0.76
0.94 0.94 0.94 0.94 0.93 0.93 0.92 0.92 0.92 0.92 0.92 0.92 0.91 0.91 0.90 0.89 0.89 0.88 0.88 0.87 0.88 0.88 0.89 0.89 0.89 0.89 0.89 0.89 0.90 0.91 0.91 0.91 0.91 0.91 0.91 0.91 0.91 0.91 0.91 0.91 0.92 0.93 0.93 0.93 0.94 0.94 0.94 0.95 0.95 0.96 0.96 0.97 0.96 0.96 0.96 0.96 0.95 0.95 0.94 0.94 0.95 0.96 0.98 0.98 0.94 0.91 0.89 0.88 0.85 0.83 0.81 0.80 0.79 0.79 0.78 0.77 0.77 0.76 0.76 0.75 0.76 0.76 0.76 0.76
0.94 0.94 0.94 0.94 0.94 0.93 0.92 0.92 0.92 0.92 0.92 0.92 0.92 0.91 0.90 0.89 0.89 0.89 0.88 0.87 0.88 0.89 0.89 0.89 0.89 0.90 0.90 0.90 0.90 0.91 0.91 0.92 0.92 0.91 0.91 0.91 0.92 0.92 0.91 0.91 0.92 0.93 0.93 0.94 0.94 0.94 0.94 0.95 0.95 0.96 0.96 0.97 0.96 0.96 0.96 0.96 0.95 0.95 0.94 0.94 0.95 0.96 0.98 0.98 0.94 0.91 0.90 0.88 0.86 0.84 0.82 0.81 0.80 0.80 0.79 0.79 0.78 0.78 0.77 0.77 0.77 0.77 0.78 0.78
0.94 0.94 0.95 0.95 0.94 0.93 0.92 0.92 0.92 0.93 0.93 0.93 0.92 0.91 0.90 0.90 0.90 0.89 0.88 0.88 0.89 0.89 0.89 0.89 0.90 0.90 0.90 0.90 0.91 0.92 0.92 0.93 0.92 0.92 0.92 0.92 0.92 0.92 0.92 0.92 0.93 0.94 0.94 0.94 0.95 0.95 0.95 0.95 0.96 0.96 0.97 0.97 0.97 0.96 0.96 0.96 0.96 0.95 0.95 0.95 0.96 0.97 0.98 0.98 0.95 0.92 0.90 0.89 0.87 0.86 0.84 0.83 0.82 0.82 0.81 0.80 0.80 0.79 0.79 0.78 0.79 0.79 0.79 0.79
0.95 0.95 0.95 0.95 0.94 0.93 0.93 0.92 0.93 0.93 0.93 0.93 0.92 0.91 0.91 0.90 0.90 0.90 0.89 0.89 0.89 0.90 0.90 0.90 0.90 0.91 0.91 0.91 0.91 0.92 0.93 0.93 0.93 0.92 0.92 0.92 0.93 0.93 0.93 0.93 0.94 0.94 0.95 0.95 0.95 0.95 0.95 0.96 0.96 0.97 0.97 0.98 0.97 0.96 0.96 0.96 0.96 0.96 0.96 0.96 0.96 0.97 0.97 0.98 0.95 0.92 0.91 0.89 0.88 0.87 0.85 0.84 0.83 0.83 0.82 0.81 0.81 0.80 0.79 0.79 0.79 0.80 0.80 0.80
0.95 0.95 0.95 0.95 0.95 0.94 0.93 0.93 0.93 0.93 0.93 0.93 0.92 0.92 0.91 0.91 0.91 0.90 0.90 0.89 0.90 0.90 0.90 0.90 0.91 0.91 0.91 0.91 0.92 0.93 0.93 0.94 0.93 0.93 0.93 0.93 0.93 0.93 0.94 0.94 0.94 0.95 0.95 0.95 0.95 0.95 0.96 0.96 0.96 0.97 0.97 0.98 0.97 0.96 0.96 0.95 0.96 0.96 0.96 0.96 0.96 0.96 0.97 0.97 0.94 0.92 0.91 0.89 0.88 0.87 0.86 0.85 0.84 0.83 0.83 0.82 0.81 0.81 0.80 0.80 0.80 0.80 0.80 0.80
0.96 0.96 0.96 0.96 0.95 0.95 0.94 0.93 0.94 0.94 0.94 0.94 0.93 0.92 0.92 0.91 0.91 0.91 0.90 0.90 0.90 0.91 0.91 0.91 0.91 0.92 0.92 0.92 0.92 0.93 0.93 0.94 0.93 0.93 0.93 0.93 0.93 0.94 0.94 0.94 0.95 0.95 0.95 0.96 0.96 0.96 0.96 0.96 0.96 0.97 0.97 0.97 0.97 0.96 0.96 0.95 0.96 0.96 0.96 0.96 0.96 0.96 0.96 0.95 0.93 0.92 0.90 0.89 0.88 0.88 0.87 0.86 0.85 0.84 0.83 0.82 0.82 0.81 0.81 0.80 0.81 0.81 0.81 0.81
0.96 0.96 0.96 0.96 0.95 0.95 0.94 0.94 0.94 0.94 0.94 0.94 0.93 0.93 0.92 0.91 0.92 0.91 0.91 0.91 0.91 0.91 0.91 0.91 0.92 0.92 0.92 0.92 0.93 0.93 0.93 0.94 0.94 0.93 0.93 0.93 0.94 0.94 0.95 0.95 0.95 0.96 0.96 0.96 0.96 0.96 0.96 0.96 0.97 0.97 0.97 0.98 0.97 0.97 0.96 0.96 0.96 0.97 0.97 0.97 0.96 0.95 0.95 0.95 0.93 0.92 0.90 0.89 0.89 0.88 0.87 0.87 0.86 0.85 0.84 0.83 0.82 0.82 0.81 0.81 0.81 0.81 0.81 0.81
0.95 0.95 0.95 0.95 0.95 0.94 0.94 0.94 0.94 0.94 0.94 0.94 0.93 0.93 0.92 0.92 0.92 0.92 0.91 0.91 0.91 0.92 0.92 0.91 0.92 0.92 0.92 0.93 0.93 0.93 0.93 0.94 0.94 0.94 0.94 0.94 0.94 0.95 0.95 0.95 0.95 0.96 0.96 0.97 0.96 0.96 0.96 0.97 0.97 0.97 0.97 0.98 0.97 0.97 0.97 0.97 0.97 0.97 0.97 0.97 0.96 0.95 0.94 0.94 0.92 0.91 0.90 0.89 0.89 0.88 0.88 0.87 0.86 0.85 0.84 0.83 0.83 0.82 0.82 0.82 0.82 0.82 0.82 0.82
0.94 0.94 0.94 0.94 0.94 0.94 0.94 0.94 0.94 0.94 0.94 0.94 0.93 0.93 0.92 0.92 0.92 0.92 0.92 0.91 0.92 0.92 0.92 0.91 0.92 0.92 0.92 0.93 0.93 0.93 0.93 0.93 0.93 0.93 0.93 0.93 0.94 0.95 0.95 0.95 0.96 0.96 0.96 0.97 0.96 0.96 0.96 0.97 0.97 0.97 0.97 0.97 0.97 0.96 0.96 0.96 0.96 0.97 0.97 0.97 0.95 0.94 0.93 0.92 0.91 0.90 0.89 0.89 0.88 0.88 0.87 0.87 0.86 0.85 0.84 0.83 0.83 0.83 0.82 0.82 0.82 0.82 0.82 0.82
0.93 0.93 0.93 0.93 0.93 0.93 0.93 0.93 0.93 0.93 0.93 0.93 0.93 0.92 0.92 0.92 0.92 0.92 0.92 0.91 0.91 0.91 0.91 0.91 0.92 0.92 0.92 0.92 0.92 0.92 0.93 0.93 0.93 0.93 0.93 0.93 0.94 0.94 0.95 0.95 0.95 0.96 0.96 0.96 0.96 0.96 0.96 0.96 0.96 0.97 0.97 0.97 0.97 0.96 0.96 0.97 0.96 0.96 0.97 0.96 0.95 0.93 0.92 0.91 0.90 0.90 0.89 0.88 0.88 0.88 0.88 0.87 0.86 0.85 0.84 0.84 0.83 0.83 0.83 0.82 0.82 0.82 0.82 0.82
0.93 0.93 0.93 0.93 0.93 0.93 0.93 0.93 0.93 0.93 0.93 0.93 0.93 0.92 0.92 0.92 0.92 0.92 0.92 0.92 0.92 0.92 0.91 0.91 0.92 0.92 0.92 0.92 0.92 0.92 0.92 0.92 0.93 0.93 0.93 0.93 0.94 0.95 0.95 0.96 0.96 0.96 0.96 0.96 0.96 0.96 0.96 0.96 0.96 0.97 0.97 0.97 0.97 0.97 0.97 0.97 0.97 0.96 0.96 0.96 0.95 0.93 0.92 0.91 0.91 0.90 0.89 0.88 0.88 0.88 0.88 0.88 0.86 0.85 0.84 0.84 0.83 0.83 0.83 0.83 0.83 0.83 0.82 0.82
0.93 0.93 0.93 0.93 0.93 0.93 0.93 0.93 0.93 0.93 0.93 0.93 0.93 0.93 0.92 0.92 0.92 0.92 0.92 0.92 0.92 0.92 0.91 0.91 0.91 0.92 0.92 0.92 0.92 0.92 0.92 0.92 0.92 0.93 0.93 0.93 0.94 0.95 0.95 0.96 0.96 0.96 0.96 0.96 0.96 0.96 0.96 0.96 0.96 0.97 0.97 0.98 0.97 0.97 0.98 0.98 0.97 0.96 0.96 0.96 0.94 0.93 0.92 0.91 0.90 0.90 0.89 0.88 0.88 0.88 0.88 0.88 0.86 0.85 0.84 0.83 0.83 0.83 0.83 0.83 0.83 0.83 0.83 0.83
0.93 0.93 0.93 0.93 0.93 0.93 0.93 0.92 0.93 0.93 0.93 0.93 0.93 0.93 0.93 0.93 0.93 0.92 0.92 0.92 0.92 0.91 0.91 0.91 0.91 0.91 0.92 0.92 0.92 0.92 0.92 0.91 0.92 0.93 0.93 0.93 0.94 0.95 0.95 0.96 0.96 0.95 0.96 0.96 0.96 0.96 0.96 0.96 0.96 0.97 0.97 0.98 0.97 0.97 0.98 0.98 0.96 0.96 0.95 0.95 0.93 0.92 0.91 0.90 0.90 0.89 0.88 0.88 0.88 0.88 0.88 0.88 0.86 0.85 0.84 0.83 0.83 0.83 0.83 0.83 0.83 0.83 0.83 0.83
0.93 0.93 0.93 0.93 0.93 0.93 0.93 0.92 0.92 0.93 0.92 0.92 0.93 0.93 0.93 0.93 0.93 0.92 0.92 0.92 0.92 0.91 0.91 0.91 0.91 0.91 0.91 0.91 0.92 0.91 0.91 0.91 0.92 0.93 0.93 0.93 0.94 0.95 0.95 0.96 0.95 0.95 0.95 0.95 0.95 0.95 0.95 0.95 0.96 0.96 0.97 0.97 0.97 0.97 0.98 0.98 0.97 0.96 0.95 0.95 0.93 0.92 0.91 0.90 0.90 0.89 0.88 0.88 0.88 0.88 0.88 0.87 0.86 0.85 0.84 0.83 0.83 0.83 0.83 0.82 0.83 0.83 0.82 0.82
0.93 0.93 0.93 0.93 0.93 0.93 0.93 0.93 0.93 0.93 0.92 0.92 0.93 0.93 0.93 0.93 0.93 0.92 0.92 0.92 0.92 0.91 0.91 0.91 0.91 0.91 0.92 0.92 0.92 0.92 0.91 0.91 0.92 0.93 0.93 0.94 0.94 0.95 0.95 0.96 0.95 0.95 0.95 0.95 0.95 0.95 0.95 0.95 0.96 0.96 0.96 0.97 0.97 0.98 0.98 0.99 0.97 0.97 0.97 0.96 0.95 0.93 0.92 0.91 0.91 0.90 0.89 0.89 0.88 0.88 0.88 0.87 0.86 0.85 0.83 0.83 0.83 0.82 0.82 0.82 0.82 0.82 0.82 0.82
0.93 0.93 0.93 0.93 0.93 0.93 0.93 0.93 0.93 0.93 0.92 0.92 0.92 0.93 0.93 0.93 0.93 0.92 0.92 0.92 0.92 0.91 0.91 0.91 0.91 0.91 0.92 0.92 0.92 0.92 0.91 0.91 0.92 0.93 0.93 0.94 0.94 0.95 0.95 0.96 0.95 0.95 0.95 0.95 0.95 0.95 0.95 0.95 0.95 0.96 0.96 0.97 0.97 0.97 0.98 0.99 0.98 0.98 0.98 0.98 0.96 0.94 0.93 0.92 0.91 0.91 0.90 0.89 0.89 0.88 0.88 0.87 0.86 0.84 0.83 0.82 0.82 0.82 0.81 0.81 0.81 0.81 0.81 0.81
0.93 0.93 0.93 0.93 0.93 0.93 0.93 0.93 0.93 0.92 0.92 0.92 0.92 0.93 0.93 0.93 0.92 0.92 0.92 0.91 0.91 0.91 0.91 0.91 0.91 0.91 0.91 0.91 0.91 0.91 0.91 0.91 0.92 0.93 0.93 0.94 0.94 0.95 0.95 0.96 0.95 0.95 0.95 0.95 0.95 0.94 0.94 0.94 0.95 0.95 0.96 0.96 0.97 0.97 0.98 0.99 0.98 0.98 0.99 0.99 0.96 0.94 0.93 0.92 0.91 0.91 0.90 0.90 0.89 0.88 0.87 0.86 0.85 0.84 0.83 0.82 0.82 0.81 0.80 0.80 0.80 0.80 0.80 0.80
0.93 0.93 0.93 0.93 0.93 0.93 0.93 0.93 0.93 0.92 0.92 0.91 0.92 0.93 0.93 0.93 0.92 0.92 0.91 0.91 0.91 0.91 0.91 0.91 0.91 0.91 0.91 0.91 0.91 0.91 0.91 0.91 0.92 0.93 0.93 0.94 0.94 0.95 0.95 0.96 0.95 0.95 0.95 0.95 0.95 0.94 0.94 0.94 0.95 0.95 0.96 0.96 0.96 0.97 0.98 0.99 0.98 0.98 0.99 0.99 0.97 0.95 0.93 0.92 0.92 0.91 0.90 0.90 0.89 0.88 0.87 0.86 0.85 0.84 0.83 0.82 0.81 0.81 0.80 0.79 0.80 0.80 0.80 0.80
0.93 0.93 0.94 0.94 0.94 0.93 0.93 0.93 0.93 0.92 0.92 0.92 0.92 0.93 0.93 0.93 0.92 0.92 0.91 0.90 0.91 0.91 0.91 0.91 0.91 0.91 0.91 0.91 0.91 0.91 0.91 0.91 0.92 0.93 0.93 0.94 0.94 0.95 0.95 0.96 0.95 0.95 0.95 0.95 0.95 0.95 0.95 0.94 0.95 0.95 0.96 0.96 0.97 0.97 0.98 0.99 0.99 0.99 0.99 1.00 0.97 0.95 0.94 0.93 0.92 0.91 0.91 0.90 0.89 0.88 0.87 0.86 0.85 0.84 0.83 0.82 0.82 0.81 0.80 0.79 0.80 0.80 0.80 0.80
0.94 0.94 0.94 0.94 0.94 0.94 0.94 0.94 0.93 0.93 0.92 0.92 0.93 0.93 0.94 0.94 0.93 0.92 0.91 0.90 0.91 0.91 0.91 0.91 0.91 0.91 0.91 0.91 0.91 0.91 0.91 0.91 0.92 0.93 0.93 0.94 0.94 0.94 0.95 0.95 0.95 0.95 0.95 0.94 0.95 0.95 0.95 0.95 0.95 0.96 0.96 0.96 0.97 0.97 0.98 0.99 0.99 0.99 1.00 1.00 0.98 0.96 0.95 0.94 0.93 0.92 0.91 0.90 0.89 0.88 0.87 0.86 0.85 0.84 0.84 0.83 0.82 0.81 0.80 0.79 0.80 0.80 0.80 0.80
0.95 0.95 0.95 0.95 0.95 0.94 0.94 0.94 0.94 0.93 0.93 0.92 0.93 0.94 0.94 0.95 0.93 0.92 0.91 0.90 0.90 0.91 0.91 0.91 0.91 0.91 0.91 0.90 0.91 0.91 0.91 0.92 0.92 0.93 0.93 0.94 0.94 0.94 0.94 0.95 0.95 0.94 0.94 0.94 0.95 0.95 0.95 0.95 0.95 0.96 0.96 0.96 0.97 0.97 0.98 0.98 0.99 0.99 1.00 1.00 0.98 0.96 0.95 0.95 0.93 0.92 0.91 0.90 0.89 0.88 0.87 0.86 0.85 0.84 0.84 0.83 0.82 0.81 0.80 0.79 0.80 0.80 0.80 0.79
0.96 0.96 0.96 0.96 0.96 0.95 0.95 0.95 0.95 0.94 0.93 0.93 0.94 0.94 0.95 0.95 0.93 0.92 0.91 0.90 0.91 0.91 0.91 0.91 0.91 0.91 0.91 0.91 0.91 0.92 0.92 0.92 0.93 0.93 0.93 0.94 0.94 0.94 0.94 0.95 0.94 0.94 0.94 0.94 0.95 0.95 0.95 0.95 0.95 0.96 0.96 0.96 0.97 0.97 0.98 0.98 0.98 0.99 1.00 1.01 0.98 0.97 0.96 0.95 0.94 0.92 0.91 0.90 0.89 0.88 0.87 0.86 0.85 0.85 0.84 0.83 0.82 0.81 0.80 0.79 0.80 0.80 0.79 0.79
0.96 0.96 0.96 0.96 0.96 0.96 0.96 0.96 0.95 0.94 0.94 0.93 0.94 0.95 0.95 0.95 0.94 0.92 0.91 0.91 0.91 0.91 0.91 0.91 0.92 0.91 0.91 0.91 0.92 0.92 0.92 0.93 0.93 0.94 0.94 0.94 0.94 0.94 0.94 0.95 0.95 0.94 0.94 0.94 0.95 0.95 0.95 0.96 0.96 0.96 0.97 0.97 0.97 0.97 0.98 0.98 0.98 0.99 1.00 1.01 0.99 0.98 0.97 0.97 0.95 0.93 0.92 0.91 0.90 0.88 0.87 0.86 0.85 0.85 0.85 0.84 0.83 0.82 0.81 0.80 0.80 0.80 0.79 0.79
0.95 0.95 0.96 0.96 0.96 0.96 0.96 0.96 0.95 0.95 0.94 0.93 0.94 0.94 0.95 0.95 0.94 0.93 0.92 0.91 0.91 0.92 0.92 0.92 0.92 0.92 0.92 0.91 0.92 0.92 0.93 0.93 0.93 0.94 0.94 0.95 0.94 0.94 0.94 0.95 0.95 0.94 0.94 0.94 0.95 0.95 0.96 0.96 0.96 0.96 0.97 0.97 0.97 0.97 0.98 0.98 0.98 0.99 1.00 1.00 0.99 0.98 0.98 0.98 0.95 0.94 0.93 0.92 0.90 0.88 0.87 0.86 0.86 0.86 0.85 0.85 0.84 0.83 0.82 0.81 0.81 0.80 0.80 0.79
