data/NorthBerwickLaw_270_1_25m_ang.asc
ncols	257
nrows	257
xllcorner	3503625.000000
yllcorner	3730350.000000
cellsize	25.000000
NODATA_value	-1.000000
[rows 84 to 125 of 257, columns 94 to 187 of 257]
270 270 269 269 269 269 269 268 268 268 268 268 268 269 269 270 270 270 270 270 270 270 270 270 271 271 271 271 271 271 271 271 271 271 270 270 270 270 269 269 268 269 271 273 275 274 273 272 272 271 271 271 271 271 271 271 271 271 271 271 271 271 270 270 270 270 270 270 270 270 270 270 270 270 270 270 270 270 270 270 269 269 269 269 269 269 269 268 268 268 268 268 268 268
270 270 270 270 270 269 269 268 268 268 268 268 268 268 269 269 270 270 270 270 270 270 271 271 271 271 271 271 271 271 271 271 270 270 270 271 271 270 270 270 269 269 269 271 273 274 274 273 272 272 271 271 271 271 271 271 271 271 271 271 271 271 271 271 270 270 270 270 270 270 270 270 270 270 270 270 270 270 270 270 269 269 269 269 269 268 268 268 267 267 267 267 267 267
270 270 270 270 270 269 269 268 268 268 267 267 268 268 269 269 269 270 270 270 270 271 271 271 271 271 271 271 271 271 271 271 270 270 270 271 271 271 270 270 270 270 270 270 270 272 273 273 273 273 272 272 271 271 271 271 271 271 271 271 271 271 271 271 271 271 270 270 270 270 270 270 270 270 270 270 270 270 270 269 269 269 269 269 268 268 267 266 266 266 266 265 265 266
270 270 270 270 270 270 269 268 268 268 268 268 268 268 268 269 269 269 270 270 270 271 271 271 271 271 271 271 271 271 271 271 270 270 270 270 270 271 271 271 271 271 271 270 270 271 271 272 272 272 272 272 272 272 271 271 271 271 271 271 271 271 271 271 271 271 271 270 270 270 270 270 270 270 270 270 270 270 270 269 269 269 269 268 268 267 266 265 264 264 265 265 265 267
270 270 270 270 270 270 269 269 268 268 268 268 268 268 268 268 269 269 270 270 270 271 271 270 270 270 270 271 271 271 271 271 271 270 270 270 270 270 271 271 272 272 271 271 270 270 270 270 271 271 272 272 272 272 272 272 272 272 272 271 271 271 271 271 271 271 271 271 270 270 270 270 270 270 270 270 270 270 270 269 269 269 269 268 268 266 265 263 263 263 265 267 268 270
270 270 270 270 270 270 269 269 268 268 268 268 268 268 268 269 269 269 270 270 270 271 271 270 270 270 270 270 271 271 271 271 271 270 270 270 270 270 271 272 272 272 272 271 271 270 270 270 270 270 271 271 271 271 272 272 273 273 272 272 272 272 271 271 271 271 271 271 270 270 270 270 270 270 270 270 270 270 269 269 269 269 268 268 267 266 265 265 265 265 266 268 271 271
270 270 270 270 270 270 270 269 268 268 268 268 268 268 269 269 269 270 270 270 270 271 270 270 270 269 270 270 270 271 271 271 271 271 270 270 270 270 271 271 272 272 272 272 271 270 270 269 269 270 270 270 270 270 270 271 272 273 273 273 273 272 272 272 271 271 271 271 271 270 270 270 270 270 270 270 270 270 269 269 269 269 268 268 267 266 266 267 269 269 269 269 270 270
269 270 270 270 270 270 270 269 269 268 268 268 268 269 269 269 270 270 270 270 270 270 270 270 270 270 270 270 270 271 271 271 271 271 270 270 270 270 270 271 272 272 272 272 271 270 270 269 269 269 269 269 269 270 270 270 271 272 273 273 273 273 273 272 272 271 271 271 271 271 270 270 270 270 270 270 270 269 269 269 269 268 268 268 267 266 268 270 271 271 271 270 269 269
269 269 269 269 270 270 270 269 269 269 269 269 269 270 270 270 270 270 270 270 270 270 270 270 270 270 270 270 270 271 271 271 271 271 270 270 270 270 270 270 271 271 271 271 271 270 270 269 269 269 269 269 269 269 269 270 270 271 272 273 273 274 274 273 273 272 271 271 271 271 271 270 270 270 270 270 269 269 269 269 269 268 268 267 266 266 269 271 271 271 271 270 269 269
269 269 269 269 269 269 270 270 270 270 270 270 270 270 270 270 270 270 270 270 270 270 270 270 270 270 270 270 270 270 270 271 270 270 270 270 270 270 270 270 270 270 270 270 270 270 270 269 269 269 269 269 269 269 270 270 270 271 271 272 273 273 273 273 273 272 271 271 271 271 271 271 270 270 270 270 269 269 269 269 268 268 267 267 266 267 270 271 271 271 271 271 270 270
268 269 269 269 269 269 270 270 270 271 271 271 271 271 271 271 270 270 270 269 269 269 270 270 271 271 271 270 270 270 270 270 270 270 270 270 270 270 270 269 269 269 269 269 269 270 270 269 269 269 269 269 270 270 270 270 271 271 271 272 272 272 272 272 272 272 272 271 271 271 271 271 271 271 270 269 269 269 269 268 268 267 266 267 268 269 270 270 271 271 272 271 271 270
268 269 269 269 269 270 270 271 271 271 272 272 272 271 271 271 270 270 269 269 269 269 270 271 271 271 271 271 270 270 270 270 270 270 270 270 270 270 270 269 268 268 268 268 269 269 269 269 269 269 269 270 270 270 270 271 271 271 271 272 272 272 272 272 272 272 271 271 270 270 270 271 271 270 270 269 269 268 268 268 267 267 267 267 269 270 270 271 271 272 272 272 271 271
269 269 269 269 270 270 270 271 272 272 272 272 272 272 271 271 270 270 269 269 269 269 270 271 271 271 271 271 270 270 270 269 269 270 270 270 270 270 270 269 268 268 268 268 268 268 269 269 269 269 269 270 270 271 271 271 271 271 271 272 272 272 272 272 272 271 271 271 270 270 270 270 270 269 269 269 268 268 267 267 267 268 268 269 270 270 271 271 271 272 272 272 272 271
269 269 269 270 270 270 271 271 272 272 272 272 272 271 271 271 270 270 270 269 270 270 270 271 271 271 271 271 271 270 270 269 270 270 270 270 270 270 270 269 268 268 267 267 268 268 268 269 269 269 270 270 270 271 271 271 270 270 271 271 272 272 272 272 271 271 271 271 270 270 270 270 269 269 269 268 268 268 267 267 268 269 270 270 271 271 271 271 271 272 272 272 272 271
269 270 270 270 270 270 271 271 271 271 271 271 271 271 271 271 270 270 270 270 270 270 270 271 271 271 271 271 271 270 270 270 270 270 270 270 270 270 269 269 268 268 268 267 267 268 268 269 269 270 270 270 270 270 270 270 270 270 270 270 271 271 272 272 271 271 271 271 271 270 270 269 269 268 268 268 268 267 267 268 268 269 270 271 272 272 272 272 272 272 272 272 272 271
269 270 270 270 270 270 270 270 270 271 271 271 270 270 271 271 271 271 271 271 270 270 271 271 271 271 271 271 271 270 270 270 270 270 270 270 270 270 269 269 269 268 268 268 268 268 268 269 270 270 270 270 270 270 269 269 269 269 269 269 270 270 271 271 272 271 271 270 270 270 270 269 268 268 267 267 267 268 268 268 269 270 271 272 272 273 273 272 272 272 272 272 271 271
270 270 270 270 270 270 269 269 269 269 270 270 270 270 271 271 271 271 271 271 271 271 271 271 271 271 271 271 271 271 270 270 270 270 270 270 270 270 269 269 269 269 268 268 268 268 269 269 270 270 270 270 270 270 269 269 268 268 268 268 268 269 270 271 271 271 270 270 270 270 270 269 269 268 267 267 268 268 269 270 270 271 271 272 273 273 273 273 272 272 272 271 271 271
270 270 269 269 269 269 269 268 268 269 269 269 270 270 270 271 271 271 271 271 271 271 271 271 271 271 271 271 271 271 270 270 270 270 270 270 270 269 269 269 269 269 269 269 269 269 269 270 270 270 270 270 270 269 269 268 268 267 267 267 267 268 269 270 270 270 270 269 269 269 270 270 269 268 268 268 269 270 270 271 271 272 272 272 273 273 273 272 272 272 271 271 271 271
270 270 269 269 269 268 268 268 268 268 269 269 269 270 270 270 271 271 271 271 271 271 271 271 271 271 271 271 271 270 270 270 270 270 270 270 270 270 269 269 269 269 269 269 269 270 270 270 270 270 270 270 270 269 269 269 268 268 267 267 267 267 268 268 269 269 269 269 269 269 270 270 270 269 269 269 270 271 272 272 272 272 272 272 272 272 272 272 272 271 271 271 271 271
270 269 269 269 268 268 268 268 268 268 268 269 269 270 270 270 270 270 271 271 271 271 271 270 270 270 270 270 270 270 270 270 270 270 270 270 270 270 270 269 269 269 269 269 270 270 270 270 270 270 270 270 269 269 269 269 268 268 268 267 267 267 267 267 267 268 268 268 268 269 269 270 270 270 271 271 271 272 273 273 272 272 272 272 272 272 272 271 271 271 271 271 271 270
270 269 269 269 268 268 268 268 268 268 268 269 269 269 269 269 270 270 270 270 271 270 270 270 270 270 270 270 270 270 270 270 269 269 269 270 270 270 270 270 270 269 269 269 270 270 270 270 270 270 270 269 269 269 269 269 269 268 268 267 267 266 266 266 267 267 267 268 268 269 270 270 271 271 272 272 272 273 273 273 272 272 272 272 271 271 271 271 271 271 271 270 270 270
270 269 269 269 269 269 268 268 269 269 269 269 269 269 269 269 269 269 270 270 270 270 270 270 270 270 270 270 270 270 270 269 269 269 269 270 270 271 271 270 270 270 269 269 270 270 270 270 270 270 270 269 269 269 269 269 269 269 268 268 267 267 266 266 266 267 268 268 269 269 270 270 271 272 272 273 273 272 272 272 272 272 272 271 271 271 270 270 270 270 270 270 270 270
270 269 269 269 269 269 269 269 269 269 269 269 269 268 268 268 269 269 269 270 270 270 270 270 270 270 270 269 269 269 269 269 269 269 270 270 271 271 271 271 270 270 270 270 270 270 270 270 270 269 269 269 269 269 269 269 269 269 269 268 267 267 267 266 267 268 268 269 269 270 270 270 271 271 272 272 272 272 272 272 272 272 271 271 271 270 270 270 270 270 270 270 270 270
270 269 269 269 269 269 270 270 270 270 270 269 269 268 268 268 268 269 269 270 270 270 270 270 270 270 269 269 269 269 269 269 269 269 270 270 271 271 271 270 270 270 270 270 270 269 269 269 269 269 269 269 269 269 269 270 270 269 269 268 268 267 267 267 268 268 269 270 270 270 270 270 270 271 271 271 271 271 271 271 271 271 271 271 270 270 270 270 270 270 270 270 270 270
270 270 270 270 270 270 270 270 270 270 270 269 269 269 268 268 269 269 269 269 270 270 271 270 270 270 269 269 269 269 269 269 270 270 270 271 271 271 270 270 270 270 270 270 269 269 269 269 269 269 269 269 269 269 269 270 270 270 269 269 268 268 268 268 269 269 269 270 270 270 270 270 270 270 271 271 271 271 271 271 271 271 271 271 270 270 270 270 270 270 270 270 270 270
270 270 270 270 270 270 270 270 270 270 270 270 269 269 269 269 269 269 269 270 270 270 271 270 270 270 270 269 269 269 270 270 270 271 271 271 270 270 269 269 269 270 270 270 269 269 269 269 269 269 269 269 269 269 269 270 270 270 270 269 269 269 269 269 269 269 270 270 270 270 269 269 270 270 270 270 271 270 270 270 271 271 271 270 270 270 270 270 270 270 270 270 270 270
270 270 270 270 270 270 270 270 270 270 270 270 270 270 270 270 269 269 270 270 270 270 270 270 270 270 270 270 270 270 270 270 271 271 271 270 270 269 269 269 269 269 270 270 270 269 269 269 269 269 269 269 269 269 269 269 269 270 270 269 269 269 269 269 269 270 270 270 270 270 269 269 270 270 270 270 270 270 270 270 270 271 271 270 270 270 270 270 270 270 270 270 270 270
270 270 270 270 270 270 271 270 270 270 270 270 270 270 270 270 270 270 270 270 270 270 270 270 270 270 270 270 270 270 270 271 271 271 271 270 270 269 269 269 269 269 270 270 270 269 269 269 269 269 269 269 269 269 269 269 269 269 269 269 270 270 270 270 270 270 270 270 270 270 269 269 270 270 270 270 270 270 270 270 270 271 271 271 270 270 270 270 270 270 270 270 270 270
270 270 270 270 270 270 271 270 270 270 270 270 270 271 271 271 271 271 270 270 270 270 270 270 270 270 270 270 270 270 270 270 271 271 270 270 269 269 269 269 269 270 270 270 270 269 269 269 269 269 269 269 269 269 269 269 269 269 269 269 270 270 270 270 270 270 270 270 270 270 270 269 270 270 270 270 270 270 270 270 270 271 271 271 271 271 271 270 270 270 270 270 270 270
270 270 270 270 270 270 270 270 270 270 270 270 270 271 271 272 271 271 271 270 270 270 270 270 270 270 270 270 270 270 270 270 270 270 270 270 269 269 269 269 270 270 270 270 270 269 269 269 269 269 269 269 269 269 269 269 269 269 269 270 270 270 270 270 270 270 270 270 270 270 270 270 270 270 270 270 270 270 270 270 270 271 271 271 271 271 271 271 270 270 270 270 270 270
270 270 270 270 270 270 270 270 270 270 270 270 271 271 272 272 272 271 271 271 270 270 270 270 270 270 269 269 269 269 269 269 269 269 269 269 269 270 270 270 270 270 270 270 270 270 269 269 269 269 269 269 269 269 269 269 269 269 270 270 270 270 270 270 270 270 270 270 270 270 270 270 270 270 270 270 270 270 270 270 270 270 271 271 271 271 271 271 270 270 270 270 270 270
270 270 270 270 270 270 270 270 270 270 270 270 271 271 272 272 272 271 271 271 271 270 270 270 270 269 269 269 268 268 268 269 269 269 269 269 269 270 271 271 271 271 271 270 270 270 270 269 269 270 270 269 269 269 269 269 269 270 270 270 270 270 270 270 270 270 269 269 270 270 270 270 270 270 269 269 270 270 270 270 270 270 270 271 271 271 271 271 271 270 270 270 270 270
270 270 270 270 270 270 270 270 270 270 270 271 271 271 271 271 271 271 271 271 271 270 270 270 269 269 268 268 267 267 267 268 268 268 269 269 270 271 271 272 272 272 271 271 270 270 270 270 270 270 270 269 269 269 269 269 269 270 270 270 270 270 270 270 270 269 269 269 270 270 270 270 270 270 269 269 270 270 270 270 270 270 270 271 271 271 271 271 271 271 271 271 270 270
270 270 270 270 270 270 270 270 270 270 270 271 271 271 271 271 271 271 271 271 270 270 269 269 268 268 267 267 266 266 266 267 267 268 269 270 271 272 272 273 273 272 272 272 271 271 270 270 270 270 270 270 270 269 269 269 269 270 270 270 270 270 270 270 270 269 269 269 270 270 270 270 270 270 270 270 270 270 270 270 270 270 270 270 270 271 271 271 271 271 271 271 271 271
270 270 270 270 270 270 270 270 270 270 270 271 271 271 271 271 271 271 271 271 270 269 269 268 267 266 265 265 265 264 265 265 266 267 269 271 272 273 274 274 274 273 273 273 272 272 271 271 270 270 270 270 270 270 270 269 269 269 270 270 270 270 270 270 270 269 269 269 270 270 270 270 270 270 270 270 270 270 270 270 270 270 270 270 270 271 271 271 271 271 272 271 271 271
270 270 270 270 270 269 269 270 270 270 270 270 270 270 270 270 271 271 270 270 270 269 268 267 265 264 263 263 262 262 263 264 265 267 270 272 274 275 275 275 275 275 274 274 273 273 272 271 271 271 271 271 271 270 270 270 269 269 269 269 270 270 270 270 270 270 270 270 270 270 270 270 270 270 270 270 270 270 270 270 270 270 270 270 270 271 271 271 271 271 272 272 271 271
270 270 270 270 269 269 269 269 270 270 270 270 270 270 270 270 270 270 270 270 269 268 266 265 263 262 260 260 259 260 261 262 265 267 270 273 275 276 277 276 276 276 275 275 274 274 273 272 272 271 271 271 271 271 270 270 269 269 269 269 270 270 270 270 270 270 270 270 270 270 270 270 271 271 271 271 271 271 270 270 270 270 270 270 271 271 271 271 271 271 271 272 272 272
270 270 270 270 269 269 269 269 270 270 270 270 270 270 270 270 270 270 270 269 268 267 265 263 261 259 257 256 256 257 259 261 264 267 271 274 277 278 279 278 277 276 276 276 276 275 274 273 272 272 271 271 271 271 271 270 270 269 269 270 270 270 270 270 270 270 270 270 270 271 271 271 271 271 271 271 271 271 271 270 270 270 271 271 271 271 271 271 271 271 271 271 272 272
270 270 270 269 269 269 269 269 269 269 270 270 270 270 270 270 271 270 270 269 267 265 263 260 258 256 254 254 254 255 257 260 262 266 270 275 278 280 282 281 278 277 277 278 278 277 275 274 272 272 272 271 271 271 271 270 270 270 270 270 270 270 270 270 270 270 270 270 271 271 271 272 272 272 271 271 271 271 271 271 271 271 271 271 271 271 271 271 271 271 271 271 272 272
270 270 269 269 269 269 269 269 269 269 269 269 270 270 270 270 271 270 270 268 266 263 260 257 255 253 252 252 253 254 257 259 261 264 269 275 280 282 284 283 280 278 278 279 279 278 276 274 273 272 272 271 271 271 271 271 270 270 270 270 271 271 270 270 270 270 270 270 271 271 272 272 272 272 272 271 271 271 271 271 271 271 271 271 271 271 271 271 271 271 271 271 272 272
270 270 269 269 269 269 269 269 269 269 269 269 270 270 270 270 271 270 269 267 264 261 257 255 253 251 251 251 252 254 256 259 260 263 268 274 279 283 285 285 282 280 279 279 279 278 277 275 273 272 271 271 271 271 271 271 271 271 271 271 271 271 271 271 270 270 270 271 271 272 272 272 272 272 272 271 271 271 272 272 272 272 271 271 271 271 271 271 271 271 271 271 272 272
270 270 269 269 269 269 269 270 270 269 269 269 270 270 270 270 270 269 268 265 262 259 255 253 251 250 251 252 254 255 257 259 261 263 268 273 279 282 285 286 284 281 280 279 279 278 276 275 273 272 271 271 271 271 271 272 272 272 271 271 271 271 271 271 271 271 271 271 271 272 272 272 272 272 272 271 271 271 271 272 272 272 272 271 271 271 271 271 271 271 271 271 272 272
