data/NorthBerwickLaw_225_1_25m_ang.asc
ncols	257
nrows	257
xllcorner	3503625.000000
yllcorner	3730350.000000
cellsize	25.000000
NODATA_value	-1.000000
[rows 84 to 125 of 257, columns 94 to 187 of 257]
226 226 225 225 226 226 226 225 225 225 225 225 225 225 225 226 226 226 227 226 226 226 225 225 225 226 226 226 226 226 226 227 227 227 227 227 227 226 226 226 226 225 226 227 227 227 227 226 226 226 226 226 226 226 226 226 226 226 226 226 226 226 226 226 225 225 225 225 225 225 225 225 225 225 225 225 225 225 225 225 225 225 225 225 225 225 226 226 226 227 227 228 228 229
226 226 226 226 226 226 226 226 225 225 225 225 225 225 225 225 226 226 226 226 226 226 226 226 226 226 226 226 226 226 227 227 227 228 228 227 227 227 226 226 226 226 225 226 226 226 227 227 226 226 226 226 226 226 226 226 226 226 226 226 226 226 226 226 226 226 225 225 225 225 225 225 225 225 225 225 225 225 225 225 225 225 225 225 225 226 226 226 227 227 228 229 230 231
226 226 226 226 227 227 227 226 226 226 225 225 225 225 225 225 226 226 226 226 226 226 225 226 226 227 227 227 227 227 227 228 228 228 228 228 228 228 227 227 227 226 226 226 225 225 226 227 227 227 227 227 227 227 227 226 226 226 226 226 226 226 226 226 226 226 226 226 226 225 225 225 225 225 225 225 225 225 225 225 225 225 225 225 225 226 226 227 228 229 230 230 232 233
226 226 226 227 227 227 227 226 226 226 226 225 225 225 225 225 226 226 226 226 226 225 225 226 226 227 227 227 227 227 228 228 228 228 228 228 228 228 228 228 227 227 227 226 225 225 225 225 226 227 227 228 228 227 227 227 227 227 227 226 226 226 226 226 226 226 226 226 226 226 226 226 226 226 225 225 225 225 226 226 225 225 225 225 225 225 226 227 228 231 232 231 230 231
226 226 227 227 227 227 226 226 226 226 226 225 225 225 225 225 226 226 226 226 225 225 225 225 225 226 226 227 227 227 227 227 227 228 228 228 228 228 228 227 227 227 227 226 225 225 224 225 225 225 226 227 228 228 229 228 228 227 227 227 227 226 226 226 226 226 226 226 226 226 226 226 226 226 226 226 226 226 226 226 225 225 225 225 225 225 225 225 226 227 228 227 225 225
226 226 226 226 226 226 226 226 226 226 225 225 226 226 226 225 225 226 225 225 225 224 224 224 224 225 226 226 226 226 226 226 226 226 227 227 226 227 227 227 227 227 226 226 225 225 224 225 225 225 225 226 227 228 229 229 229 229 228 227 227 227 226 226 226 226 226 226 226 226 226 226 226 226 226 226 226 226 226 226 225 225 225 225 225 224 224 224 223 222 222 221 221 222
226 226 226 226 226 226 226 226 225 225 225 225 226 225 225 225 225 225 225 225 224 224 223 223 224 224 225 225 225 225 225 225 225 225 225 225 225 226 226 226 226 226 226 225 225 225 224 224 224 225 225 226 226 227 227 228 229 229 229 229 228 228 227 227 226 226 226 226 226 226 226 226 226 226 226 226 226 226 226 226 226 226 225 225 224 223 223 223 223 222 222 223 223 224
225 226 226 226 226 226 226 225 225 225 225 225 225 225 225 225 224 224 224 224 224 223 223 223 223 224 224 224 224 224 224 224 224 224 225 225 225 225 226 226 226 226 226 225 225 225 225 225 225 225 225 226 226 226 227 228 228 228 229 229 229 229 228 227 227 226 226 226 226 226 226 226 226 226 226 226 226 226 226 226 226 226 226 225 224 224 225 225 225 225 226 226 227 226
225 226 226 226 226 226 226 225 225 225 225 225 225 224 224 224 224 224 224 224 224 223 223 223 223 223 224 224 224 224 224 224 224 224 224 224 225 225 226 226 226 226 226 225 225 225 225 225 225 226 226 226 226 227 227 227 227 228 228 227 228 228 228 228 227 227 227 227 227 227 227 226 226 226 226 226 226 226 226 226 226 226 226 225 225 225 227 227 227 227 228 228 229 228
226 226 226 227 227 226 226 225 225 225 225 225 225 224 224 224 224 224 224 224 224 223 223 223 223 223 224 224 224 224 224 224 224 224 225 225 225 225 226 226 226 226 226 226 226 226 226 226 226 226 226 227 227 227 227 227 227 227 227 226 226 226 227 227 227 227 227 227 228 228 227 227 227 227 227 227 227 227 227 227 227 227 227 226 225 226 228 228 228 229 229 229 229 229
227 227 227 227 227 227 226 226 225 225 225 225 225 224 224 224 224 224 224 224 224 224 224 223 223 224 224 224 225 225 224 224 224 225 225 225 225 226 226 226 226 226 226 226 225 225 226 226 226 227 227 227 227 227 227 227 227 227 227 226 226 226 226 225 225 226 226 227 227 228 228 228 228 227 227 227 227 228 228 228 228 228 228 228 226 228 229 228 228 228 228 229 229 228
228 228 228 227 227 227 226 226 225 225 225 225 225 225 225 225 224 225 225 225 225 224 224 224 224 224 224 225 225 225 225 225 224 225 225 225 225 226 226 226 226 226 226 225 225 225 225 225 226 226 226 226 226 226 227 227 227 227 227 226 226 225 225 225 225 225 225 226 226 227 227 227 227 227 228 228 228 228 228 229 228 228 227 226 226 227 228 228 228 227 228 228 228 228
228 228 227 227 227 227 226 225 225 225 225 226 226 226 225 225 225 225 225 225 225 225 225 224 224 224 225 225 225 225 225 224 224 225 225 225 225 225 225 226 225 225 225 225 224 224 224 224 225 225 225 226 225 226 226 226 227 227 227 227 226 226 225 225 225 225 225 226 226 226 226 226 226 226 227 227 227 227 228 228 227 227 226 226 226 226 227 228 227 227 227 227 227 227
227 227 227 227 226 226 226 225 225 225 226 226 226 226 226 226 226 226 226 226 226 225 225 225 224 225 225 225 225 225 225 224 224 225 225 225 225 225 225 225 225 225 224 224 223 223 223 223 223 224 224 224 224 225 225 225 226 227 227 227 227 226 226 226 225 225 225 226 226 226 226 226 226 226 226 226 227 227 227 227 227 227 226 226 226 226 227 227 227 226 226 226 226 226
226 226 225 225 225 225 225 225 225 225 226 226 226 227 227 226 226 226 226 226 226 226 225 225 225 225 225 225 225 225 225 225 225 225 225 225 225 225 225 225 225 224 224 224 223 223 223 223 223 223 223 223 223 224 224 225 226 226 227 227 227 227 226 226 225 225 225 226 226 227 227 226 226 226 226 227 227 227 227 227 227 227 227 226 226 226 226 226 226 226 226 225 225 226
225 224 224 224 224 224 224 224 224 225 225 226 226 226 226 226 226 225 226 225 225 225 225 225 225 225 225 225 225 225 225 225 225 225 225 225 225 225 225 225 225 224 224 224 223 223 223 222 222 223 223 223 223 223 224 224 225 226 226 227 227 227 227 226 226 225 226 226 227 227 227 227 227 227 227 227 227 227 227 227 226 226 226 226 226 225 225 226 226 225 225 225 225 225
223 223 223 223 223 223 223 224 224 224 225 225 225 225 225 225 225 225 225 225 225 225 225 225 225 225 224 224 224 224 225 225 225 225 225 225 225 225 225 225 225 225 224 224 224 223 223 223 223 223 223 223 223 223 224 224 225 225 226 226 227 226 226 226 225 225 226 227 228 228 228 227 227 227 226 227 226 226 226 225 225 225 225 224 224 224 224 225 225 225 225 225 225 225
223 222 222 222 222 222 222 223 223 223 224 224 224 224 224 224 224 224 224 224 224 224 225 224 224 224 224 224 224 224 224 225 225 225 225 225 225 225 225 225 224 224 224 224 224 223 223 223 223 223 223 223 223 224 224 224 224 225 225 225 226 226 225 225 225 225 226 227 227 228 228 227 226 226 226 226 225 225 224 224 224 223 223 223 223 224 224 224 225 225 225 225 225 225
222 222 221 221 222 222 222 222 222 222 223 222 222 223 223 222 222 223 223 223 223 224 224 224 224 224 224 223 223 224 224 224 225 225 225 225 225 225 224 224 224 224 224 224 224 224 223 223 223 223 224 224 223 224 224 224 224 224 224 225 225 225 225 224 224 224 224 225 226 227 227 226 225 224 224 224 224 224 223 222 222 223 223 223 223 223 223 224 224 224 224 224 224 224
222 222 222 222 222 222 222 222 222 222 222 222 222 222 222 222 222 222 222 222 222 223 223 223 223 223 223 223 223 223 224 224 225 225 225 225 225 225 224 224 224 224 224 224 224 224 223 223 224 224 224 223 223 223 223 223 223 224 224 224 224 225 224 223 223 222 223 224 225 225 225 224 223 223 222 222 223 222 222 221 222 222 222 223 223 223 223 223 224 224 224 224 224 224
223 223 222 222 222 222 222 222 222 222 222 222 221 221 221 221 222 222 222 222 222 223 223 223 223 223 223 223 223 223 223 224 224 225 225 225 225 224 224 223 223 223 223 223 223 223 223 223 223 223 223 223 223 223 223 223 223 223 224 224 224 224 224 223 222 221 221 222 223 223 223 222 221 221 221 221 222 222 221 221 221 222 222 222 223 223 223 223 224 224 224 224 224 224
224 223 223 223 223 223 222 222 222 222 222 222 222 222 222 222 222 222 222 223 223 223 223 223 223 223 223 223 223 223 223 224 224 225 225 225 224 224 223 223 222 223 223 223 223 223 223 223 223 223 223 223 223 223 223 223 223 223 223 224 224 224 223 222 221 221 220 220 221 221 221 220 219 219 220 220 221 221 221 221 222 222 222 223 223 223 223 223 224 224 224 224 223 223
225 224 224 224 224 224 223 223 223 223 223 223 223 223 223 223 223 223 223 223 223 223 223 223 223 223 223 223 222 223 223 223 224 224 224 224 224 223 223 222 222 222 223 223 223 223 223 223 223 223 223 223 223 223 223 223 223 223 223 223 223 223 223 222 221 220 220 220 220 220 220 220 219 219 219 220 221 221 222 222 222 222 223 223 223 223 223 223 224 224 224 224 223 223
226 225 225 225 225 225 224 225 225 224 224 224 224 224 223 224 224 224 224 224 224 224 224 223 223 223 223 223 223 223 223 223 223 224 224 224 223 223 222 222 222 223 223 223 223 224 224 223 223 223 223 223 223 223 223 223 223 223 223 223 223 223 223 222 221 220 220 220 220 220 220 220 220 220 220 221 222 222 222 222 222 223 223 223 223 223 223 224 224 224 224 224 223 223
226 226 226 226 226 225 225 226 226 226 226 225 225 225 224 224 225 225 225 225 224 224 224 224 224 223 223 223 223 223 223 223 223 224 224 224 223 222 222 222 222 223 223 224 224 224 224 224 223 223 223 223 223 224 224 224 223 223 223 223 223 223 223 223 222 221 221 221 221 221 221 221 221 221 222 222 222 222 223 223 223 223 223 223 223 223 224 224 224 224 224 224 223 223
227 227 226 226 226 226 226 226 226 226 226 226 226 225 225 225 225 225 225 225 225 224 224 224 224 224 224 223 223 223 223 223 224 224 224 224 223 223 222 222 223 223 224 224 224 224 224 224 224 224 224 224 224 224 224 224 224 223 223 224 224 224 224 224 223 223 222 222 222 222 222 222 222 223 223 223 223 223 223 223 223 223 223 223 223 224 224 224 224 224 224 224 224 223
227 227 227 227 227 227 227 227 227 227 227 227 226 226 226 226 225 226 225 225 225 225 224 224 224 224 224 224 224 223 223 224 224 225 225 225 224 224 223 223 223 224 224 224 225 225 224 224 224 224 224 224 224 224 224 224 224 224 224 224 224 225 225 224 224 224 223 223 223 223 223 223 223 223 223 223 223 223 224 224 224 224 224 223 223 224 224 224 224 224 224 224 224 224
227 227 227 227 227 227 227 227 227 227 227 227 226 226 226 226 226 226 226 225 225 225 224 224 224 224 224 224 224 224 224 224 225 226 226 226 225 224 224 224 224 225 225 225 225 225 225 225 225 224 224 224 224 224 224 224 224 224 224 224 225 225 225 225 225 224 224 224 224 224 224 224 224 224 224 224 224 224 224 224 224 224 224 224 224 224 224 224 224 224 224 224 224 224
226 226 226 227 227 227 227 227 227 227 227 227 227 226 226 226 226 226 226 226 225 225 225 224 224 224 224 224 224 224 224 225 226 227 227 227 226 225 225 225 225 225 225 225 225 225 225 225 225 225 225 225 225 225 225 225 225 225 225 225 225 225 225 225 225 225 224 224 224 224 224 224 224 224 224 224 224 224 224 225 225 225 224 224 224 224 224 224 224 224 224 224 224 224
226 226 226 226 226 226 226 226 226 226 227 227 226 226 226 226 226 226 226 226 226 225 225 224 224 224 224 224 224 225 225 226 227 227 227 227 227 226 225 225 225 226 225 225 225 225 225 225 225 225 225 225 225 225 225 225 225 225 225 225 225 225 225 226 225 225 225 224 224 224 224 225 225 225 225 225 225 225 225 225 225 225 225 225 225 225 225 225 225 225 225 225 225 225
226 226 226 226 226 226 226 226 226 226 226 226 226 226 226 226 226 226 226 226 226 225 225 224 224 224 224 225 225 226 226 227 228 228 229 228 228 227 226 226 226 226 226 226 226 226 226 226 226 225 225 225 225 225 225 225 225 225 225 225 225 225 226 226 225 225 225 225 225 225 225 225 225 225 225 225 225 225 225 226 226 226 226 225 225 226 226 226 226 225 225 225 225 225
225 225 226 226 226 226 226 226 226 226 226 226 226 226 226 226 226 226 226 226 226 226 226 225 225 225 225 226 226 227 228 229 230 230 230 230 229 228 228 228 228 227 227 227 226 226 226 226 226 226 226 225 225 225 226 226 225 225 225 225 225 226 226 226 226 226 225 225 225 225 225 225 226 226 226 226 226 226 226 226 226 226 226 226 226 226 226 226 226 226 225 225 225 225
225 225 226 226 226 226 226 226 226 226 226 226 226 226 226 226 226 226 226 227 227 227 226 226 226 226 227 227 228 229 230 231 232 233 233 233 232 231 230 230 229 229 228 228 227 227 227 227 227 226 226 226 226 226 226 226 226 226 226 226 226 226 226 226 226 226 226 226 226 226 226 226 226 226 226 226 226 226 226 226 226 226 226 226 226 226 226 226 226 226 226 225 225 225
225 225 226 226 226 226 226 226 226 226 226 226 227 227 227 226 226 226 227 227 227 227 227 227 227 227 228 229 230 231 233 234 235 236 236 236 235 234 233 232 231 231 230 229 228 228 228 228 227 227 227 226 226 226 226 226 226 226 226 226 227 227 227 227 227 227 226 226 226 226 226 226 226 226 226 226 226 226 226 226 226 226 226 226 226 226 226 226 226 226 226 225 225 225
225 225 225 226 226 226 226 226 226 226 226 227 227 227 227 227 226 227 227 227 227 227 227 227 227 228 229 230 232 233 235 237 238 240 240 240 239 238 236 235 234 233 232 231 230 229 229 229 228 228 228 227 227 227 227 227 227 227 227 227 227 228 228 228 227 227 227 227 227 227 227 226 226 226 226 226 226 226 226 226 226 226 226 226 226 226 226 226 226 226 226 225 225 225
225 225 225 225 226 226 226 226 226 226 227 227 227 227 227 227 227 227 227 227 227 227 227 227 227 228 230 231 233 235 237 239 241 243 244 244 243 241 240 238 236 235 234 232 231 230 230 230 229 229 229 228 228 228 228 228 228 228 228 228 228 228 228 228 228 228 228 228 227 227 227 227 227 227 227 226 226 226 226 226 226 226 226 226 226 226 226 226 226 225 225 225 225 225
225 225 225 225 226 226 226 226 226 226 227 227 227 227 227 227 227 227 227 227 227 227 226 227 227 228 230 231 234 236 239 241 244 246 247 248 247 245 242 239 238 236 235 234 232 231 231 230 230 230 229 229 229 228 228 228 229 229 229 229 229 229 229 229 229 228 228 228 228 228 227 227 227 227 227 226 226 226 226 226 226 226 226 225 225 225 225 225 225 225 225 225 225 225
225 225 225 225 226 226 226 226 226 226 227 227 227 227 227 227 226 226 226 226 226 226 226 226 226 228 229 231 233 236 238 241 244 247 250 251 250 248 244 241 238 236 235 234 232 231 230 230 230 230 230 229 229 229 229 229 229 229 229 229 229 229 229 229 228 228 228 228 228 228 227 227 227 226 226 226 226 226 226 226 226 225 225 225 225 225 225 225 225 225 225 224 225 225
225 225 225 225 225 226 226 226 226 226 227 227 227 227 227 227 226 226 225 225 225 225 225 225 226 227 229 231 232 235 237 240 243 246 250 252 252 249 245 240 237 236 235 233 231 230 229 229 229 229 230 229 229 229 229 229 229 229 229 229 229 228 228 228 228 228 228 228 227 227 227 226 226 226 226 226 226 226 225 225 225 225 225 225 225 224 224 224 224 224 224 224 224 224
225 225 225 225 225 225 226 226 226 226 226 226 227 227 227 226 226 225 225 224 224 224 224 225 225 226 228 230 231 233 236 238 239 242 246 250 250 247 243 237 233 232 232 230 229 228 227 227 228 228 228 228 229 229 228 228 228 228 228 228 228 227 227 227 227 226 226 227 226 226 226 225 225 225 225 225 225 225 225 225 225 225 225 224 224 224 224 224 224 224 224 224 224 224
225 225 225 225 225 225 225 226 226 226 226 226 226 226 226 226 225 225 224 223 223 223 223 224 224 225 226 228 229 230 233 234 235 237 241 244 244 241 236 229 226 226 226 226 225 224 224 224 225 226 227 227 227 227 227 226 227 227 227 227 227 226 225 225 225 225 225 225 225 225 225 224 224 224 224 224 224 225 225 225 225 225 225 225 224 224 224 224 224 224 224 224 224 224
224 224 224 225 225 225 225 225 225 225 225 225 226 226 226 226 225 224 223 222 222 222 222 222 223 223 224 225 226 227 228 229 230 232 235 237 236 231 225 218 216 217 219 219 219 219 219 220 222 223 224 224 224 224 224 224 224 224 224 225 225 224 224 224 224 223 223 224 224 224 223 223 223 223 223 224 224 224 224 224 224 224 224 224 224 224 224 224 224 224 224 224 224 224
