data/NorthBerwickLaw_180_1_25m_ang.asc
ncols	257
nrows	257
xllcorner	3503625.000000
yllcorner	3730350.000000
cellsize	25.000000
NODATA_value	-1.000000
[rows 84 to 125 of 257, columns 94 to 187 of 257]
180 180 180 181 181 181 181 181 182 182 182 181 181 181 181 180 180 180 180 180 180 180 180 180 179 179 179 179 179 179 179 179 179 180 180 180 180 180 180 181 181 181 179 177 176 177 177 178 178 179 179 179 179 179 179 179 179 179 179 180 180 180 180 180 180 180 180 180 180 180 180 180 180 180 180 180 180 180 180 180 180 180 181 181 181 181 181 181 182 182 182 182 182 182
180 180 180 180 180 181 181 182 182 182 182 182 182 181 181 181 180 180 180 180 180 180 180 179 179 179 179 179 179 179 179 179 180 180 180 180 180 180 180 180 181 181 180 179 178 177 177 177 178 178 179 179 179 179 179 179 179 179 179 179 179 179 180 180 180 180 180 180 180 180 180 180 180 180 180 180 180 180 180 180 180 181 181 181 181 181 182 182 182 182 183 183 183 183
180 180 180 180 180 180 181 181 182 182 182 182 182 181 181 181 181 180 180 180 180 180 179 179 179 179 179 179 179 179 179 179 180 180 180 180 180 180 180 180 180 180 180 180 180 179 178 177 178 178 178 179 179 179 179 179 179 179 179 179 179 179 179 179 180 180 180 180 180 180 180 180 180 180 180 180 180 180 180 180 180 181 181 181 181 182 182 183 184 184 184 184 185 184
180 180 180 180 180 180 181 181 182 182 182 182 182 182 181 181 181 181 180 180 180 180 179 179 179 179 179 179 179 179 179 179 180 180 180 180 180 180 179 179 179 179 180 180 180 180 179 179 178 178 178 178 178 179 179 179 179 179 179 179 179 179 179 179 179 180 180 180 180 180 180 180 180 180 180 180 180 180 180 180 181 181 181 181 182 182 183 185 185 186 185 185 184 183
180 180 180 180 180 180 181 181 182 182 182 182 182 181 181 181 181 181 180 180 180 180 180 180 180 180 180 179 179 179 179 179 179 180 180 180 180 180 179 179 179 179 179 179 180 180 180 180 179 179 179 179 179 179 178 178 178 178 179 179 179 179 179 179 179 179 180 180 180 180 180 180 180 180 180 180 180 180 180 180 181 181 181 181 182 183 184 185 186 186 185 183 181 180
180 180 180 180 180 180 181 181 181 182 182 182 182 181 181 181 181 181 180 180 180 180 180 180 180 180 180 180 179 179 179 179 179 180 180 180 180 180 179 179 178 178 178 179 180 180 180 180 180 180 180 179 179 179 179 178 178 178 178 178 178 179 179 179 179 179 179 180 180 180 180 180 180 180 180 180 180 180 180 181 181 181 181 181 182 183 184 184 183 183 183 181 180 179
180 180 180 180 180 180 180 181 181 181 182 182 181 181 181 181 180 180 180 180 180 180 180 180 180 180 180 180 180 179 179 179 179 179 180 180 180 180 179 179 178 178 178 179 179 180 180 180 180 180 180 180 180 180 180 179 178 178 177 177 178 178 178 179 179 179 179 179 180 180 180 180 180 180 180 180 180 180 181 181 181 181 181 182 182 183 183 182 181 180 180 180 180 180
181 180 180 180 180 180 180 181 181 181 181 181 181 181 181 180 180 180 180 180 180 180 180 180 180 180 180 180 180 179 179 179 179 179 180 180 180 180 180 179 179 179 179 179 179 180 180 181 181 181 181 180 180 180 180 180 179 178 178 177 177 177 177 178 178 179 179 179 179 180 180 180 180 180 180 180 180 180 181 181 181 181 181 182 182 182 182 180 179 179 179 180 180 181
181 181 181 181 180 180 180 181 181 181 181 181 181 180 180 180 180 180 180 180 180 180 180 180 180 180 180 180 180 180 179 179 179 180 180 180 180 180 180 180 180 179 179 179 180 180 180 181 181 181 181 181 181 180 180 180 180 179 178 178 177 177 177 177 178 179 179 179 179 179 180 180 180 180 180 180 180 181 181 181 181 181 182 182 183 182 181 179 179 178 179 179 180 181
181 181 181 181 181 181 180 180 180 180 180 180 180 180 180 180 180 180 180 180 180 180 180 180 180 180 180 180 180 180 180 180 180 180 180 180 180 180 180 180 180 180 180 180 180 180 180 181 181 181 181 181 180 180 180 180 180 179 179 178 178 178 178 178 178 178 179 179 179 179 179 179 180 180 180 180 181 181 181 181 182 182 182 183 183 182 180 179 179 179 179 179 180 180
182 181 181 181 181 181 180 180 180 179 179 179 179 179 179 179 180 180 180 181 181 180 180 180 179 179 179 180 180 180 180 180 180 180 180 180 180 180 180 181 181 181 181 181 181 180 180 181 181 181 181 180 180 180 180 180 179 179 179 179 178 178 178 178 178 178 179 179 179 179 179 179 179 180 180 180 181 181 181 182 182 183 183 183 182 180 180 180 179 179 179 179 179 180
182 181 181 181 181 180 180 180 179 179 179 179 179 179 179 179 180 180 181 181 181 180 180 180 179 179 179 179 180 180 180 180 180 180 180 180 180 180 180 181 181 182 182 181 181 181 181 181 181 181 180 180 180 180 179 179 179 179 179 179 179 179 179 179 179 179 179 179 180 180 180 180 180 180 180 181 181 181 182 182 182 183 183 182 181 180 180 179 179 179 178 178 179 179
181 181 181 181 180 180 180 179 179 179 178 178 178 179 179 179 180 180 181 181 181 180 180 180 179 179 179 179 180 180 180 180 180 180 180 180 180 180 180 181 181 182 182 182 182 181 181 181 181 180 180 180 180 179 179 179 179 179 179 179 179 179 179 179 179 179 179 180 180 180 180 180 180 181 181 181 181 182 182 182 182 182 181 181 180 180 179 179 179 179 178 178 179 179
181 181 181 180 180 180 180 179 179 179 178 178 179 179 179 180 180 180 180 180 180 180 180 179 179 179 179 179 180 180 180 180 180 180 180 180 180 180 180 181 181 182 182 182 182 182 181 181 181 180 180 180 180 179 179 180 180 180 180 179 179 179 179 179 179 179 179 180 180 180 180 180 181 181 181 181 182 182 182 182 182 181 180 180 179 179 179 179 179 179 178 178 179 179
181 180 180 180 180 180 180 179 179 179 179 179 179 179 179 179 180 180 180 180 180 180 180 179 179 179 179 179 179 180 180 180 180 180 180 180 180 180 180 181 181 182 182 182 182 182 181 181 180 180 180 180 180 180 180 180 180 180 180 180 180 179 179 179 179 179 179 180 180 180 180 181 181 182 182 182 182 182 182 182 181 181 180 179 179 178 178 178 178 178 179 179 179 179
181 180 180 180 180 180 180 180 180 180 180 180 180 180 179 179 179 179 179 179 180 180 179 179 179 179 179 179 179 180 180 180 180 180 180 180 180 180 181 181 181 181 182 182 182 181 181 181 180 180 180 180 180 180 180 181 181 181 181 181 181 180 179 179 179 179 180 180 180 180 180 181 181 182 182 182 182 182 182 181 181 180 179 179 178 178 178 178 178 178 179 179 179 179
180 180 180 180 180 180 181 181 181 180 180 180 180 180 179 179 179 179 179 179 179 179 179 179 179 179 179 179 179 180 180 180 180 180 180 180 180 180 181 181 181 181 181 181 181 181 181 180 180 180 180 180 180 180 181 181 181 182 182 182 181 181 180 180 179 180 180 180 180 180 180 181 181 182 182 182 182 181 181 180 180 179 179 178 178 178 178 178 178 179 179 179 179 179
180 180 180 180 181 181 181 181 181 181 181 180 180 180 180 179 179 179 179 179 179 179 179 179 179 179 179 179 179 180 180 180 180 180 180 180 180 180 181 181 181 181 181 181 181 181 180 180 180 180 180 180 180 180 181 181 182 182 182 182 182 182 181 180 180 180 180 181 181 181 180 180 181 181 181 181 181 180 180 179 179 179 179 178 178 178 178 178 179 179 179 179 179 180
180 180 181 181 181 181 182 182 182 181 181 181 180 180 180 180 179 179 179 179 179 179 179 179 179 179 179 179 179 180 180 180 180 180 180 180 180 180 180 181 181 181 181 181 181 180 180 180 180 180 180 180 180 181 181 181 181 182 182 182 183 182 182 182 181 181 181 181 181 181 181 180 180 180 180 180 180 179 179 178 178 178 178 178 178 178 178 179 179 179 179 179 179 180
180 180 181 181 181 181 182 182 182 181 181 181 180 180 180 180 180 180 179 179 179 179 180 180 180 180 180 180 180 180 180 180 180 180 180 180 180 180 180 180 181 181 181 181 180 180 180 180 180 180 180 180 180 181 181 181 181 181 182 182 183 183 183 182 182 182 181 181 181 181 181 180 180 180 179 179 179 178 178 178 178 178 179 179 179 179 179 179 179 179 179 180 180 180
180 180 181 181 181 181 181 181 181 181 181 181 181 180 180 181 180 180 180 180 180 180 180 180 180 180 180 180 180 180 180 180 180 180 180 180 180 180 180 180 180 180 181 180 180 180 180 180 180 180 180 180 180 181 181 181 181 181 182 182 183 183 183 183 183 182 182 181 181 181 180 180 180 179 179 178 178 178 178 178 178 178 179 179 179 179 179 180 180 180 180 180 180 180
180 180 181 181 181 181 181 181 181 181 181 181 181 181 181 181 181 180 180 180 180 180 180 180 180 180 180 180 180 180 180 181 181 181 180 180 180 179 179 180 180 180 180 180 180 180 180 180 180 180 180 180 181 180 180 180 181 181 181 182 182 183 183 183 183 182 181 181 181 180 180 180 180 179 178 178 178 178 178 178 178 179 179 179 179 180 180 180 180 180 180 180 180 180
180 180 181 181 181 181 181 181 181 180 181 181 181 181 181 181 181 181 181 180 180 180 180 180 180 180 180 180 180 180 181 181 181 181 180 180 179 179 179 180 180 180 180 180 180 180 180 180 180 180 180 181 181 180 180 180 180 181 181 181 182 182 183 183 182 182 181 180 180 180 180 180 180 179 179 178 178 179 179 179 179 179 179 179 180 180 180 180 180 180 180 180 180 180
180 180 180 180 180 180 180 180 180 180 180 181 181 181 181 181 181 181 181 180 180 180 180 180 180 180 181 181 181 181 181 181 181 180 180 180 179 179 179 180 180 180 180 180 180 180 181 181 181 181 181 180 180 180 180 180 180 180 181 181 182 182 182 182 182 181 180 180 180 180 180 180 180 179 179 179 179 179 179 179 179 179 179 179 180 180 180 180 180 180 180 180 180 180
180 180 180 180 180 180 180 180 180 180 180 181 181 181 181 181 181 181 181 180 180 180 180 180 180 180 181 181 181 181 181 180 180 180 180 180 180 180 180 180 180 180 180 180 180 181 181 181 181 181 181 181 180 180 180 180 180 180 180 181 181 181 182 181 181 181 180 180 180 180 180 180 180 180 180 179 179 179 179 179 179 179 179 180 180 180 180 180 180 180 180 180 180 180
180 180 180 180 180 180 180 180 180 180 180 180 181 181 181 181 181 181 181 180 180 180 180 180 180 180 180 181 181 180 180 180 180 180 180 180 180 180 180 181 180 180 180 180 180 181 181 181 181 181 181 181 180 180 180 180 180 180 180 181 181 181 181 181 181 180 180 180 180 180 180 180 180 180 180 180 180 180 180 180 180 180 180 180 180 180 180 180 180 180 180 180 180 180
180 180 180 180 180 180 180 180 180 180 180 180 180 180 180 180 180 181 180 180 180 180 180 180 180 180 180 180 180 180 180 180 179 179 179 180 180 181 181 181 181 181 180 180 180 180 181 181 181 181 181 180 180 180 180 180 180 180 180 180 181 181 181 181 180 180 180 180 180 180 180 180 180 180 180 180 180 180 180 180 180 180 180 180 180 180 180 180 180 180 180 180 180 180
180 180 180 180 180 180 180 180 180 180 180 180 180 180 180 180 180 180 180 180 180 180 180 180 180 180 180 180 180 180 180 180 179 179 180 180 180 181 181 181 181 181 180 180 180 180 181 181 181 181 181 180 180 180 180 181 181 181 180 180 180 180 180 180 180 180 180 180 180 180 180 180 180 180 180 180 180 180 180 180 180 180 180 180 180 180 180 180 180 180 180 180 180 180
180 180 180 180 180 180 180 180 180 180 180 180 180 180 179 179 179 180 180 180 180 180 180 180 180 180 180 180 180 180 180 180 180 180 180 180 181 181 181 181 181 180 180 180 180 180 180 181 181 181 180 180 181 181 181 181 181 181 181 180 180 180 180 180 180 180 180 180 180 180 180 180 180 180 180 180 180 180 180 180 180 180 180 179 179 179 179 180 180 180 180 180 180 180
180 180 180 180 180 180 180 180 180 180 180 180 180 179 179 179 179 179 180 180 180 180 180 180 180 180 180 180 180 180 180 180 180 180 180 181 181 181 181 180 180 180 180 180 180 180 180 180 180 180 180 181 181 181 181 181 181 181 180 180 180 180 180 180 180 180 180 180 180 180 180 180 180 180 180 180 180 180 180 180 180 180 179 179 179 179 179 180 180 180 180 180 180 180
180 180 180 180 180 180 180 180 180 180 180 180 180 179 179 179 179 179 179 180 180 180 180 180 180 180 181 181 181 181 181 181 181 181 181 181 181 180 180 180 180 180 180 180 180 180 180 180 180 180 180 181 181 181 181 181 181 180 180 180 180 180 180 180 180 180 180 180 180 180 180 180 180 180 180 180 180 180 180 180 180 180 180 179 179 179 179 179 180 180 180 180 180 180
180 180 180 180 180 180 180 180 180 180 180 180 179 179 179 179 179 179 179 180 180 180 180 180 181 181 181 181 181 181 181 181 181 181 181 181 181 180 180 179 179 179 179 180 180 180 180 180 180 180 180 180 181 181 181 181 180 180 180 180 180 180 180 180 180 180 180 180 180 180 180 180 180 180 180 180 180 180 180 180 180 180 180 179 179 179 179 179 179 180 180 180 180 180
180 180 180 180 180 180 180 180 180 180 180 180 179 179 179 179 179 179 179 180 180 180 180 181 181 181 182 182 182 183 182 182 182 182 181 181 180 180 179 179 178 179 179 179 179 180 180 180 180 180 180 180 180 181 181 181 180 180 180 180 180 180 180 180 180 180 181 180 180 180 180 180 180 180 180 180 180 180 180 180 180 180 180 180 179 179 179 179 179 179 179 179 180 180
180 180 180 180 180 180 180 180 180 180 180 179 179 179 179 179 179 179 179 180 180 180 181 181 182 182 183 183 184 184 184 184 183 182 182 180 179 178 178 178 177 178 178 178 179 179 179 180 180 180 180 180 180 180 180 180 180 180 180 180 180 180 180 180 180 180 181 180 180 180 180 180 180 180 180 180 180 180 180 180 180 180 180 180 180 179 179 179 179 179 179 179 179 179
180 180 180 180 180 180 180 180 180 180 180 180 180 180 180 180 180 180 180 180 180 181 181 182 183 184 184 185 186 186 186 185 185 183 182 180 178 177 176 176 176 176 177 177 178 178 178 179 179 179 180 180 180 180 180 180 180 180 180 180 180 180 180 180 180 180 180 180 180 180 180 180 180 180 180 180 180 180 180 180 180 180 180 180 180 179 179 179 179 179 179 179 179 179
180 180 180 180 180 180 180 180 180 180 180 180 180 180 180 180 180 180 180 180 181 181 182 183 184 185 186 187 188 189 189 188 186 184 181 178 176 175 174 174 174 175 175 176 176 177 178 178 179 179 179 179 179 179 180 180 180 180 180 180 180 180 180 180 180 180 180 180 180 180 180 180 180 180 180 180 180 180 180 180 180 180 180 180 180 179 179 179 179 179 179 179 179 179
180 180 180 180 180 181 181 180 180 180 180 180 180 180 180 180 180 180 180 181 181 182 183 185 186 188 189 190 191 192 192 191 188 185 181 177 174 173 172 172 173 173 173 174 175 176 176 177 178 178 179 179 179 179 179 180 180 180 180 180 180 180 180 180 180 180 180 180 180 180 180 180 179 179 179 179 179 179 180 180 180 180 180 180 179 179 179 179 179 179 179 179 179 179
180 180 180 180 181 181 181 181 180 180 180 180 180 180 180 180 180 180 180 181 182 183 185 186 188 190 192 193 195 195 195 193 190 186 180 175 171 170 169 170 171 171 172 172 173 174 175 176 177 178 178 178 179 179 179 180 180 180 180 180 180 180 180 180 180 180 180 180 180 179 179 179 179 179 179 179 179 179 179 180 180 180 180 179 179 179 179 179 179 179 179 179 179 179
180 180 180 180 181 181 181 181 181 180 180 180 180 180 180 180 180 180 180 181 183 184 186 188 190 192 195 196 197 197 196 195 192 188 181 174 169 166 166 167 169 170 170 171 172 173 174 176 177 178 178 178 178 179 179 179 180 180 180 180 180 180 180 180 180 180 180 180 179 179 179 179 179 179 179 179 179 179 179 179 179 179 179 179 179 179 179 179 179 179 179 179 179 179
180 180 180 181 181 181 181 181 181 181 181 181 180 180 180 180 180 180 181 182 184 186 188 190 192 195 196 198 198 198 197 195 192 188 182 174 168 165 164 165 167 168 169 170 171 172 174 175 177 177 178 178 179 179 179 179 179 179 179 179 179 179 180 180 180 180 180 180 179 179 179 178 178 178 179 179 179 179 179 179 179 179 179 179 179 179 179 179 179 179 179 179 179 179
180 180 180 181 181 181 181 181 181 181 181 181 180 180 180 180 180 180 181 183 185 187 190 192 194 196 197 197 197 197 195 194 191 187 182 175 169 165 164 165 166 167 169 170 171 172 174 175 176 177 178 179 179 179 179 179 179 179 179 179 179 179 179 179 180 180 180 179 179 179 178 178 178 178 179 179 179 179 179 179 179 179 179 179 179 179 179 179 179 179 179 179 179 179
180 180 180 180 180 180 180 180 180 180 181 181 180 180 180 180 180 181 182 184 186 188 191 193 194 195 196 196 195 194 193 191 188 186 181 176 171 168 166 166 167 168 170 171 173 174 175 176 177 178 178 179 179 179 179 178 178 179 179 179 179 179 179 179 179 179 179 179 179 179 179 179 179 179 179 179 179 179 179 179 179 179 179 179 179 179 179 179 179 179 179 179 179 179
