data/NorthBerwickLaw_270_1_25m_ang.asc
ncols	257
nrows	257
xllcorner	3503625.000000
yllcorner	3730350.000000
cellsize	25.000000
NODATA_value	-1.000000
[rows 84 to 125 of 257, columns 94 to 187 of 257]
270 270 270 269 269 269 269 269 269 268 269 269 269 269 269 270 270 270 270 270 270 270 270 270 271 271 271 271 271 271 271 271 271 270 270 270 270 270 270 269 269 269 271 273 274 273 272 272 271 271 271 271 271 271 271 271 271 271 271 270 270 270 270 270 270 270 270 270 270 270 270 270 270 270 270 270 270 270 270 270 270 269 269 269 269 269 269 269 269 268 268 268 268 268
270 270 270 270 270 269 269 269 268 268 268 268 268 269 269 269 270 270 270 270 270 270 270 271 271 271 271 271 271 271 271 271 270 270 270 270 270 270 270 270 269 269 270 271 272 273 273 273 272 272 271 271 271 271 271 271 271 271 271 271 271 271 270 270 270 270 270 270 270 270 270 270 270 270 270 270 270 270 270 270 270 269 269 269 269 269 268 268 268 268 268 267 267 267
270 270 270 270 270 270 269 269 268 268 268 268 268 269 269 269 269 270 270 270 270 270 271 271 271 271 271 271 271 271 271 270 270 270 270 270 270 270 270 270 270 270 270 270 270 272 272 273 272 272 271 271 271 271 271 271 271 271 271 271 271 271 271 271 270 270 270 270 270 270 270 270 270 270 270 270 270 270 270 270 269 269 269 269 269 268 268 267 267 267 267 266 266 267
270 270 270 270 270 270 269 269 268 268 268 268 268 268 269 269 269 269 270 270 270 270 271 270 270 270 271 271 271 271 271 271 270 270 270 270 270 270 271 271 271 271 270 270 270 271 271 272 272 272 272 272 271 271 271 271 271 271 271 271 271 271 271 271 271 270 270 270 270 270 270 270 270 270 270 270 270 270 270 270 269 269 269 269 268 268 267 266 265 266 266 266 266 267
270 270 270 270 270 270 269 269 269 268 268 268 268 269 269 269 269 269 270 270 270 270 270 270 270 270 270 270 271 271 271 271 270 270 270 270 270 270 271 271 271 271 271 271 270 270 270 270 271 271 271 271 271 271 271 272 272 271 271 271 271 271 271 271 271 271 271 270 270 270 270 270 270 270 270 270 270 270 270 269 269 269 269 269 268 267 266 265 264 265 266 267 268 270
270 270 270 270 270 270 269 269 269 268 268 268 268 269 269 269 269 269 270 270 270 270 270 270 270 270 270 270 271 271 271 271 271 270 270 270 270 270 271 271 272 272 272 271 271 270 270 270 270 270 270 270 271 271 271 272 272 272 272 272 272 271 271 271 271 271 271 270 270 270 270 270 270 270 270 270 270 270 270 269 269 269 269 268 268 267 266 266 266 266 267 268 270 271
270 270 270 270 270 270 270 269 269 269 268 268 269 269 269 269 269 270 270 270 270 270 270 270 270 270 270 270 270 271 271 271 271 270 270 270 270 270 271 271 272 272 272 271 271 270 270 270 270 270 270 270 270 270 270 271 271 272 272 272 272 272 272 271 271 271 271 271 270 270 270 270 270 270 270 270 270 270 269 269 269 269 269 268 268 267 267 268 269 269 269 269 270 270
269 270 270 270 270 270 270 269 269 269 269 269 269 269 269 270 270 270 270 270 270 270 270 270 270 270 270 270 270 271 271 271 271 271 270 270 270 270 270 271 271 272 272 271 271 270 270 269 269 269 269 269 270 270 270 270 271 271 272 273 273 273 272 272 272 271 271 271 271 270 270 270 270 270 270 270 270 270 269 269 269 269 268 268 267 267 268 270 270 271 270 270 269 269
269 269 269 270 270 270 270 269 269 269 269 269 269 270 270 270 270 270 270 270 270 270 270 270 270 270 270 270 270 270 271 271 271 270 270 270 270 270 270 270 271 271 271 271 271 270 270 270 269 269 269 269 269 269 270 270 270 271 271 272 273 273 273 273 272 271 271 271 271 271 271 270 270 270 270 270 270 269 269 269 269 269 268 268 267 267 269 271 271 271 271 270 270 269
269 269 269 269 269 270 270 270 270 270 270 270 270 270 270 270 270 270 270 270 270 270 270 270 270 270 270 270 270 270 270 270 270 270 270 270 270 270 270 270 270 270 270 270 270 270 270 270 269 269 269 269 269 270 270 270 270 271 271 272 272 272 272 272 272 272 271 271 271 271 271 271 270 270 270 270 269 269 269 269 269 268 268 267 267 268 270 271 271 271 271 271 270 270
269 269 269 269 269 270 270 270 270 270 271 271 271 271 271 271 270 270 270 269 269 270 270 270 271 271 270 270 270 270 270 270 270 270 270 270 270 270 270 269 269 269 269 269 270 270 270 269 269 269 269 269 270 270 270 270 270 271 271 272 272 272 272 272 272 272 271 271 271 271 271 271 271 270 270 270 269 269 269 269 268 268 267 267 268 269 270 270 271 271 271 271 271 270
269 269 269 269 269 270 270 270 271 271 271 271 271 271 271 271 270 270 269 269 269 270 270 270 271 271 271 270 270 270 270 270 270 270 270 270 270 270 270 269 269 269 269 269 269 269 269 269 269 269 269 270 270 270 270 271 271 271 271 271 272 272 272 272 271 271 271 271 270 270 270 270 270 270 270 269 269 269 268 268 268 268 267 268 269 270 270 270 271 271 271 271 271 271
269 269 269 269 270 270 270 271 271 271 272 272 272 271 271 271 270 270 269 269 269 270 270 270 271 271 271 271 270 270 270 270 270 270 270 270 270 270 270 269 269 268 268 268 268 269 269 269 269 269 270 270 270 270 271 271 271 271 271 271 272 272 272 271 271 271 271 270 270 270 270 270 270 270 269 269 269 268 268 268 268 268 269 269 270 270 270 271 271 271 271 271 271 271
269 269 270 270 270 270 271 271 271 271 272 272 271 271 271 270 270 270 270 270 270 270 270 271 271 271 271 271 270 270 270 270 270 270 270 270 270 270 270 269 269 268 268 268 268 268 269 269 269 269 270 270 270 270 270 270 270 270 271 271 271 271 271 271 271 271 271 270 270 270 270 270 269 269 269 269 268 268 268 268 268 269 270 270 270 271 271 271 271 271 272 272 271 271
269 270 270 270 270 270 270 271 271 271 271 271 271 271 271 271 270 270 270 270 270 270 270 271 271 271 271 271 271 270 270 270 270 270 270 270 270 270 270 269 269 268 268 268 268 268 269 269 269 270 270 270 270 270 270 270 270 270 270 270 271 271 271 271 271 271 271 271 270 270 270 269 269 269 268 268 268 268 268 268 269 269 270 271 271 271 271 271 271 272 272 271 271 271
269 270 270 270 270 270 270 270 270 270 270 270 270 270 271 271 271 271 271 270 270 270 271 271 271 271 271 271 271 270 270 270 270 270 270 270 270 270 270 269 269 269 268 268 268 268 269 269 270 270 270 270 270 270 270 269 269 269 269 269 270 270 271 271 271 271 271 270 270 270 270 269 269 268 268 268 268 268 268 269 269 270 271 271 272 272 272 272 272 272 271 271 271 271
270 270 270 270 270 270 270 269 270 270 270 270 270 270 270 271 271 271 271 271 271 271 271 271 271 271 271 271 271 270 270 270 270 270 270 270 270 270 269 269 269 269 269 269 269 269 269 269 270 270 270 270 270 270 269 269 269 268 268 268 269 270 270 271 271 271 270 270 270 270 270 270 269 268 268 268 268 269 269 270 270 270 271 272 272 272 272 272 272 271 271 271 271 271
270 270 270 269 269 269 269 269 269 269 269 270 270 270 270 271 271 271 271 271 271 271 271 271 271 271 271 271 271 270 270 270 270 270 270 270 270 270 269 269 269 269 269 269 269 269 270 270 270 270 270 270 270 269 269 269 268 268 268 268 268 269 269 270 270 270 270 269 269 270 270 270 269 269 268 268 269 270 270 271 271 271 271 272 272 272 272 272 272 271 271 271 271 271
270 270 269 269 269 269 268 268 268 269 269 269 270 270 270 270 271 271 271 271 271 271 271 271 271 271 271 271 270 270 270 270 270 270 270 270 270 270 270 269 269 269 269 269 269 270 270 270 270 270 270 270 270 269 269 269 269 268 268 268 268 268 268 269 269 269 269 269 269 269 270 270 270 269 269 269 270 271 271 272 272 272 272 272 272 272 272 272 271 271 271 271 271 270
270 270 269 269 269 268 268 268 268 268 269 269 269 270 270 270 270 270 271 271 271 271 270 270 270 270 270 270 270 270 270 270 270 270 270 270 270 270 270 270 269 269 269 269 270 270 270 270 270 270 270 270 270 269 269 269 269 268 268 268 267 267 268 268 268 268 268 269 269 269 270 270 270 270 270 271 271 272 272 272 272 272 272 271 271 271 271 271 271 271 271 271 270 270
270 269 269 269 269 269 268 268 268 269 269 269 269 269 269 269 270 270 270 270 270 270 270 270 270 270 270 270 270 270 270 270 270 270 270 270 270 270 270 270 270 269 269 270 270 270 270 270 270 270 270 270 269 269 269 269 269 269 268 268 267 267 267 267 267 268 268 268 269 269 270 270 270 271 271 272 272 272 272 272 272 272 271 271 271 271 271 271 271 270 270 270 270 270
270 269 269 269 269 269 269 269 269 269 269 269 269 269 269 269 269 270 270 270 270 270 270 270 270 270 270 270 270 270 270 269 269 269 270 270 270 271 270 270 270 270 270 270 270 270 270 270 270 270 270 270 269 269 269 269 269 269 268 268 268 267 267 267 267 268 268 269 269 269 270 270 271 271 272 272 272 272 272 272 272 272 271 271 271 271 270 270 270 270 270 270 270 270
270 269 269 269 269 269 269 269 269 269 269 269 269 269 269 269 269 269 270 270 270 270 270 270 270 270 270 270 270 270 269 269 269 269 270 270 271 271 271 270 270 270 270 270 270 270 270 270 270 270 270 269 269 269 270 270 269 269 269 268 268 268 267 267 268 268 269 269 270 270 270 270 270 271 272 272 272 271 271 271 271 271 271 271 271 270 270 270 270 270 270 270 270 270
270 270 270 269 269 270 270 270 270 270 270 269 269 269 269 269 269 269 269 270 270 270 270 270 270 270 270 269 269 269 269 269 269 270 270 270 271 271 271 270 270 270 270 270 270 270 269 269 269 269 269 269 269 270 270 270 270 269 269 269 268 268 268 268 268 269 269 270 270 270 270 270 270 271 271 271 271 271 271 271 271 271 271 271 270 270 270 270 270 270 270 270 270 270
270 270 270 270 270 270 270 270 270 270 270 269 269 269 269 269 269 269 269 270 270 270 270 270 270 270 270 269 269 269 269 270 270 270 270 270 271 270 270 270 270 270 270 270 270 269 269 269 269 269 269 269 269 270 270 270 270 270 269 269 269 268 268 268 269 269 270 270 270 270 270 270 270 270 271 271 271 271 271 271 271 271 271 270 270 270 270 270 270 270 270 270 270 270
270 270 270 270 270 270 270 270 270 270 270 270 269 269 269 269 269 269 269 270 270 270 270 270 270 270 270 270 270 270 270 270 270 270 271 270 270 270 270 270 270 270 270 270 270 269 269 269 269 269 269 269 270 270 270 270 270 270 270 269 269 269 269 269 269 269 270 270 270 270 270 270 270 270 270 270 270 270 270 270 270 271 270 270 270 270 270 270 270 270 270 270 270 270
270 270 270 270 270 270 270 270 270 270 270 270 270 270 270 270 270 270 270 270 270 270 270 270 270 270 270 270 270 270 270 270 271 271 271 270 270 269 269 269 269 270 270 270 270 270 269 269 269 269 269 269 270 270 270 270 270 270 270 270 269 269 269 269 269 270 270 270 270 270 270 270 270 270 270 270 270 270 270 270 270 270 270 270 270 270 270 270 270 270 270 270 270 270
270 270 270 270 270 270 270 270 270 270 270 270 270 270 270 270 270 270 270 270 270 270 270 270 270 270 270 270 270 270 270 270 271 271 270 270 270 269 269 269 269 269 270 270 270 270 269 269 269 269 269 270 270 270 269 269 269 269 270 270 270 270 270 270 270 270 270 270 270 270 270 270 270 270 270 270 270 270 270 270 270 270 270 270 270 270 270 270 270 270 270 270 270 270
270 270 270 270 270 270 270 270 270 270 270 270 270 270 271 271 271 271 270 270 270 270 270 270 270 270 270 270 270 270 270 270 270 270 270 270 270 269 269 269 269 270 270 270 270 270 269 269 269 269 269 269 269 269 269 269 269 269 269 270 270 270 270 270 270 270 270 270 270 270 270 270 270 270 270 270 270 270 270 270 270 270 270 271 271 271 270 270 270 270 270 270 270 270
270 270 270 270 270 270 270 270 270 270 270 270 270 271 271 271 271 271 271 270 270 270 270 270 270 270 270 270 270 270 270 270 270 270 270 270 269 269 269 270 270 270 270 270 270 270 270 269 269 269 269 269 269 269 269 269 269 269 270 270 270 270 270 270 270 270 270 270 270 270 270 270 270 270 270 270 270 270 270 270 270 270 270 271 271 271 271 270 270 270 270 270 270 270
270 270 270 270 270 270 270 270 270 270 270 270 271 271 271 271 271 271 271 270 270 270 270 270 270 270 269 269 269 269 269 269 270 269 269 269 269 270 270 270 270 270 270 270 270 270 270 270 270 270 270 269 269 269 269 269 269 270 270 270 270 270 270 270 270 270 270 270 270 270 270 270 270 270 270 270 270 270 270 270 270 270 270 271 271 271 271 271 270 270 270 270 270 270
270 270 270 270 270 270 270 270 270 270 270 270 271 271 271 271 271 271 271 271 270 270 270 270 270 269 269 269 269 269 269 269 269 269 269 269 270 270 270 271 271 271 271 270 270 270 270 270 270 270 270 269 269 269 269 269 270 270 270 270 270 270 270 270 270 270 270 270 270 270 270 270 270 270 270 270 270 270 270 270 270 270 270 271 271 271 271 271 271 270 270 270 270 270
270 270 270 270 270 270 270 270 270 270 270 270 271 271 271 271 271 271 271 271 270 270 270 270 269 269 268 268 268 268 268 268 268 269 269 270 270 271 271 271 271 271 271 271 270 270 270 270 270 270 270 270 269 269 269 269 270 270 270 270 270 270 270 270 270 270 269 270 270 270 270 270 270 270 270 270 270 270 270 270 270 270 270 270 271 271 271 271 271 271 271 271 270 270
270 270 270 270 270 270 270 270 270 270 270 271 271 271 271 271 271 271 271 271 270 270 270 269 269 268 268 267 267 267 267 267 268 268 269 270 271 271 272 272 272 272 272 271 271 271 270 270 270 270 270 270 270 270 269 269 270 270 270 270 270 270 270 270 270 270 269 270 270 270 270 270 270 270 270 270 270 270 270 270 270 270 270 270 270 271 271 271 271 271 271 271 271 270
270 270 270 270 270 270 270 270 270 270 270 270 271 271 271 271 271 271 271 270 270 270 269 268 268 267 266 266 266 265 266 266 267 268 269 270 272 273 273 273 273 273 272 272 272 271 271 271 270 270 270 270 270 270 270 270 269 270 270 270 270 270 270 270 270 270 270 270 270 270 270 270 270 270 270 270 270 270 270 270 270 270 270 270 270 271 271 271 271 271 271 271 271 271
270 270 270 270 270 270 270 270 270 270 270 270 270 270 270 270 270 270 270 270 270 269 268 267 266 265 264 264 264 264 264 265 266 268 270 271 273 274 274 274 274 274 273 273 273 272 272 271 271 271 271 271 270 270 270 270 270 269 269 270 270 270 270 270 270 270 270 270 270 270 270 270 270 270 270 270 270 270 270 270 270 270 270 270 270 271 271 271 271 271 271 271 271 271
270 270 270 270 270 269 269 270 270 270 270 270 270 270 270 270 270 270 270 270 269 268 267 266 265 263 262 262 261 261 262 264 265 268 270 273 274 275 276 275 275 275 274 274 274 273 272 272 271 271 271 271 271 271 270 270 270 269 269 270 270 270 270 270 270 270 270 270 270 270 270 270 270 270 271 271 271 270 270 270 270 270 270 270 270 271 271 271 271 271 271 271 271 271
270 270 270 270 269 269 269 269 270 270 270 270 270 270 270 270 270 270 270 269 268 267 266 264 263 261 260 259 259 259 260 262 265 267 271 274 276 277 277 277 276 275 275 275 275 274 273 272 272 271 271 271 271 271 271 270 270 269 269 270 270 270 270 270 270 270 270 270 270 271 271 271 271 271 271 271 271 271 271 270 270 270 270 271 271 271 271 271 271 271 271 271 271 271
270 270 270 270 269 269 269 269 270 270 270 270 270 270 270 270 270 270 270 269 268 266 264 262 260 259 257 257 257 258 259 261 263 266 270 274 277 279 280 279 277 276 276 276 276 275 274 273 272 271 271 271 271 271 271 270 270 270 270 270 270 270 270 270 270 270 270 270 271 271 271 271 271 271 271 271 271 271 271 271 271 271 271 271 271 271 271 271 271 271 271 271 271 271
270 270 270 269 269 269 269 269 269 269 270 270 270 270 270 270 270 270 270 268 267 264 262 260 258 256 255 255 255 256 258 260 262 265 269 274 278 281 282 281 278 277 277 277 277 276 275 273 272 272 271 271 271 271 271 270 270 270 270 270 270 270 270 270 270 270 270 270 271 271 271 272 272 271 271 271 271 271 271 271 271 271 271 271 271 271 271 271 271 271 271 271 271 271
270 270 270 269 269 269 269 269 270 269 269 270 270 270 270 270 270 270 269 267 265 263 260 258 256 255 254 254 255 256 258 260 261 264 268 274 278 281 283 283 280 278 278 278 277 277 275 274 272 272 271 271 271 271 271 271 271 271 271 271 271 271 271 270 270 270 270 271 271 271 272 272 272 272 271 271 271 271 271 271 271 271 271 271 271 271 271 271 271 271 271 271 271 271
270 270 270 270 270 270 270 270 270 270 269 270 270 270 270 270 270 269 268 266 264 261 259 256 255 254 254 255 256 257 258 260 262 264 268 273 278 281 284 284 282 280 279 278 277 276 275 274 272 272 271 271 271 271 271 271 271 271 271 271 271 271 271 271 271 271 271 271 271 271 271 272 272 271 271 271 271 271 271 271 271 271 271 271 271 271 271 271 271 271 271 271 271 271
