data/NorthBerwickLaw_45_1_25m_ang.asc
ncols	257
nrows	257
xllcorner	3503625.000000
yllcorner	3730350.000000
cellsize	25.000000
NODATA_value	-1.000000
[rows 110 to 164 of 257, columns 96 to 191 of 257]
46 46 46 46 46 46 46 46 46 46 46 46 46 45 45 45 45 45 45 45 44 44 44 44 44 44 44 44 44 44 44 45 45 45 44 44 44 44 44 44 44 45 45 45 45 45 44 44 44 44 44 44 44 44 44 44 44 44 44 45 45 45 44 44 44 43 43 43 44 44 44 44 44 44 44 44 44 44 44 44 44 44 44 44 44 44 44 44 44 44 44 44 44 44 44 44
46 46 46 46 46 47 47 46 47 46 46 46 46 46 45 46 45 45 45 45 45 44 44 44 44 44 44 44 44 45 45 46 46 46 45 45 44 44 44 45 45 45 45 45 45 45 45 44 44 44 44 44 45 45 44 44 44 44 45 45 45 45 45 44 44 44 44 44 44 44 44 44 44 44 44 44 44 44 44 44 44 44 44 44 44 44 44 44 44 44 44 44 44 45 45 45
46 46 46 46 46 46 46 46 46 46 46 46 46 46 46 46 46 45 45 45 45 44 44 44 44 44 44 44 45 45 46 46 46 46 46 45 45 45 45 45 45 45 45 45 45 45 45 45 45 45 45 45 45 45 45 45 45 45 45 45 45 45 45 45 45 44 44 44 44 44 44 45 45 44 44 44 45 45 45 45 44 44 44 44 44 45 45 45 44 45 45 45 45 45 45 45
46 46 46 46 46 46 46 46 46 46 46 46 46 46 45 46 46 46 45 45 45 44 44 44 44 44 45 45 45 46 46 47 47 47 46 46 45 45 45 45 45 45 45 45 45 45 45 45 45 45 45 45 45 45 45 45 45 45 45 45 45 45 45 45 45 45 44 44 45 45 45 45 45 45 45 45 45 45 45 45 45 45 45 45 45 45 45 45 45 45 45 45 45 45 45 45
46 46 46 46 46 46 46 46 46 46 46 46 46 46 45 46 46 46 46 45 45 45 44 44 45 45 45 46 46 47 47 48 48 48 47 47 46 46 46 46 46 46 46 45 45 46 45 45 45 45 45 45 45 45 45 45 45 45 45 45 45 45 45 45 45 45 45 45 45 45 45 45 45 45 45 45 45 45 46 45 45 45 45 45 45 45 45 45 45 45 45 45 45 45 45 45
46 46 46 46 46 46 46 46 46 46 46 46 46 46 46 46 46 46 46 46 45 45 45 45 45 46 46 47 47 48 49 49 49 49 48 48 47 47 47 47 47 46 46 46 46 46 46 46 46 45 45 45 46 45 45 45 45 45 45 46 46 46 46 46 45 45 45 45 45 45 45 46 46 45 45 46 46 46 46 46 46 46 46 46 46 46 46 46 45 45 45 45 45 45 45 45
45 46 46 46 46 45 45 46 46 46 46 46 46 46 46 46 46 46 46 46 46 46 46 46 46 47 48 48 49 50 51 51 51 51 50 50 49 49 48 48 48 47 47 47 47 46 46 46 46 46 45 46 46 46 46 46 45 46 46 46 46 46 46 46 46 46 45 45 46 46 46 46 46 46 46 46 46 46 46 46 46 46 46 46 46 46 46 46 45 45 45 45 45 45 45 45
45 46 46 46 46 46 46 46 46 46 46 46 46 46 46 46 46 47 47 47 46 46 46 47 47 48 49 50 51 52 53 54 54 54 53 52 51 51 50 49 49 48 48 47 47 47 47 47 46 46 46 46 46 46 46 46 46 46 46 46 47 46 46 46 46 46 46 46 46 46 46 46 46 46 46 46 46 46 46 46 46 46 46 46 46 46 46 46 45 45 45 45 45 45 45 45
45 45 46 46 46 46 46 46 46 46 47 47 46 46 46 46 47 47 47 47 47 47 47 47 48 49 50 52 53 54 56 57 57 57 56 55 54 53 52 51 50 50 49 48 48 48 48 47 47 47 46 46 46 46 46 46 46 47 47 47 47 47 47 47 47 46 46 46 46 46 46 46 46 46 46 46 46 46 46 46 46 46 46 46 46 46 46 46 45 45 45 45 45 45 45 45
45 45 45 46 46 46 46 46 46 47 47 47 47 46 46 46 47 47 47 47 47 47 47 48 49 50 51 53 55 57 58 59 60 60 59 58 56 55 54 53 52 51 50 49 49 49 48 48 48 47 47 47 47 47 47 47 47 47 47 48 48 48 47 47 47 47 47 47 47 46 46 46 46 46 46 46 46 46 46 46 46 46 46 46 46 46 45 45 45 45 45 45 45 45 45 45
45 45 45 46 46 46 46 46 46 47 47 47 47 47 46 46 46 46 46 46 46 46 47 48 49 50 52 54 56 58 60 62 63 63 62 60 58 56 55 53 52 51 50 50 49 49 49 49 48 48 48 48 48 48 48 48 48 48 48 48 48 48 48 48 48 48 47 47 47 47 46 46 46 46 46 46 46 46 46 46 45 45 45 45 45 45 45 45 45 45 45 45 45 45 45 45
45 45 45 46 46 46 46 46 46 47 47 47 47 46 46 46 46 46 46 46 46 46 46 47 49 50 52 54 56 59 61 63 65 66 65 63 60 57 55 54 53 52 51 50 49 49 49 49 49 48 48 48 48 48 48 48 48 48 48 48 48 48 48 48 48 47 47 47 47 47 46 46 46 46 46 46 46 45 45 45 45 45 45 45 45 45 45 45 45 45 45 45 45 45 45 45
45 45 45 46 46 46 46 46 46 46 47 47 46 46 46 46 45 45 45 45 45 45 46 47 48 50 51 53 56 58 60 63 66 68 67 64 61 57 54 53 52 51 50 49 48 48 48 48 49 48 48 48 48 48 48 48 48 48 48 48 47 47 47 47 47 47 47 47 46 46 46 46 46 46 45 45 45 45 45 45 45 45 45 45 45 44 44 44 44 44 44 44 44 44 45 45
45 45 45 45 45 46 46 46 46 46 46 46 46 46 46 45 45 44 44 44 44 45 45 46 47 49 50 52 54 56 58 61 64 66 66 63 59 54 52 51 50 49 48 47 47 47 47 47 48 48 48 48 48 47 48 48 48 48 47 47 47 46 46 46 46 46 46 46 46 45 45 45 45 45 45 45 45 45 45 45 45 45 45 44 44 44 44 44 44 44 44 44 44 44 44 44
45 45 45 45 45 45 45 46 46 46 46 46 46 46 45 45 44 44 43 43 43 44 44 45 46 47 48 50 52 53 54 57 60 62 62 59 54 49 46 46 46 46 45 44 44 44 45 46 46 46 47 47 46 46 46 46 46 46 46 46 45 45 45 45 45 45 45 45 45 45 44 44 44 44 45 45 45 45 45 45 45 45 45 44 44 44 44 44 44 44 44 44 44 44 44 44
45 45 45 45 45 45 45 45 45 45 46 46 46 45 45 44 44 43 42 42 42 43 43 43 44 45 46 47 48 49 50 52 55 56 55 51 46 41 39 40 41 41 41 40 41 41 43 44 44 44 45 45 44 44 44 45 45 45 45 44 44 44 44 44 44 44 44 44 44 44 44 44 44 44 44 44 44 44 45 45 45 45 45 44 44 44 44 44 44 44 44 44 44 44 44 44
44 44 44 44 45 45 45 45 45 45 45 45 45 45 45 44 43 42 41 41 41 41 41 42 42 43 43 44 45 45 45 47 49 49 47 43 38 34 32 33 35 36 36 37 37 38 40 41 41 42 42 42 42 42 42 42 43 43 43 43 43 43 43 43 43 43 43 43 43 43 43 43 43 44 44 44 44 44 44 44 44 44 44 44 44 44 44 44 44 44 44 44 44 44 44 45
44 44 44 44 44 44 44 44 45 45 45 45 45 45 45 44 43 41 40 40 39 39 40 39 39 40 41 41 41 42 41 42 44 44 42 38 34 30 28 29 31 33 34 35 35 36 37 38 39 40 40 40 40 40 40 41 41 41 42 42 42 42 42 42 42 43 43 43 43 43 43 43 43 43 44 44 44 44 44 44 44 44 44 44 44 44 44 44 44 44 44 44 45 45 45 45
44 44 44 44 44 44 44 44 44 45 45 45 45 45 44 43 42 40 39 38 37 37 37 37 37 38 38 38 39 39 39 41 42 43 41 37 33 29 28 28 30 32 33 34 34 35 36 37 38 38 39 39 39 39 40 40 40 40 41 41 41 41 42 42 42 42 43 43 43 43 43 43 43 43 43 44 44 44 44 44 44 44 44 44 44 44 44 44 44 44 44 45 45 45 45 45
44 44 44 44 44 44 44 44 44 45 45 45 45 45 44 43 41 39 38 36 36 35 35 36 36 36 37 37 37 38 40 42 43 43 42 39 35 32 31 30 31 32 34 34 35 35 36 37 37 38 39 39 39 39 40 40 40 40 41 41 41 41 42 42 42 42 43 43 43 43 43 43 43 43 43 44 44 44 44 44 44 44 44 44 44 44 44 44 44 44 45 45 45 45 45 45
44 44 44 44 44 44 44 44 45 45 45 45 45 44 44 42 40 38 36 35 34 34 34 35 35 36 36 37 38 40 41 44 45 45 44 41 38 36 34 34 34 35 36 36 36 37 37 38 38 39 40 40 40 40 40 40 41 41 41 41 41 42 42 42 42 43 43 43 43 43 43 43 43 43 43 44 44 44 44 44 44 44 44 44 44 44 44 44 45 45 45 45 45 45 45 45
44 44 44 44 45 45 45 45 45 45 45 45 45 44 43 42 40 38 36 34 33 33 34 35 35 36 37 39 40 42 44 46 47 47 46 44 41 39 38 37 36 37 38 39 39 39 39 40 40 41 41 42 42 42 42 42 42 42 42 42 42 43 43 43 43 43 43 43 44 44 43 43 43 43 44 44 44 44 44 44 44 44 44 44 44 45 45 45 45 45 45 45 46 46 46 46
44 45 45 45 45 45 45 45 45 45 45 45 45 44 43 42 39 37 35 33 33 33 34 35 36 38 39 41 43 45 46 48 49 48 47 46 43 41 40 39 39 39 40 41 41 41 41 42 42 43 43 43 43 43 43 43 43 43 43 43 44 44 44 44 44 44 44 44 44 44 44 44 44 44 44 44 45 45 45 45 45 45 45 45 45 45 45 45 46 46 46 46 46 46 46 46
45 45 45 45 45 45 45 45 45 45 45 45 45 44 43 41 39 37 35 34 33 34 35 36 38 40 42 43 45 47 49 50 51 50 49 47 45 43 42 42 41 41 42 43 43 43 43 43 43 44 44 44 44 44 44 44 44 44 44 44 45 45 45 45 45 45 45 45 45 45 45 45 45 45 45 45 45 45 45 45 45 45 45 45 45 45 46 46 46 46 46 46 46 46 46 46
45 45 45 45 45 45 45 45 45 45 45 45 45 44 43 42 40 38 36 34 34 35 37 38 40 42 44 46 48 49 51 52 52 51 50 48 47 45 43 43 43 43 43 44 44 44 44 44 44 45 45 45 45 45 45 45 45 45 45 45 45 46 46 46 45 45 45 45 45 45 45 45 45 45 45 45 45 46 46 46 46 46 46 46 46 46 46 46 46 46 46 46 46 46 46 46
45 45 45 45 46 46 46 46 46 46 45 45 45 44 43 42 41 39 37 36 36 37 39 41 43 45 46 48 50 51 52 53 53 52 51 49 48 46 45 44 44 44 44 45 45 45 45 45 45 45 46 46 46 46 46 45 45 45 46 46 46 46 46 46 46 46 46 46 46 46 45 45 45 45 45 45 46 46 46 46 46 46 46 46 46 46 46 46 46 46 46 46 46 46 46 46
45 45 46 46 46 46 46 46 46 45 45 45 45 45 44 43 42 40 39 38 38 40 42 44 45 47 49 50 51 52 53 53 53 52 51 50 48 47 46 45 45 45 45 45 45 45 46 46 46 46 46 46 46 46 46 46 46 46 46 46 46 46 46 46 46 46 46 46 46 46 45 45 45 45 45 45 45 45 45 46 45 45 45 45 45 45 45 45 45 45 45 45 45 45 45 45
45 46 46 46 46 46 46 46 45 45 45 45 45 45 44 44 43 42 41 41 41 42 44 46 48 49 51 52 53 54 54 54 53 53 52 50 49 48 47 46 46 46 46 46 46 46 46 46 46 46 46 46 46 46 46 46 46 46 46 46 46 46 46 46 46 46 46 46 45 45 45 45 45 45 45 45 45 45 45 45 45 45 45 45 45 45 45 45 45 45 45 45 45 45 45 45
46 46 46 46 46 46 46 45 45 45 45 45 45 45 45 44 44 43 43 43 44 45 47 48 50 51 52 53 54 54 55 54 54 53 52 51 49 48 48 47 47 47 47 47 47 47 46 46 47 47 47 47 47 46 46 46 46 46 46 46 46 46 46 46 46 46 45 45 45 45 45 45 45 45 45 45 45 45 45 45 45 44 44 44 44 44 44 44 44 44 44 44 44 44 44 44
45 46 46 46 46 46 45 45 45 45 45 45 45 45 45 45 45 44 44 44 45 47 48 50 51 52 54 54 55 55 55 55 54 53 52 51 50 49 48 48 48 48 47 47 47 47 47 47 47 47 47 47 47 46 46 46 46 46 46 46 46 46 46 46 46 45 45 45 45 45 45 45 45 44 44 44 44 44 44 44 44 44 44 44 44 44 44 44 44 44 44 44 44 44 44 44
45 45 46 46 46 45 45 45 45 45 45 45 46 46 46 45 45 45 45 45 46 47 49 50 52 53 54 55 55 55 55 55 54 53 52 51 50 49 49 49 48 48 48 48 48 48 47 47 47 47 47 47 47 47 46 46 46 46 46 46 46 46 46 46 46 45 45 45 45 45 45 45 45 45 45 45 45 44 44 44 44 44 44 44 44 44 44 44 44 44 44 44 44 44 44 44
45 45 45 45 45 45 45 45 45 45 45 45 46 46 46 46 45 45 45 46 47 48 49 50 52 53 54 54 55 55 55 54 54 53 52 51 50 49 49 48 48 48 48 48 48 48 48 48 47 47 47 47 47 46 46 46 46 46 46 46 46 46 46 46 46 45 45 45 45 45 45 45 45 45 45 45 45 45 45 45 44 44 44 44 44 44 44 44 44 44 44 44 44 44 44 44
45 45 45 45 45 45 45 45 45 45 45 45 46 46 46 46 45 45 46 46 47 48 49 50 51 52 53 53 54 54 54 53 53 52 51 50 49 49 48 48 48 48 48 48 48 47 47 47 47 47 47 47 46 46 46 46 46 46 46 46 46 46 46 46 46 46 45 45 45 45 45 45 45 45 45 45 45 45 45 45 45 45 45 45 44 44 44 44 44 44 44 44 44 44 44 44
45 45 45 45 45 45 45 45 45 45 45 45 45 45 45 45 45 45 45 46 46 47 48 49 49 50 51 52 52 52 52 52 51 51 50 49 48 48 47 47 47 47 47 47 47 47 47 47 47 46 46 46 46 46 46 46 45 45 45 45 45 45 45 45 46 46 46 46 45 45 45 45 45 45 45 45 45 45 45 45 45 45 45 45 45 45 45 44 44 44 44 44 44 44 44 44
45 45 45 45 45 45 45 45 45 45 45 45 45 45 45 45 45 45 45 45 46 46 47 47 48 49 49 50 50 50 50 50 50 49 49 48 47 47 46 46 46 46 46 46 46 46 46 46 46 46 46 46 45 45 45 45 45 45 45 45 45 45 45 45 45 45 45 45 45 45 45 45 45 45 45 45 45 45 45 45 45 45 45 45 45 45 45 45 45 44 44 44 44 44 44 44
45 45 45 45 45 45 45 45 44 45 45 45 45 45 45 45 45 45 45 45 45 45 46 46 47 47 48 48 48 48 48 48 48 47 47 47 46 46 46 45 45 45 45 45 45 45 45 45 45 45 45 45 45 45 45 45 45 45 45 45 45 45 45 45 45 45 45 45 45 45 45 45 45 46 46 46 46 46 45 45 45 45 45 45 45 45 45 45 45 45 45 45 45 45 45 45
45 45 45 45 45 45 44 44 44 44 44 45 45 45 45 45 45 45 45 45 45 45 45 45 45 46 46 46 46 47 47 46 46 46 46 46 45 45 45 45 45 45 45 45 45 45 45 45 45 45 44 45 45 45 45 45 45 45 45 45 45 45 45 45 45 45 45 45 45 45 45 45 45 45 46 46 46 46 46 45 45 45 45 45 45 45 45 45 45 45 45 45 45 45 45 45
45 45 45 45 45 44 44 44 44 44 44 44 44 45 45 45 45 44 44 44 44 44 44 44 45 45 45 45 45 45 45 45 45 45 45 45 45 44 44 44 44 44 44 44 44 44 44 44 44 44 44 44 44 44 44 45 45 45 45 45 45 45 45 45 45 45 45 45 45 45 45 45 45 45 45 45 45 45 45 45 45 45 45 45 45 45 45 45 45 45 45 45 45 45 45 45
45 45 45 44 44 44 44 44 44 44 44 44 44 44 44 44 44 44 44 44 44 44 44 44 44 44 44 44 45 45 45 45 44 44 44 44 44 44 44 44 44 44 44 44 44 44 44 44 44 44 44 44 44 44 44 44 44 44 45 45 45 45 45 45 45 45 45 45 45 45 45 45 45 45 45 45 45 45 45 45 45 45 45 45 45 45 45 45 45 45 45 45 45 45 45 45
45 45 44 44 44 44 44 44 44 44 44 44 44 44 44 44 44 44 44 44 44 44 44 44 44 44 44 44 44 44 44 44 44 44 44 44 44 44 44 44 44 44 44 44 44 44 44 44 44 44 44 44 44 44 44 44 44 44 44 45 45 45 45 45 45 45 45 45 45 45 45 45 45 45 45 45 45 45 45 45 45 45 45 45 45 45 45 45 45 45 45 45 45 45 45 45
45 45 44 44 44 44 44 44 44 44 44 44 44 44 44 44 44 44 44 44 44 44 44 44 44 44 44 44 44 44 44 44 44 44 44 44 44 44 44 44 44 44 44 44 44 44 44 44 44 44 44 44 44 44 44 44 44 44 44 44 45 45 45 45 45 45 45 45 45 45 45 45 45 45 45 45 45 45 45 45 45 45 45 45 45 45 45 45 45 45 45 45 45 45 45 45
45 45 45 45 44 44 44 44 44 44 44 44 44 44 44 44 44 44 44 44 44 44 44 44 44 44 44 44 44 44 44 44 44 44 44 44 44 44 44 44 44 44 44 44 44 44 44 44 44 44 44 44 44 44 44 44 44 44 44 44 44 45 45 45 45 45 45 45 45 45 45 45 45 45 45 45 45 45 45 45 45 45 45 45 45 45 45 45 45 45 45 45 45 45 45 45
45 45 45 45 44 44 44 44 44 44 44 44 45 45 45 45 45 45 45 45 44 44 44 44 44 44 45 45 45 45 45 44 44 44 44 44 44 44 44 44 44 44 44 44 44 44 45 45 44 44 44 44 44 44 44 44 44 44 44 44 44 45 45 45 45 45 44 44 44 44 45 45 45 45 45 45 44 45 45 45 45 45 45 45 45 45 45 45 45 44 44 44 44 45 45 45
45 45 45 45 45 44 44 44 44 44 45 45 45 45 45 45 45 45 45 45 45 45 45 45 45 45 45 45 45 45 45 45 45 44 44 44 44 44 44 44 44 44 44 44 44 44 45 45 45 44 44 44 44 44 44 44 44 44 44 44 44 45 45 45 45 44 44 44 44 44 44 45 45 45 44 44 44 44 45 45 45 45 45 45 45 45 45 45 45 44 44 44 44 44 45 45
45 45 45 45 45 45 45 45 45 45 45 45 45 45 45 45 45 45 45 45 45 45 45 45 45 45 45 45 45 45 45 45 45 45 45 45 44 44 44 44 44 44 44 44 44 44 45 45 45 44 44 44 44 44 44 44 44 44 44 44 44 45 45 45 45 45 44 44 44 44 44 45 45 44 44 44 44 44 45 45 45 45 45 45 45 45 45 45 45 44 44 44 44 44 45 45
45 45 45 45 45 45 45 45 45 45 45 45 45 45 45 45 45 45 45 45 45 45 45 45 45 45 45 45 45 45 45 45 45 45 45 45 45 45 45 45 45 45 45 45 44 45 45 45 45 45 44 44 44 44 44 44 44 44 44 44 44 45 45 45 45 45 45 44 44 45 45 45 45 45 44 44 44 44 45 45 45 45 45 45 45 45 45 45 45 45 45 44 44 44 45 45
45 45 45 45 45 45 45 45 45 45 45 45 45 45 45 45 45 45 45 45 45 45 45 45 45 45 45 45 45 45 45 45 45 45 45 45 45 45 45 45 45 45 45 45 45 45 45 45 45 45 45 44 44 44 44 44 44 44 44 44 44 45 45 45 45 45 45 45 45 45 45 45 45 45 45 45 45 45 45 45 45 45 45 45 45 45 45 45 45 45 45 45 45 45 45 45
45 45 45 45 45 45 45 45 45 45 45 45 45 45 45 45 45 45 45 45 45 45 45 45 45 45 45 45 45 45 45 45 45 45 45 45 45 45 45 45 45 45 45 45 45 45 45 45 45 45 45 44 44 44 44 44 44 44 44 44 45 45 45 45 45 45 45 45 45 45 45 45 45 45 45 45 45 45 45 45 45 45 45 45 45 45 45 45 45 45 45 45 45 45 45 45
45 45 45 45 45 45 45 45 45 45 45 45 46 46 46 46 46 46 46 46 46 46 46 45 45 45 45 45 45 45 45 45 45 45 45 45 45 45 45 45 45 45 45 45 45 45 45 45 45 45 45 45 44 44 44 44 44 44 44 44 45 45 45 45 45 45 45 45 45 45 45 45 45 45 45 45 45 45 45 45 45 45 45 45 45 45 45 45 45 45 45 45 45 45 45 45
45 45 45 45 45 45 45 45 45 45 46 46 46 46 46 46 46 46 46 46 46 46 46 46 45 45 45 45 45 45 45 45 45 45 45 45 45 45 45 45 45 45 45 45 45 45 45 45 45 45 45 45 44 44 44 44 44 44 44 45 45 45 45 45 45 45 45 45 45 45 45 45 45 45 45 45 45 45 45 45 45 45 45 45 45 45 45 45 45 45 45 45 45 45 45 45
45 45 45 45 45 46 46 46 46 46 46 46 46 46 46 46 46 46 46 46 46 46 46 46 45 45 45 45 45 45 45 45 45 45 45 45 45 45 45 45 45 45 45 45 45 45 45 45 45 45 45 45 45 45 45 45 45 45 45 45 45 45 45 45 45 45 45 45 45 45 45 45 45 45 45 45 45 45 45 45 45 45 45 45 45 45 45 45 45 45 45 45 45 45 45 46
46 46 46 46 46 46 46 46 46 46 46 46 46 46 46 46 46 46 46 46 46 46 46 45 45 45 45 45 45 46 46 46 46 45 45 45 45 45 45 45 45 45 45 45 45 45 45 45 45 45 45 45 45 45 45 45 45 45 45 45 45 45 45 45 45 45 45 45 45 45 45 45 45 45 45 45 45 45 45 45 45 45 45 45 45 45 45 45 45 45 45 45 45 45 45 46
46 46 46 46 46 46 46 46 46 46 46 46 46 46 46 46 46 45 45 45 45 45 45 45 45 45 45 45 45 46 46 46 46 45 45 45 45 45 45 45 45 45 45 45 45 45 45 45 45 45 45 45 45 45 45 45 45 45 45 45 45 45 45 45 45 45 45 45 45 45 45 45 45 45 45 45 45 45 45 45 45 45 45 45 45 45 45 45 45 45 45 45 45 45 45 45
46 46 46 46 46 46 45 45 45 45 45 45 45 45 45 45 45 45 45 45 45 45 45 45 45 45 45 45 45 45 46 46 46 45 45 45 45 45 45 45 45 45 45 45 45 45 45 45 45 45 45 45 45 45 45 45 45 45 45 45 45 45 45 45 45 45 45 45 45 45 45 45 45 45 45 45 45 45 45 45 45 45 45 45 45 45 45 45 45 45 45 45 45 45 45 45
45 45 45 45 45 45 45 45 45 45 45 45 45 45 45 45 45 45 45 45 45 45 45 45 45 45 45 45 45 45 45 45 45 45 45 45 45 45 45 45 45 45 45 45 45 45 45 45 45 45 45 45 45 45 45 45 45 45 45 45 45 45 45 45 45 45 45 45 45 45 45 45 45 45 45 45 45 45 45 45 45 45 45 45 45 45 45 45 45 45 45 45 45 45 45 45
