data/NorthBerwickLaw_0_1_25m_ang.asc
ncols	257
nrows	257
xllcorner	3503625.000000
yllcorner	3730350.000000
cellsize	25.000000
NODATA_value	-1.000000
[rows 112 to 167 of 257, columns 96 to 191 of 257]
360 360 360 360 360 360 360 0 0 0 360 360 359 359 359 360 360 360 0 0 0 0 0 0 0 0 0 0 360 360 360 360 360 0 1 1 1 1 1 0 0 0 0 0 0 1 1 1 0 0 1 1 1 1 1 1 1 0 0 0 0 0 0 0 0 0 0 0 0 0 0 0 0 360 360 360 360 360 360 360 360 359 359 359 359 360 360 360 0 0 0 0 360 360 360 360
0 360 360 360 360 360 0 0 0 0 360 359 359 359 359 359 360 360 360 0 0 0 0 0 0 0 0 0 0 0 0 0 0 1 1 1 1 0 0 0 0 0 0 0 0 0 0 0 0 1 1 1 1 1 1 1 0 0 0 0 360 360 0 0 0 0 0 0 0 0 0 0 0 0 0 360 360 360 360 360 359 359 359 359 359 360 360 360 0 0 0 0 0 360 360 360
0 360 360 360 360 360 360 0 0 360 360 359 359 359 359 359 359 360 360 0 0 0 0 0 1 1 1 1 1 1 1 1 1 1 1 0 0 360 360 360 360 360 0 0 0 0 0 0 0 1 1 1 1 1 1 0 0 0 0 360 360 360 0 0 0 0 0 0 0 0 0 0 0 0 0 0 360 360 360 360 360 359 359 359 359 359 360 360 360 0 0 0 0 0 0 360
0 360 360 360 360 360 360 360 360 360 359 359 359 359 359 359 359 360 360 360 0 0 1 1 1 1 1 1 1 1 1 1 1 1 1 0 360 359 359 359 359 360 360 0 0 0 0 0 0 0 1 1 1 1 0 0 0 360 360 360 360 0 0 0 0 0 0 0 360 0 0 0 0 0 0 0 360 360 360 360 360 359 359 359 359 359 359 360 360 360 360 0 0 0 0 360
0 0 0 0 0 0 0 360 360 360 359 359 359 359 359 359 359 360 360 0 0 1 1 1 2 2 2 3 2 2 2 2 1 1 0 360 359 359 358 359 359 359 359 360 360 360 0 0 0 0 0 1 1 1 0 0 360 360 360 360 360 0 0 0 1 0 0 0 360 360 0 0 0 0 0 0 0 360 360 360 360 360 359 359 359 359 359 359 359 359 360 360 360 0 0 360
360 0 0 0 0 0 0 360 360 359 359 359 359 359 359 359 359 360 360 0 1 1 2 2 3 3 4 4 4 4 3 2 2 0 359 358 358 358 357 358 358 358 359 359 359 360 360 360 360 360 0 0 0 0 0 0 0 360 360 360 0 0 0 0 1 0 0 0 360 360 0 0 0 0 0 0 0 360 360 360 360 360 360 359 359 359 359 359 359 359 359 359 360 360 360 360
0 0 0 0 0 0 0 360 360 360 360 360 360 360 360 360 360 360 0 1 1 2 3 4 4 5 6 6 6 5 5 3 2 360 358 357 356 356 356 356 357 357 358 358 358 359 359 359 360 360 360 360 0 0 0 0 0 0 0 0 0 0 0 0 0 0 0 0 360 360 360 0 0 0 0 360 360 360 360 360 360 360 360 359 359 359 359 359 359 359 359 359 359 359 360 360
0 0 0 0 0 0 0 360 360 360 360 360 360 360 360 360 360 0 1 1 2 3 4 5 6 7 8 9 9 8 6 4 1 358 356 355 354 354 354 355 355 356 356 357 358 358 359 359 359 359 359 359 360 0 0 0 0 0 0 0 0 0 0 0 0 0 0 360 360 360 360 360 360 360 360 360 360 360 360 360 360 360 360 359 359 359 359 359 359 359 359 359 359 359 359 359
0 0 0 1 1 0 0 0 360 360 0 0 0 360 360 360 0 1 1 2 3 5 6 8 9 10 11 12 12 11 8 5 1 357 354 353 352 352 353 353 353 354 355 356 356 357 358 358 359 359 359 359 359 360 0 0 0 0 0 0 0 0 0 0 0 360 360 360 360 360 359 359 359 359 359 359 360 360 360 360 360 360 359 359 359 359 359 359 359 359 359 359 359 359 359 359
0 0 1 1 1 1 0 0 0 0 0 0 0 360 360 360 0 1 2 3 5 6 8 10 12 13 15 15 15 13 10 6 0 355 351 350 349 350 351 351 352 352 353 354 355 356 357 358 358 358 359 359 359 360 0 0 0 0 0 0 0 0 0 0 360 360 360 359 359 359 359 359 359 359 359 359 359 360 360 360 360 359 359 359 359 359 359 359 359 359 359 359 359 358 359 359
0 0 1 1 1 1 1 0 0 0 0 0 0 360 360 360 0 1 3 4 6 8 10 12 15 16 17 17 16 15 12 8 1 354 349 346 346 347 349 350 350 351 352 353 354 356 357 358 358 358 358 359 359 359 360 360 360 360 360 360 360 0 0 360 360 360 359 359 359 359 359 359 359 359 359 359 359 359 359 359 359 359 359 359 359 359 359 359 359 359 359 359 358 358 358 358
0 1 1 1 1 1 1 1 1 1 0 0 0 360 360 0 1 2 4 6 8 10 12 15 16 18 18 18 17 15 12 8 2 354 348 345 344 345 347 348 349 350 351 352 354 355 357 357 358 358 359 359 359 359 359 359 359 359 359 359 360 360 360 360 360 360 359 359 359 358 358 358 359 359 359 359 359 359 359 359 359 359 359 359 359 359 359 359 359 359 359 359 358 358 358 358
0 1 1 1 1 1 1 1 1 1 0 0 0 360 360 0 1 3 5 7 10 12 14 16 17 17 17 17 15 14 11 7 2 355 349 345 344 345 346 347 349 350 351 352 354 355 356 357 358 359 359 359 359 359 359 359 359 359 359 359 359 359 360 360 360 359 359 359 358 358 358 358 359 359 359 359 359 359 359 359 359 359 359 359 359 359 359 359 359 359 359 359 358 358 358 358
0 0 0 0 0 0 0 0 1 1 0 0 0 0 0 1 2 4 6 8 11 13 14 15 16 16 15 14 13 11 8 6 1 356 351 348 346 346 347 348 350 351 353 354 355 356 357 358 358 359 359 359 359 358 358 359 359 359 359 359 359 359 359 359 359 359 359 359 359 359 359 359 359 359 359 359 359 359 359 359 359 359 359 359 359 359 359 359 359 359 359 359 359 359 359 359
0 0 0 0 0 0 0 0 0 1 1 0 0 1 1 2 3 5 7 9 11 13 14 14 14 13 12 10 9 7 5 3 0 357 354 351 350 349 349 350 352 354 355 356 356 357 357 358 359 359 359 359 359 358 358 358 359 359 359 359 359 359 359 359 359 359 359 359 359 359 359 359 359 359 359 359 359 359 359 359 359 359 359 359 359 359 359 359 359 359 359 359 359 359 359 359
0 0 0 0 0 0 0 0 0 1 1 1 1 1 2 3 4 5 7 9 10 11 12 11 10 9 8 6 5 3 1 360 359 358 357 356 354 353 353 353 355 356 357 358 358 358 358 358 359 359 359 359 359 359 359 359 359 359 359 360 359 359 359 359 359 359 359 359 359 360 360 360 359 359 359 359 359 359 359 359 359 359 359 359 359 359 359 359 359 359 359 359 359 359 359 359
0 0 0 0 0 0 0 0 0 0 1 1 1 2 3 3 4 5 7 8 8 9 9 8 7 5 4 2 1 360 358 358 358 359 360 359 359 358 357 357 358 359 360 360 360 359 359 359 359 359 359 359 359 359 359 359 359 360 360 360 360 360 360 359 359 359 360 360 360 0 360 360 360 360 360 359 359 359 359 359 359 359 359 359 359 359 359 359 359 359 359 359 359 359 359 359
360 360 0 0 0 0 0 0 0 1 1 1 2 3 3 4 4 5 6 6 6 6 6 5 3 1 360 358 357 356 356 356 358 360 1 2 3 2 2 1 1 2 2 2 1 0 360 360 360 360 360 360 360 360 360 360 360 360 0 0 0 0 360 360 360 360 360 0 0 0 0 0 360 360 360 360 360 359 359 359 359 359 359 359 359 359 359 359 359 359 360 360 360 360 360 360
360 360 360 0 0 0 0 0 0 1 1 2 2 3 4 4 4 4 4 4 4 3 3 1 360 358 356 355 355 355 355 356 357 360 3 5 6 6 5 5 4 4 3 3 2 2 1 0 0 0 0 0 0 0 360 360 360 0 0 1 1 1 0 0 0 0 0 1 1 1 0 0 0 360 360 360 360 360 359 359 359 359 359 359 359 359 359 360 360 360 360 360 360 360 360 360
360 360 360 360 0 0 0 0 1 1 1 2 2 3 3 4 3 3 3 2 2 1 360 358 356 355 354 353 353 354 354 356 358 1 4 6 8 8 7 7 6 5 5 4 3 2 2 1 1 1 0 0 0 0 0 0 0 0 1 1 1 1 1 1 1 1 1 1 1 1 0 0 0 0 360 360 360 360 360 360 359 359 359 359 359 359 360 360 360 0 0 0 0 0 0 0
360 360 360 360 360 0 0 0 1 1 1 2 2 3 3 3 2 2 1 0 360 359 357 355 354 353 352 352 352 353 354 356 359 2 5 8 9 9 9 8 7 6 5 4 4 3 2 2 1 1 1 0 0 0 0 0 0 0 1 1 1 1 1 1 1 1 1 1 1 1 1 0 0 0 0 360 360 360 360 360 360 360 360 360 360 360 360 0 0 0 0 0 0 1 1 0
360 360 360 360 360 360 0 0 1 1 1 2 2 2 2 2 1 1 360 359 357 356 355 353 353 352 352 352 352 353 354 356 360 3 6 9 10 10 9 9 8 6 5 5 4 3 2 2 1 1 1 1 0 0 0 0 1 1 1 1 1 1 1 1 1 1 1 1 1 1 1 1 0 0 0 0 0 0 0 360 360 360 360 360 360 360 0 0 0 0 1 1 1 1 1 1
360 360 360 360 360 360 0 0 1 1 1 2 2 1 1 1 0 359 358 357 356 354 353 352 352 351 352 352 352 353 355 357 1 4 7 9 10 10 10 9 8 6 5 5 4 3 2 2 1 1 1 1 1 1 1 1 1 1 1 1 1 1 1 1 1 1 1 1 1 1 1 1 0 0 0 0 0 0 0 0 0 0 0 0 0 0 0 0 0 0 1 1 1 1 1 1
360 360 360 360 360 360 0 0 1 1 1 1 1 1 0 360 359 358 357 356 354 353 352 351 351 351 352 352 353 355 356 359 2 5 7 9 10 10 10 9 8 6 5 4 4 3 2 2 1 1 1 1 1 1 1 1 1 1 1 1 1 1 1 1 1 1 1 1 1 1 1 1 0 0 0 0 0 0 0 0 0 0 0 0 0 0 0 0 0 1 1 1 1 1 1 1
360 360 360 360 360 360 0 0 1 1 1 1 1 0 360 359 359 357 356 355 353 352 351 351 351 351 352 353 354 356 358 0 3 6 8 9 10 10 9 8 7 6 5 4 3 3 2 2 1 1 1 1 1 1 1 1 1 1 1 1 1 1 1 1 1 1 1 1 1 1 1 1 0 0 0 0 0 0 0 0 1 1 1 0 0 0 0 0 0 0 1 1 1 1 1 1
360 360 360 360 360 360 0 0 0 0 1 1 0 0 360 359 358 357 356 354 353 351 351 350 351 351 352 353 355 357 359 2 4 6 8 9 9 9 8 7 6 5 4 4 3 3 2 2 1 1 1 1 1 1 1 1 1 1 1 1 1 0 0 0 0 0 1 1 1 1 0 0 0 0 0 0 0 0 0 1 1 1 1 1 0 0 0 0 0 0 1 1 1 1 1 1
360 360 360 360 360 360 360 0 0 0 0 0 0 0 360 359 358 357 356 354 353 352 351 351 351 351 352 354 356 358 0 2 4 6 7 8 8 8 7 7 6 5 4 3 3 2 2 1 1 1 1 1 1 1 1 1 0 0 0 0 0 0 0 0 0 0 0 0 0 0 0 0 0 0 0 0 0 0 0 1 1 1 1 1 0 0 0 0 0 0 0 0 1 1 1 1
0 0 0 360 360 360 360 360 360 0 0 0 0 0 360 359 359 358 356 355 354 352 351 351 351 352 353 355 357 358 1 3 4 6 7 7 7 7 6 6 5 4 3 3 2 2 1 1 1 1 1 1 1 1 1 0 0 0 0 0 360 360 360 360 360 360 360 360 360 360 360 360 0 0 0 0 0 0 0 1 1 1 1 1 1 0 0 0 0 0 0 0 0 1 1 1
0 0 0 360 360 360 360 360 360 360 0 0 0 0 0 360 359 358 357 356 355 353 353 352 353 353 354 356 357 359 1 3 4 5 6 7 6 6 6 5 4 3 3 2 2 1 1 1 1 1 0 0 0 0 0 0 0 360 360 360 360 360 360 360 359 359 359 360 360 360 360 360 360 0 0 0 0 0 0 1 1 1 1 1 1 1 1 0 0 0 0 0 0 0 1 1
0 0 360 360 360 360 360 360 360 360 0 0 0 0 0 0 360 359 358 357 356 355 354 354 354 355 355 356 358 359 1 2 4 5 5 5 5 5 5 4 3 3 2 2 1 1 1 0 0 0 0 0 0 0 0 360 360 360 360 359 359 359 359 359 359 359 359 359 359 359 360 360 360 360 0 0 0 0 0 0 0 1 1 1 1 1 1 0 0 0 0 0 0 0 0 0
0 0 360 360 360 360 360 360 360 360 0 0 0 0 0 0 360 359 359 358 357 357 356 356 356 356 357 357 358 360 1 2 3 4 4 4 4 4 4 3 3 2 2 1 1 1 0 360 360 360 360 360 360 360 360 360 360 359 359 359 359 359 359 359 359 359 359 359 359 359 359 360 360 360 0 0 0 0 0 0 0 0 1 1 1 1 1 0 0 0 0 0 0 0 0 0
0 360 360 360 360 360 360 360 360 360 0 0 0 0 0 0 0 360 359 359 358 358 358 357 357 357 358 358 359 360 1 1 2 2 3 3 3 3 3 2 2 2 2 1 1 0 360 360 360 359 360 360 360 360 360 360 359 359 359 359 359 359 359 359 359 359 359 359 359 359 359 360 360 360 0 0 0 0 0 0 0 0 0 1 1 1 0 0 0 0 0 0 0 0 0 0
360 360 360 360 360 360 360 360 360 0 0 0 0 0 0 0 0 360 360 359 359 359 359 359 359 359 359 359 360 0 0 1 1 2 2 2 2 2 2 2 2 1 1 1 1 0 360 360 359 359 359 359 359 359 359 359 359 359 359 359 359 359 359 359 359 359 359 359 359 359 359 360 360 360 360 0 0 0 0 0 0 0 0 0 0 0 0 0 0 0 0 360 360 360 360 360
360 360 360 360 360 360 360 360 360 0 0 0 0 0 0 0 0 0 360 360 360 360 360 360 360 360 360 360 0 0 0 1 1 1 1 1 1 1 1 1 1 1 1 1 1 0 360 360 359 359 359 359 359 359 359 359 359 359 359 359 359 359 359 359 359 359 359 359 359 359 359 360 360 360 360 360 0 0 0 0 0 0 0 0 0 0 0 0 0 0 360 360 360 360 360 360
360 360 360 360 360 360 360 360 0 0 0 0 0 0 0 0 0 0 360 360 360 360 360 360 0 0 0 0 0 0 0 0 1 1 1 1 1 1 1 1 1 1 1 1 0 0 360 360 360 359 359 359 359 359 359 359 359 359 359 359 359 359 359 359 359 359 359 359 359 360 360 360 360 360 360 360 360 360 0 0 0 0 0 0 0 0 0 0 0 360 360 360 360 360 360 360
360 360 360 360 360 360 360 0 0 0 360 360 360 360 360 360 360 360 360 360 360 360 0 0 0 0 1 0 0 0 0 0 1 1 1 1 1 1 1 0 0 0 0 0 0 0 0 360 360 360 360 360 359 359 359 359 359 359 359 359 359 359 359 359 359 359 359 359 360 360 360 360 360 360 360 360 360 360 360 0 0 0 0 0 0 0 0 0 0 360 360 360 360 360 360 360
360 360 360 360 360 360 360 0 360 360 360 360 360 360 360 360 360 360 360 360 360 360 360 0 0 0 0 1 0 0 1 1 1 1 1 1 1 1 0 0 0 0 0 0 0 0 0 0 0 360 360 360 360 360 359 359 359 359 359 359 359 359 359 359 359 359 359 360 360 360 360 360 360 360 360 360 360 360 360 360 360 360 360 0 0 0 0 360 360 360 360 360 360 360 360 360
360 360 360 360 360 360 0 360 360 360 360 360 360 360 360 360 360 360 360 360 360 360 360 360 0 0 0 0 1 1 1 1 1 1 1 1 1 1 1 0 0 0 0 0 0 0 0 0 0 0 0 360 360 360 360 359 359 359 359 360 360 360 360 359 359 359 360 360 360 360 360 360 360 360 360 360 360 360 360 360 360 360 360 0 0 0 360 360 360 360 360 360 0 360 360 360
359 360 360 360 360 0 0 360 360 360 360 360 360 360 360 360 360 360 360 360 360 360 360 360 360 360 0 0 1 1 1 1 1 1 1 1 1 1 1 0 0 0 0 0 0 0 0 0 0 0 0 0 360 360 360 360 360 360 360 360 360 360 360 360 360 360 360 360 360 360 360 360 360 359 359 360 360 360 360 360 360 360 360 360 0 0 360 360 0 0 0 0 0 0 360 360
359 360 360 360 360 0 360 360 360 360 360 359 359 359 360 360 360 360 360 360 360 360 360 360 360 360 0 0 0 1 1 1 1 1 1 1 1 1 1 1 0 0 0 0 0 0 0 0 0 0 0 0 360 360 360 360 360 360 360 360 360 360 360 360 360 360 360 360 360 360 360 360 360 359 359 360 360 360 360 360 360 360 360 360 360 360 0 0 0 0 0 0 0 0 0 0
359 360 360 360 360 360 360 360 360 360 360 359 359 359 359 360 360 360 360 360 360 360 360 360 360 360 360 0 0 1 1 1 1 1 1 1 1 1 1 1 0 0 0 0 0 0 0 0 0 0 0 0 0 0 360 360 360 360 360 360 360 360 360 360 360 360 360 360 360 360 360 360 360 360 360 360 360 360 360 360 360 360 360 360 360 360 0 0 0 0 0 0 0 0 0 0
359 360 360 360 360 360 360 360 360 360 359 359 359 359 359 360 360 360 360 360 360 360 360 360 360 360 360 0 0 0 0 1 1 1 1 1 1 1 1 0 0 0 0 0 0 0 0 0 0 0 0 0 0 0 0 0 0 0 0 360 360 360 360 360 360 360 360 360 360 360 360 360 360 360 360 360 360 360 360 360 360 360 360 360 360 360 0 0 0 0 0 0 0 0 0 0
359 360 360 360 360 360 360 360 360 359 359 359 359 359 359 359 360 360 360 360 360 360 360 360 360 360 360 0 0 0 0 0 0 1 1 1 1 1 0 0 0 0 0 0 0 0 0 0 0 0 0 0 0 0 0 0 0 0 0 360 360 360 360 360 360 360 360 360 360 360 360 360 360 360 360 360 360 360 360 360 360 360 360 360 360 360 360 0 0 0 0 0 0 0 0 0
359 360 360 360 360 360 360 360 359 359 359 359 359 359 359 360 360 360 360 360 360 360 360 360 360 360 360 0 0 0 0 0 0 0 0 0 1 1 0 0 0 0 0 0 0 0 0 0 0 0 0 0 0 0 0 0 0 0 0 0 360 360 360 360 360 360 360 360 360 360 360 360 360 360 360 360 360 360 360 360 360 360 360 360 360 360 360 0 0 0 0 0 0 0 0 0
360 360 360 360 360 360 359 359 359 359 359 359 359 359 360 360 360 360 360 360 360 360 360 360 360 360 360 360 0 0 0 0 0 0 0 0 0 0 0 0 0 0 0 0 0 0 0 0 0 0 0 0 0 0 0 0 0 0 0 0 0 360 360 360 360 360 360 360 360 360 360 360 360 360 360 360 360 360 360 360 360 360 360 360 360 360 360 0 0 0 0 0 0 0 0 0
360 360 360 360 360 360 359 359 359 359 359 359 360 360 360 360 360 360 360 360 360 360 360 360 360 360 360 360 360 0 0 0 0 0 0 0 0 0 0 0 0 0 0 0 0 0 0 0 0 0 0 0 0 0 0 0 0 0 0 0 0 0 0 0 0 0 360 360 360 360 360 360 360 360 360 360 0 360 360 360 360 360 360 360 360 360 0 0 0 0 0 0 0 0 0 0
360 360 360 360 360 359 359 359 359 359 360 360 360 360 360 359 359 359 360 360 360 360 360 360 360 360 360 360 360 360 0 0 0 0 0 0 0 0 0 0 0 360 360 360 0 0 0 0 0 0 0 0 0 0 0 0 0 0 0 0 0 0 0 0 0 0 0 0 360 360 360 360 360 360 360 360 0 360 360 360 360 360 360 360 360 0 0 0 0 0 0 0 0 360 360 360
360 360 360 360 360 359 359 359 360 360 360 360 360 360 360 359 359 359 360 360 360 360 360 360 360 360 360 360 360 360 360 0 0 0 0 0 0 0 0 0 360 360 360 360 360 360 0 0 0 0 0 0 0 0 0 0 0 0 0 0 0 0 0 0 0 0 0 0 0 360 360 360 360 360 0 0 360 360 360 360 360 360 360 360 0 0 0 0 0 0 0 0 360 360 360 360
360 360 360 360 360 360 360 360 360 360 360 360 360 360 359 359 359 359 359 360 360 360 360 360 360 360 360 360 360 360 360 360 0 0 0 360 360 360 360 360 360 360 360 360 360 360 360 0 0 0 0 0 0 0 0 0 0 0 0 0 0 0 0 0 0 0 0 0 0 0 0 0 0 0 0 360 360 360 360 360 360 360 0 0 0 0 0 0 0 0 0 0 360 360 360 360
360 360 360 360 360 360 360 360 360 360 360 360 360 360 359 359 359 359 359 359 360 360 360 360 359 359 360 360 360 360 360 360 360 360 360 360 360 360 360 360 360 360 360 360 360 360 360 360 0 0 0 0 0 0 0 0 0 0 0 0 0 0 0 0 0 0 0 0 0 0 0 0 0 0 0 360 360 360 360 360 360 0 0 0 0 0 0 0 0 0 0 0 0 0 0 0
360 360 360 360 360 360 360 360 360 360 360 360 360 359 359 359 359 359 359 359 359 360 360 360 359 359 360 360 360 360 360 360 360 360 360 360 360 359 359 359 360 360 360 360 360 360 360 360 0 0 0 0 0 0 0 0 0 0 0 0 0 0 0 0 0 0 0 0 0 0 0 0 0 0 0 360 360 360 360 360 0 0 0 0 0 0 0 0 0 0 0 0 0 0 0 0
360 360 360 360 360 360 360 360 360 360 359 359 359 359 359 359 359 359 359 359 359 359 359 360 360 360 360 360 360 360 360 360 360 360 360 360 359 359 359 359 360 360 360 360 360 360 360 360 0 0 0 0 0 0 0 0 0 0 0 0 0 0 0 0 0 0 0 0 0 0 0 0 0 0 0 360 360 0 0 0 0 0 0 0 0 0 0 0 0 0 0 0 0 0 0 0
360 360 360 360 360 360 360 360 359 359 359 359 359 359 359 359 359 359 359 359 359 359 359 360 360 360 360 360 360 360 360 360 360 360 360 359 359 359 360 360 360 360 360 360 360 360 360 360 360 0 0 0 0 0 0 0 0 0 0 0 0 0 0 0 0 0 0 0 0 0 0 0 0 0 0 0 0 0 0 0 0 0 0 0 0 0 0 0 0 0 0 0 0 0 0 0
360 360 360 360 360 360 360 359 359 359 359 359 359 359 359 360 360 359 359 359 359 359 359 360 360 360 360 360 360 360 360 360 360 360 359 359 360 360 360 360 360 360 360 360 360 360 360 360 360 360 0 0 0 0 0 0 0 0 0 0 0 0 0 0 1 1 1 1 0 0 0 0 0 0 0 0 0 0 0 0 0 0 0 0 0 0 0 0 0 0 0 0 0 0 0 0
360 360 360 360 360 360 360 359 359 359 359 359 359 359 360 360 360 360 359 359 359 359 360 360 360 360 360 360 360 360 360 360 360 359 359 360 360 360 360 360 360 360 360 360 360 360 360 360 360 360 0 0 0 0 0 0 0 0 0 0 0 0 0 0 1 1 1 1 0 0 0 0 0 0 0 0 0 0 0 0 0 0 0 0 0 0 0 0 0 0 0 0 0 0 0 0
360 360 360 360 360 360 360 360 359 359 359 359 359 359 360 360 360 360 360 359 359 359 360 360 360 360 360 360 360 360 360 360 360 360 360 360 360 360 0 0 0 360 360 360 360 360 360 360 360 360 360 0 0 0 0 0 0 0 0 0 0 0 0 0 0 1 1 0 0 0 0 0 0 0 0 0 0 0 0 1 1 1 0 0 0 0 0 0 0 0 0 0 0 0 0 0
