data/NorthBerwickLaw_270_1_25m_vel.asc
ncols	257
nrows	257
xllcorner	3503625.000000
yllcorner	3730350.000000
cellsize	25.000000
NODATA_value	-1.000000
[rows 114 to 151 of 257, columns 84 to 167 of 257]
2.73 2.72 2.71 2.70 2.69 2.69 2.69 2.69 2.69 2.70 2.71 2.71 2.73 2.74 2.74 2.74 2.73 2.72 2.71 2.72 2.74 2.75 2.76 2.76 2.75 2.73 2.72 2.74 2.75 2.76 2.77 2.74 2.71 2.67 2.65 2.64 2.65 2.66 2.67 2.68 2.70 2.74 2.78 2.79 2.78 2.74 2.69 2.65 2.63 2.65 2.67 2.69 2.70 2.70 2.69 2.69 2.70 2.70 2.70 2.69 2.69 2.68 2.68 2.69 2.70 2.69 2.68 2.68 2.68 2.68 2.71 2.73 2.75 2.75 2.74 2.72 2.69 2.67 2.65 2.65 2.67 2.69 2.71 2.71
2.72 2.71 2.71 2.70 2.70 2.69 2.68 2.68 2.68 2.69 2.70 2.71 2.73 2.74 2.74 2.74 2.73 2.72 2.71 2.72 2.74 2.77 2.78 2.77 2.76 2.73 2.72 2.73 2.74 2.75 2.76 2.74 2.70 2.67 2.64 2.63 2.64 2.65 2.67 2.68 2.71 2.74 2.78 2.79 2.78 2.75 2.70 2.66 2.65 2.66 2.67 2.68 2.69 2.69 2.68 2.68 2.69 2.70 2.70 2.70 2.69 2.68 2.68 2.69 2.70 2.70 2.69 2.69 2.69 2.69 2.71 2.74 2.74 2.74 2.73 2.72 2.69 2.67 2.66 2.66 2.67 2.69 2.70 2.71
2.71 2.71 2.71 2.71 2.70 2.69 2.68 2.67 2.68 2.69 2.70 2.71 2.73 2.74 2.74 2.74 2.73 2.72 2.71 2.72 2.75 2.78 2.79 2.79 2.76 2.73 2.71 2.72 2.73 2.74 2.75 2.73 2.69 2.65 2.63 2.61 2.62 2.64 2.66 2.68 2.72 2.75 2.79 2.81 2.80 2.77 2.72 2.68 2.67 2.67 2.67 2.68 2.68 2.67 2.67 2.67 2.69 2.70 2.70 2.70 2.68 2.67 2.67 2.69 2.70 2.71 2.70 2.70 2.69 2.69 2.71 2.73 2.74 2.73 2.72 2.71 2.69 2.67 2.67 2.67 2.67 2.68 2.69 2.70
2.70 2.70 2.71 2.71 2.70 2.69 2.68 2.67 2.68 2.69 2.70 2.71 2.73 2.74 2.74 2.74 2.73 2.72 2.72 2.73 2.76 2.79 2.80 2.79 2.76 2.73 2.71 2.71 2.72 2.73 2.74 2.71 2.67 2.63 2.60 2.59 2.60 2.62 2.65 2.69 2.73 2.77 2.81 2.83 2.83 2.80 2.76 2.71 2.69 2.68 2.67 2.67 2.66 2.66 2.65 2.66 2.68 2.70 2.70 2.70 2.68 2.66 2.66 2.68 2.70 2.71 2.71 2.71 2.70 2.70 2.71 2.73 2.73 2.73 2.72 2.70 2.69 2.68 2.67 2.67 2.68 2.68 2.69 2.70
2.69 2.70 2.70 2.71 2.70 2.69 2.68 2.67 2.68 2.69 2.70 2.71 2.73 2.74 2.74 2.73 2.73 2.72 2.73 2.74 2.77 2.79 2.80 2.79 2.76 2.73 2.71 2.70 2.72 2.72 2.72 2.69 2.65 2.60 2.58 2.57 2.58 2.61 2.64 2.69 2.74 2.80 2.85 2.87 2.88 2.85 2.80 2.74 2.70 2.68 2.66 2.65 2.65 2.64 2.64 2.64 2.66 2.69 2.69 2.69 2.68 2.66 2.65 2.67 2.69 2.71 2.72 2.71 2.70 2.70 2.72 2.73 2.73 2.72 2.71 2.70 2.69 2.68 2.68 2.68 2.68 2.68 2.68 2.69
2.69 2.69 2.70 2.70 2.70 2.69 2.68 2.68 2.68 2.69 2.70 2.71 2.72 2.73 2.73 2.73 2.73 2.73 2.74 2.75 2.77 2.79 2.80 2.79 2.76 2.74 2.71 2.70 2.71 2.71 2.69 2.66 2.61 2.57 2.54 2.54 2.56 2.59 2.64 2.70 2.77 2.84 2.91 2.95 2.96 2.92 2.86 2.77 2.71 2.67 2.66 2.64 2.63 2.63 2.62 2.62 2.65 2.67 2.68 2.69 2.68 2.65 2.65 2.66 2.68 2.70 2.71 2.72 2.71 2.71 2.72 2.73 2.72 2.72 2.71 2.70 2.69 2.69 2.69 2.68 2.68 2.68 2.67 2.69
2.69 2.69 2.70 2.70 2.70 2.69 2.68 2.68 2.69 2.69 2.69 2.71 2.71 2.72 2.73 2.73 2.73 2.74 2.75 2.76 2.78 2.79 2.80 2.79 2.76 2.74 2.72 2.70 2.70 2.69 2.66 2.62 2.57 2.52 2.50 2.50 2.54 2.58 2.64 2.72 2.80 2.90 2.99 3.05 3.06 3.01 2.91 2.80 2.71 2.66 2.64 2.63 2.62 2.61 2.60 2.60 2.62 2.65 2.67 2.68 2.67 2.65 2.65 2.65 2.67 2.68 2.70 2.71 2.71 2.72 2.73 2.73 2.72 2.72 2.71 2.70 2.69 2.70 2.69 2.69 2.69 2.68 2.67 2.69
2.69 2.69 2.69 2.70 2.69 2.69 2.69 2.69 2.69 2.69 2.69 2.70 2.71 2.71 2.72 2.73 2.74 2.75 2.76 2.77 2.78 2.79 2.80 2.79 2.77 2.75 2.72 2.70 2.68 2.66 2.62 2.57 2.51 2.47 2.45 2.46 2.51 2.56 2.65 2.75 2.86 2.98 3.10 3.18 3.20 3.11 2.97 2.84 2.72 2.64 2.62 2.62 2.62 2.60 2.58 2.57 2.59 2.62 2.65 2.67 2.67 2.65 2.64 2.64 2.65 2.66 2.69 2.71 2.72 2.73 2.73 2.73 2.72 2.71 2.71 2.70 2.70 2.70 2.70 2.69 2.69 2.68 2.68 2.69
2.69 2.69 2.69 2.69 2.69 2.69 2.69 2.69 2.69 2.69 2.69 2.70 2.70 2.71 2.72 2.73 2.74 2.75 2.76 2.77 2.78 2.79 2.80 2.79 2.78 2.75 2.72 2.69 2.65 2.61 2.57 2.51 2.45 2.41 2.39 2.41 2.47 2.55 2.65 2.78 2.92 3.06 3.19 3.31 3.35 3.25 3.06 2.88 2.72 2.59 2.57 2.61 2.63 2.60 2.56 2.54 2.55 2.58 2.62 2.65 2.66 2.65 2.64 2.63 2.63 2.64 2.67 2.70 2.72 2.74 2.74 2.72 2.71 2.71 2.71 2.71 2.71 2.71 2.71 2.70 2.70 2.69 2.68 2.69
2.68 2.68 2.69 2.69 2.69 2.69 2.69 2.69 2.69 2.69 2.69 2.69 2.70 2.70 2.71 2.73 2.74 2.75 2.76 2.77 2.78 2.79 2.80 2.80 2.79 2.76 2.72 2.67 2.61 2.55 2.49 2.43 2.38 2.35 2.33 2.36 2.44 2.53 2.65 2.81 2.97 3.10 3.25 3.42 3.52 3.41 3.17 2.93 2.71 2.53 2.51 2.59 2.64 2.60 2.54 2.49 2.49 2.53 2.58 2.63 2.65 2.65 2.64 2.63 2.61 2.63 2.67 2.70 2.72 2.74 2.74 2.72 2.70 2.71 2.71 2.71 2.72 2.73 2.72 2.71 2.71 2.70 2.68 2.68
2.68 2.68 2.69 2.70 2.70 2.70 2.69 2.69 2.69 2.68 2.68 2.69 2.69 2.70 2.71 2.72 2.74 2.75 2.76 2.77 2.78 2.80 2.81 2.81 2.80 2.77 2.71 2.64 2.56 2.48 2.41 2.35 2.31 2.29 2.29 2.31 2.41 2.52 2.64 2.82 2.99 3.11 3.26 3.47 3.62 3.54 3.26 2.98 2.71 2.49 2.46 2.56 2.62 2.58 2.51 2.45 2.44 2.47 2.54 2.61 2.63 2.64 2.63 2.63 2.61 2.63 2.67 2.70 2.72 2.74 2.74 2.71 2.69 2.70 2.71 2.71 2.72 2.74 2.74 2.73 2.72 2.70 2.68 2.68
2.68 2.68 2.69 2.69 2.70 2.70 2.70 2.69 2.69 2.68 2.68 2.68 2.68 2.70 2.71 2.72 2.74 2.76 2.76 2.77 2.78 2.80 2.81 2.82 2.81 2.77 2.70 2.60 2.50 2.40 2.32 2.26 2.23 2.23 2.25 2.27 2.37 2.51 2.63 2.78 2.96 3.09 3.22 3.45 3.64 3.60 3.33 3.01 2.71 2.47 2.41 2.51 2.57 2.53 2.47 2.41 2.39 2.42 2.51 2.58 2.61 2.63 2.64 2.64 2.62 2.63 2.67 2.70 2.71 2.73 2.74 2.71 2.69 2.70 2.70 2.70 2.73 2.75 2.75 2.74 2.72 2.70 2.67 2.67
2.68 2.68 2.68 2.69 2.69 2.70 2.70 2.69 2.69 2.68 2.68 2.68 2.68 2.69 2.71 2.72 2.74 2.76 2.76 2.76 2.78 2.80 2.82 2.83 2.81 2.77 2.68 2.56 2.44 2.32 2.23 2.18 2.14 2.17 2.21 2.24 2.33 2.49 2.60 2.73 2.91 3.03 3.15 3.37 3.58 3.57 3.33 3.00 2.68 2.42 2.35 2.43 2.48 2.46 2.42 2.38 2.36 2.39 2.48 2.55 2.59 2.62 2.64 2.65 2.64 2.64 2.67 2.69 2.70 2.72 2.73 2.71 2.69 2.69 2.70 2.70 2.73 2.75 2.76 2.75 2.72 2.70 2.67 2.66
2.68 2.68 2.68 2.68 2.69 2.69 2.70 2.70 2.69 2.68 2.68 2.68 2.68 2.69 2.71 2.72 2.74 2.76 2.76 2.76 2.77 2.80 2.82 2.83 2.81 2.76 2.66 2.52 2.38 2.25 2.15 2.10 2.07 2.11 2.18 2.22 2.31 2.47 2.59 2.70 2.86 2.99 3.09 3.29 3.48 3.48 3.28 2.94 2.61 2.37 2.29 2.33 2.37 2.38 2.37 2.36 2.35 2.39 2.46 2.53 2.58 2.61 2.64 2.66 2.66 2.66 2.67 2.68 2.69 2.71 2.72 2.71 2.69 2.70 2.70 2.71 2.73 2.75 2.76 2.75 2.72 2.69 2.67 2.66
2.68 2.68 2.67 2.67 2.68 2.69 2.70 2.70 2.70 2.69 2.68 2.67 2.68 2.69 2.71 2.72 2.74 2.76 2.76 2.76 2.77 2.79 2.81 2.82 2.79 2.73 2.63 2.49 2.33 2.19 2.09 2.03 2.01 2.05 2.14 2.22 2.30 2.47 2.61 2.71 2.86 2.99 3.09 3.25 3.40 3.40 3.23 2.92 2.58 2.34 2.25 2.23 2.26 2.31 2.34 2.36 2.37 2.40 2.45 2.51 2.56 2.61 2.65 2.67 2.67 2.67 2.67 2.67 2.68 2.69 2.71 2.70 2.70 2.71 2.71 2.71 2.73 2.74 2.74 2.74 2.72 2.69 2.68 2.67
2.69 2.68 2.67 2.67 2.67 2.68 2.69 2.70 2.70 2.69 2.68 2.67 2.67 2.69 2.70 2.72 2.74 2.75 2.76 2.76 2.77 2.78 2.80 2.80 2.77 2.71 2.61 2.47 2.31 2.16 2.04 1.99 1.98 2.02 2.13 2.24 2.34 2.51 2.66 2.78 2.91 3.03 3.12 3.25 3.35 3.35 3.21 2.94 2.60 2.35 2.24 2.18 2.20 2.27 2.33 2.37 2.40 2.42 2.46 2.51 2.56 2.61 2.65 2.67 2.68 2.67 2.67 2.67 2.67 2.68 2.69 2.70 2.71 2.72 2.72 2.72 2.73 2.73 2.73 2.72 2.71 2.69 2.68 2.68
2.69 2.68 2.67 2.66 2.66 2.68 2.69 2.70 2.70 2.70 2.68 2.67 2.67 2.69 2.70 2.72 2.73 2.75 2.76 2.76 2.77 2.77 2.78 2.78 2.75 2.68 2.59 2.46 2.30 2.15 2.03 1.97 1.97 2.03 2.14 2.29 2.44 2.60 2.76 2.89 2.99 3.09 3.17 3.27 3.35 3.32 3.19 2.95 2.63 2.39 2.27 2.19 2.19 2.25 2.33 2.39 2.42 2.45 2.48 2.52 2.57 2.61 2.64 2.67 2.68 2.68 2.67 2.67 2.66 2.67 2.67 2.69 2.71 2.73 2.73 2.73 2.73 2.73 2.72 2.71 2.71 2.70 2.69 2.69
2.69 2.68 2.67 2.66 2.66 2.67 2.69 2.70 2.70 2.70 2.68 2.67 2.67 2.68 2.70 2.71 2.73 2.74 2.75 2.76 2.76 2.76 2.76 2.75 2.72 2.66 2.58 2.46 2.31 2.16 2.04 1.98 2.00 2.07 2.20 2.39 2.56 2.72 2.87 2.98 3.06 3.13 3.22 3.31 3.36 3.29 3.14 2.94 2.66 2.43 2.31 2.24 2.21 2.26 2.34 2.40 2.45 2.48 2.50 2.54 2.58 2.61 2.64 2.67 2.68 2.68 2.67 2.66 2.65 2.65 2.66 2.68 2.71 2.73 2.74 2.74 2.73 2.73 2.72 2.71 2.71 2.71 2.70 2.69
2.69 2.68 2.67 2.66 2.66 2.67 2.68 2.70 2.70 2.70 2.69 2.67 2.67 2.68 2.69 2.71 2.72 2.74 2.74 2.75 2.75 2.75 2.74 2.73 2.70 2.65 2.57 2.47 2.33 2.18 2.07 2.02 2.05 2.15 2.30 2.50 2.69 2.83 2.94 3.04 3.12 3.18 3.26 3.33 3.35 3.26 3.10 2.92 2.69 2.46 2.34 2.29 2.25 2.28 2.36 2.43 2.47 2.50 2.53 2.55 2.59 2.62 2.64 2.67 2.68 2.68 2.67 2.66 2.65 2.65 2.66 2.68 2.70 2.72 2.74 2.74 2.73 2.73 2.72 2.72 2.72 2.72 2.71 2.70
2.68 2.68 2.67 2.66 2.66 2.67 2.68 2.69 2.70 2.70 2.69 2.68 2.68 2.68 2.69 2.70 2.72 2.73 2.73 2.74 2.74 2.74 2.73 2.71 2.69 2.64 2.58 2.48 2.35 2.22 2.12 2.08 2.12 2.25 2.42 2.60 2.78 2.91 3.00 3.08 3.16 3.22 3.28 3.32 3.31 3.21 3.05 2.89 2.70 2.50 2.38 2.34 2.30 2.31 2.39 2.46 2.50 2.52 2.55 2.57 2.60 2.63 2.65 2.67 2.68 2.68 2.67 2.66 2.64 2.64 2.66 2.67 2.69 2.71 2.73 2.73 2.73 2.73 2.73 2.73 2.72 2.72 2.72 2.71
2.67 2.67 2.66 2.66 2.66 2.67 2.68 2.69 2.70 2.70 2.69 2.68 2.68 2.68 2.69 2.70 2.71 2.72 2.72 2.72 2.72 2.72 2.72 2.70 2.69 2.65 2.59 2.51 2.39 2.26 2.18 2.16 2.20 2.35 2.52 2.68 2.83 2.95 3.03 3.10 3.18 3.24 3.27 3.27 3.24 3.15 3.00 2.85 2.70 2.53 2.42 2.38 2.35 2.36 2.42 2.49 2.52 2.55 2.57 2.59 2.61 2.64 2.66 2.68 2.68 2.68 2.67 2.65 2.64 2.64 2.66 2.67 2.68 2.70 2.72 2.72 2.73 2.74 2.74 2.73 2.73 2.73 2.72 2.71
2.67 2.66 2.66 2.66 2.67 2.67 2.69 2.70 2.70 2.69 2.69 2.69 2.68 2.69 2.69 2.70 2.70 2.71 2.71 2.71 2.71 2.71 2.71 2.70 2.69 2.66 2.61 2.53 2.42 2.32 2.25 2.24 2.29 2.43 2.59 2.73 2.85 2.97 3.05 3.11 3.18 3.23 3.24 3.23 3.17 3.08 2.95 2.81 2.69 2.56 2.46 2.42 2.41 2.41 2.46 2.52 2.55 2.57 2.59 2.61 2.62 2.65 2.67 2.68 2.68 2.68 2.67 2.65 2.64 2.65 2.66 2.67 2.68 2.69 2.71 2.72 2.72 2.74 2.74 2.74 2.73 2.73 2.73 2.72
2.67 2.66 2.66 2.66 2.67 2.68 2.69 2.70 2.70 2.69 2.69 2.69 2.69 2.69 2.69 2.70 2.70 2.70 2.70 2.69 2.69 2.70 2.70 2.70 2.70 2.68 2.63 2.57 2.47 2.38 2.33 2.32 2.37 2.49 2.64 2.76 2.86 2.96 3.05 3.10 3.15 3.19 3.20 3.17 3.10 3.02 2.91 2.79 2.67 2.57 2.49 2.46 2.46 2.46 2.50 2.54 2.57 2.59 2.61 2.63 2.64 2.66 2.68 2.68 2.68 2.67 2.66 2.65 2.64 2.65 2.66 2.67 2.68 2.69 2.71 2.72 2.72 2.73 2.74 2.74 2.74 2.73 2.73 2.73
2.66 2.66 2.66 2.66 2.68 2.69 2.70 2.70 2.70 2.69 2.69 2.69 2.69 2.69 2.69 2.69 2.69 2.69 2.69 2.69 2.69 2.69 2.70 2.71 2.71 2.70 2.66 2.59 2.51 2.44 2.39 2.40 2.44 2.53 2.66 2.77 2.86 2.95 3.03 3.08 3.11 3.13 3.14 3.11 3.05 2.97 2.88 2.77 2.66 2.58 2.53 2.50 2.50 2.51 2.53 2.57 2.59 2.61 2.63 2.64 2.65 2.67 2.68 2.68 2.68 2.67 2.66 2.65 2.64 2.65 2.66 2.67 2.68 2.69 2.71 2.71 2.72 2.73 2.74 2.74 2.74 2.73 2.73 2.73
2.67 2.66 2.66 2.67 2.68 2.70 2.70 2.71 2.70 2.69 2.68 2.68 2.68 2.69 2.69 2.69 2.69 2.69 2.68 2.68 2.68 2.69 2.70 2.71 2.72 2.71 2.68 2.62 2.56 2.50 2.46 2.46 2.50 2.57 2.67 2.77 2.85 2.93 3.00 3.04 3.06 3.07 3.08 3.06 3.00 2.93 2.84 2.75 2.65 2.59 2.56 2.54 2.53 2.55 2.56 2.58 2.61 2.63 2.64 2.65 2.67 2.67 2.68 2.69 2.68 2.67 2.66 2.65 2.65 2.65 2.66 2.67 2.68 2.69 2.71 2.71 2.72 2.73 2.73 2.74 2.74 2.74 2.73 2.73
2.67 2.66 2.66 2.67 2.69 2.70 2.71 2.71 2.70 2.69 2.68 2.68 2.68 2.69 2.69 2.70 2.70 2.69 2.68 2.68 2.68 2.68 2.70 2.71 2.72 2.72 2.69 2.65 2.60 2.55 2.52 2.52 2.55 2.61 2.68 2.76 2.83 2.89 2.95 2.99 3.01 3.01 3.02 3.00 2.95 2.89 2.81 2.74 2.66 2.61 2.59 2.57 2.57 2.58 2.59 2.60 2.62 2.64 2.65 2.66 2.68 2.68 2.68 2.69 2.68 2.67 2.66 2.66 2.65 2.65 2.66 2.68 2.69 2.70 2.71 2.72 2.72 2.72 2.73 2.74 2.74 2.73 2.73 2.73
2.68 2.67 2.67 2.68 2.69 2.70 2.71 2.71 2.70 2.69 2.68 2.67 2.68 2.69 2.70 2.70 2.70 2.69 2.68 2.67 2.67 2.68 2.70 2.71 2.72 2.72 2.71 2.67 2.63 2.60 2.57 2.57 2.60 2.64 2.69 2.75 2.80 2.85 2.90 2.94 2.95 2.96 2.95 2.94 2.90 2.85 2.79 2.73 2.67 2.62 2.61 2.61 2.60 2.61 2.62 2.62 2.63 2.65 2.66 2.67 2.69 2.69 2.68 2.69 2.68 2.67 2.67 2.66 2.66 2.66 2.66 2.68 2.69 2.70 2.71 2.72 2.72 2.72 2.73 2.73 2.73 2.73 2.73 2.73
2.68 2.68 2.68 2.69 2.69 2.70 2.70 2.70 2.70 2.69 2.68 2.67 2.68 2.69 2.70 2.71 2.71 2.69 2.68 2.67 2.67 2.68 2.69 2.70 2.72 2.72 2.71 2.69 2.66 2.64 2.62 2.62 2.64 2.67 2.70 2.74 2.78 2.82 2.85 2.89 2.90 2.90 2.90 2.88 2.86 2.82 2.77 2.72 2.67 2.64 2.63 2.63 2.64 2.64 2.64 2.64 2.65 2.65 2.66 2.68 2.69 2.69 2.69 2.68 2.68 2.68 2.67 2.67 2.66 2.66 2.67 2.68 2.69 2.71 2.71 2.72 2.72 2.73 2.73 2.73 2.73 2.73 2.73 2.73
2.69 2.69 2.69 2.70 2.70 2.69 2.70 2.70 2.69 2.68 2.68 2.68 2.68 2.69 2.71 2.71 2.71 2.70 2.68 2.66 2.66 2.67 2.68 2.70 2.71 2.72 2.72 2.70 2.69 2.67 2.66 2.66 2.67 2.69 2.70 2.73 2.76 2.79 2.82 2.85 2.86 2.85 2.85 2.84 2.82 2.79 2.75 2.71 2.68 2.65 2.64 2.65 2.66 2.66 2.66 2.66 2.66 2.66 2.67 2.69 2.70 2.69 2.68 2.68 2.68 2.68 2.68 2.67 2.67 2.67 2.68 2.69 2.70 2.71 2.71 2.72 2.73 2.73 2.73 2.73 2.72 2.72 2.72 2.72
2.70 2.69 2.70 2.70 2.70 2.69 2.69 2.69 2.69 2.68 2.68 2.68 2.69 2.70 2.71 2.71 2.71 2.70 2.68 2.66 2.66 2.67 2.67 2.69 2.71 2.72 2.72 2.72 2.71 2.69 2.68 2.69 2.69 2.70 2.71 2.73 2.75 2.77 2.80 2.81 2.82 2.82 2.82 2.81 2.79 2.77 2.74 2.70 2.68 2.66 2.65 2.67 2.68 2.68 2.68 2.68 2.68 2.68 2.69 2.70 2.70 2.69 2.68 2.68 2.68 2.68 2.68 2.68 2.68 2.68 2.69 2.69 2.70 2.71 2.71 2.72 2.73 2.73 2.73 2.73 2.72 2.71 2.71 2.71
2.71 2.70 2.70 2.70 2.70 2.69 2.68 2.68 2.68 2.68 2.68 2.69 2.70 2.70 2.71 2.72 2.71 2.69 2.68 2.66 2.66 2.66 2.67 2.68 2.70 2.71 2.72 2.72 2.72 2.71 2.70 2.70 2.70 2.71 2.72 2.73 2.75 2.76 2.78 2.79 2.79 2.79 2.79 2.79 2.77 2.75 2.73 2.70 2.68 2.67 2.66 2.67 2.68 2.69 2.70 2.70 2.70 2.70 2.70 2.71 2.70 2.69 2.68 2.68 2.67 2.67 2.68 2.68 2.68 2.69 2.69 2.70 2.70 2.71 2.71 2.72 2.72 2.73 2.73 2.72 2.72 2.71 2.71 2.70
2.71 2.71 2.71 2.70 2.70 2.68 2.68 2.68 2.68 2.68 2.68 2.69 2.70 2.71 2.72 2.72 2.71 2.69 2.67 2.66 2.65 2.66 2.67 2.68 2.70 2.71 2.72 2.73 2.73 2.72 2.71 2.71 2.71 2.71 2.72 2.73 2.74 2.75 2.77 2.77 2.77 2.78 2.78 2.77 2.76 2.74 2.72 2.70 2.68 2.67 2.67 2.68 2.68 2.69 2.70 2.71 2.72 2.72 2.72 2.72 2.71 2.69 2.68 2.68 2.67 2.67 2.68 2.69 2.69 2.69 2.70 2.70 2.70 2.71 2.71 2.72 2.72 2.73 2.72 2.72 2.71 2.70 2.70 2.70
2.71 2.71 2.71 2.70 2.69 2.68 2.68 2.67 2.67 2.68 2.68 2.69 2.71 2.72 2.72 2.72 2.70 2.68 2.67 2.66 2.65 2.66 2.67 2.68 2.69 2.71 2.72 2.73 2.73 2.72 2.72 2.71 2.71 2.71 2.72 2.73 2.74 2.75 2.76 2.77 2.77 2.77 2.77 2.76 2.75 2.73 2.71 2.70 2.69 2.68 2.67 2.68 2.68 2.69 2.71 2.72 2.73 2.73 2.73 2.73 2.71 2.69 2.68 2.68 2.68 2.68 2.68 2.69 2.69 2.69 2.70 2.70 2.70 2.70 2.71 2.72 2.72 2.72 2.72 2.72 2.71 2.70 2.69 2.69
2.72 2.71 2.70 2.70 2.69 2.68 2.67 2.67 2.67 2.68 2.69 2.70 2.71 2.72 2.72 2.71 2.70 2.68 2.66 2.65 2.65 2.66 2.67 2.68 2.70 2.71 2.72 2.73 2.72 2.72 2.72 2.71 2.71 2.71 2.72 2.72 2.74 2.75 2.76 2.77 2.78 2.78 2.77 2.76 2.74 2.72 2.71 2.70 2.69 2.69 2.68 2.68 2.68 2.69 2.71 2.73 2.74 2.75 2.74 2.73 2.72 2.70 2.68 2.68 2.68 2.68 2.69 2.69 2.69 2.69 2.70 2.70 2.70 2.70 2.71 2.72 2.72 2.72 2.72 2.71 2.70 2.70 2.69 2.69
2.71 2.71 2.70 2.69 2.68 2.68 2.67 2.67 2.68 2.68 2.69 2.71 2.72 2.72 2.72 2.71 2.69 2.67 2.66 2.65 2.65 2.66 2.67 2.69 2.70 2.71 2.72 2.73 2.72 2.72 2.72 2.71 2.71 2.71 2.71 2.71 2.73 2.74 2.75 2.77 2.78 2.78 2.76 2.75 2.74 2.72 2.71 2.70 2.70 2.69 2.68 2.68 2.69 2.70 2.71 2.73 2.74 2.75 2.75 2.74 2.72 2.70 2.69 2.69 2.68 2.68 2.69 2.70 2.70 2.69 2.70 2.69 2.69 2.70 2.72 2.72 2.72 2.72 2.71 2.70 2.70 2.69 2.69 2.69
2.71 2.70 2.70 2.69 2.68 2.67 2.67 2.67 2.68 2.69 2.70 2.71 2.72 2.72 2.71 2.70 2.69 2.67 2.66 2.66 2.66 2.66 2.67 2.69 2.70 2.71 2.72 2.72 2.72 2.72 2.72 2.71 2.71 2.71 2.71 2.71 2.72 2.74 2.75 2.77 2.78 2.77 2.76 2.75 2.73 2.72 2.71 2.71 2.70 2.69 2.69 2.69 2.69 2.70 2.71 2.73 2.74 2.75 2.75 2.74 2.73 2.71 2.69 2.69 2.69 2.69 2.70 2.70 2.70 2.69 2.69 2.69 2.69 2.71 2.72 2.72 2.72 2.71 2.70 2.70 2.69 2.69 2.69 2.69
2.71 2.70 2.70 2.68 2.68 2.67 2.67 2.68 2.69 2.70 2.70 2.71 2.72 2.72 2.71 2.69 2.68 2.67 2.66 2.66 2.66 2.67 2.68 2.69 2.70 2.71 2.72 2.72 2.72 2.72 2.72 2.71 2.71 2.71 2.70 2.70 2.72 2.73 2.74 2.76 2.77 2.76 2.75 2.75 2.74 2.72 2.71 2.71 2.71 2.70 2.70 2.70 2.70 2.71 2.71 2.73 2.74 2.74 2.75 2.74 2.73 2.71 2.70 2.69 2.69 2.70 2.70 2.71 2.70 2.69 2.69 2.69 2.69 2.71 2.72 2.73 2.72 2.71 2.70 2.69 2.69 2.69 2.70 2.70
2.71 2.71 2.70 2.68 2.68 2.68 2.68 2.69 2.70 2.70 2.71 2.71 2.71 2.71 2.70 2.69 2.68 2.66 2.66 2.66 2.67 2.67 2.68 2.69 2.70 2.71 2.71 2.72 2.72 2.72 2.72 2.72 2.71 2.71 2.70 2.70 2.71 2.72 2.73 2.75 2.76 2.75 2.75 2.74 2.74 2.72 2.72 2.72 2.71 2.70 2.70 2.70 2.71 2.71 2.72 2.73 2.73 2.74 2.74 2.74 2.73 2.72 2.71 2.70 2.70 2.70 2.71 2.71 2.70 2.69 2.68 2.68 2.69 2.71 2.72 2.73 2.72 2.71 2.70 2.69 2.69 2.69 2.70 2.70
